"Clethrionomys_glareolus"	"Apodemus_uralensis"	"Microtus_arvalis"	"Sorex_araneus"	"Crocidura_suaveolens"	"Arvicola_terrestris"	"Cricetus_cricetus"	"Microtus_oeconomus"	"Allocricetulus_eversmanni"	"Micromys_minutus"	"Lagurus_lagurus"	"Sicista_subtilis"	"Ctenophthalmus_wagneri"	"Nosopsyllus_consimilis"	"Megabothris_turbidus"	"Amphipsylla_rossica"	"Nosopsyllus_mokrzeckyi"	"Leptopsylla_taschenbergi"	"Amalaraeus_penicilliger"	"Peromyscopsylla_bidentata"	"Ctenophthalmus_breviatus"	"Palaeopsylla_soricis"	"Corrodopsylla_birulai"	"Megabothris_walkeri"	"Leptopsylla_segnis"	"Hystrichopsylla_talpae"
"Clethrionomys_glareolus"	1.1472645246257	0.122452705968558	0.0430799463249007	0.0136833315277818	0.00241254691305175	0.00169972264831155	0.000871610871248379	0.00101032911742908	0.000325071296965799	0.000267914721417157	0.000148246504595739	0.000117382813371995	0.362993367252681	0.0837343831787607	0.158466798052194	0.030832250659731	0.00380409837618029	0.00316813185935154	0.00865241089515475	0.00158396565009883	0.00343663477918252	0.0014239749116954	0.00128792442160861	0.00454078388459648	0.00191456273319212	0.000827380012240223
"Apodemus_uralensis"	0.124187945602251	1.14793048742702	0.0420116534053906	0.0120883905294422	0.00288383130802797	0.00150530072764734	0.000925191475786761	0.000737835793308892	0.000457183670643417	0.00033671124307183	0.000198473728428812	7.03284223167379e-05	0.310835183916038	0.176492106392376	0.0949433701275962	0.0140917845295778	0.0224789463097779	0.0178838157382888	0.00577819753429325	0.00701865213940832	0.00607868698000518	0.00368443259323731	0.00072014030745855	0.00193403228491059	0.00341924505588273	0.00130807275781636
"Microtus_arvalis"	0.128100803566678	0.123178643837335	1.06211868267634	0.0126201933636441	0.00272829897788383	0.00192301511004943	0.000846440079658092	0.000946714494612532	0.000368037992513997	0.000284609740460944	0.000163161933243735	5.47315609135106e-05	0.31773871954487	0.122222389257722	0.0738876072332394	0.0926940448334011	0.00653442280185642	0.00204659034522748	0.00699029128341976	0.0227626673339912	0.00713470515954776	0.00186378576143759	0.000748841485142252	0.00226528829835867	0.00350875815606652	0.00626855517238632
"Sorex_araneus"	0.126360149504355	0.110071708486563	0.0391929172202319	1.05029232818994	0.00310712328057528	0.00169815703423609	0.000937784708394143	0.000960369057419386	0.000280773628670433	0.000256065654498755	0.000134209820792297	4.17467476572699e-05	0.436364858783164	0.036197182161509	0.0563581093373144	0.0131606844346323	0.00241547174653473	0.00184203638052921	0.00617191452776291	0.00144844756300526	0.00428921040927745	0.0388989754033133	0.0555255010713637	0.00383049866554644	0.000572859899420287	0.00959091628329346
"Crocidura_suaveolens"	0.120589051257142	0.142131685895664	0.0458614066282378	0.0168179212488281	1.00368917416503	0.00115555687819048	0.00113074392070388	0.000763787144289201	0.000537287052974537	0.000401499814148635	0.000234696716780793	2.05226113435478e-05	0.394154269650238	0.198928304879947	0.0277055253137896	0.00770653952723432	0.00305376172363324	0.00233123519017498	0.00173657113275137	0.0176396026708085	0.00136625454706143	0.00110632899163318	0.00891097819845155	0.000794581514018836	0.000672184931811051	0.0005605283951135
"Arvicola_terrestris"	0.133810665488327	0.116848968983624	0.0509118250385587	0.0144767887168626	0.00182000208315	1.01248038644575	0.000697399359403219	0.00173400082709533	0.000211774517198002	0.000191814689279497	0.000100897301619375	4.88098824646005e-05	0.322535832697965	0.0292411479006099	0.0658933413272106	0.0462211321322488	0.00259897833420321	0.00195508660490406	0.0270241125284167	0.00170748378263648	0.127712830942205	0.000962365454886755	0.000842354725695303	0.038785537027214	0.000634074802709922	0.000552388405760869
"Cricetus_cricetus"	0.130700125407674	0.136796168205614	0.0426847640170438	0.0152278374077335	0.00339223176211164	0.00132837973219661	1.00119247178441	0.000891319929485928	0.00049101641070799	0.000388137229584423	0.000219788410073103	2.10930367035329e-05	0.465883277363902	0.150718000346026	0.0284755995497694	0.00764025444850629	0.00294989937691464	0.00225999185176828	0.00176495352568041	0.00166752785826969	0.00136115090692292	0.00103525203741166	0.000892995858015195	0.000828883761003908	0.00066142339372168	0.000527456388754584
"Microtus_oeconomus"	0.151501256704008	0.109094292296386	0.047741459514032	0.0155945642180957	0.0022913614328676	0.00330285871827682	0.000891319929485928	1.00221633197269	0.000259849955504326	0.000240105969833476	0.000124988981334451	7.49436408227035e-05	0.419401307719448	0.0289249390077955	0.10117391511065	0.0561138873485287	0.0024568170232374	0.00185486999951565	0.00187269083688951	0.00160789507692198	0.00155125802032568	0.000987544077696384	0.000913525251516056	0.0486380468637944	0.000626336390318072	0.000543633940030222
"Allocricetulus_eversmanni"	0.113738834905033	0.157728366371979	0.0433058037858136	0.0106382008196242	0.00376100937082176	0.000941220076435563	0.00114570495831864	0.000606316562843428	1.00068537537402	0.000472602502319595	0.000289494469085493	2.04041370363925e-05	0.305735565570104	0.311712257044576	0.0275455849991299	0.00738753555065094	0.00333788019422681	0.00256472952558493	0.001706774742982	0.00179751705043321	0.00136555564715018	0.000916819610756906	0.000645575087555973	0.000749867234566822	0.000698940040652693	0.000502064368296625
"Micromys_minutus"	0.120523351106089	0.149355487105433	0.0430573878783057	0.0124740554548679	0.00361349832733771	0.00109608393873998	0.00116441168875327	0.000720317909500428	0.000607631788696623	1.00043881639323	0.000261612045480537	2.06796969032487e-05	0.369794650287623	0.247314554365156	0.0279175908193857	0.00748862310979308	0.00318268786730194	0.00244283445605827	0.00173004625606137	0.0017455213735678	0.00136379375105928	0.000964192581418809	0.000744543395739662	0.000781473845141657	0.000683933381880287	0.000512221176479808
"Lagurus_lagurus"	0.116707060742995	0.154065231692865	0.0431971218262789	0.0114413872225433	0.00369647328929749	0.00100897301619375	0.00115388915288379	0.000656192152005865	0.00065136255544236	0.00045782107959094	1.00027729590876	2.05246944781421e-05	0.333761415134019	0.28353826212233	0.0277083375454918	0.00743176135777563	0.00326998355119718	0.00251140043266701	0.00171695602995422	0.00177476894180459	0.00136478481761041	0.000937545285421489	0.000688873722386337	0.000763695126693312	0.000692374627439765	0.000506507971876768
"Sicista_subtilis"	0.184819239654207	0.109184875646736	0.0289803615037039	0.00711782047556452	0.000646462257321756	0.000976197649292009	0.000221476885387095	0.000786908228638387	9.18186166637664e-05	7.23789391613703e-05	4.10493889562842e-05	1.0003947440877	0.0861147001437443	0.0284791275410102	0.53290451839771	0.00748434516047832	0.00242473571473015	0.0018933020590027	0.00190764467771597	0.00119251795983348	0.001198467967986	0.000675215858189825	0.000468888491780313	0.000934027192716834	0.000615758762960393	0.000373416738808357
"Ctenophthalmus_wagneri"	0.286842186569308	0.242194039161681	0.0844379683809329	0.0373401296976309	0.00623129711115809	0.00323749894803478	0.00245509380794026	0.00221014490893561	0.0006904943764444	0.000649576550066089	0.000335017731627622	4.32194229077763e-05	1.1719881224185	0.0599446156442271	0.058346220925498	0.0156595872437956	0.00531782752786101	0.00406287719281159	0.00361717522540843	0.00314007192829411	0.00271569470350494	0.00224815271480546	0.00215712287171922	0.00177629231166344	0.00126657181704684	0.00109300080819611
"Nosopsyllus_consimilis"	0.179986056402674	0.37406688760978	0.0883505189241826	0.00842541919254237	0.00855459604603186	0.000798393116740201	0.00216046280359491	0.000414623699087853	0.00191495584532504	0.00118170776829767	0.000774165903405677	3.88793550047921e-05	0.163057538117573	1.07420843284509	0.0524871292564693	0.0140674581873069	0.00776210667692772	0.00598272453785646	0.00325064889440846	0.00395900383892426	0.00274344456693671	0.00150202842688049	0.000598372017826127	0.00127848819510981	0.00150292669271222	0.000933031079310962
"Megabothris_turbidus"	0.369638479308413	0.218369751293471	0.0579607230074078	0.014235640951129	0.00129292451464351	0.00195239529858402	0.000442953770774191	0.00157381645727677	0.000183637233327533	0.000144757878322741	8.20987779125684e-05	0.000789488175404015	0.172229400287489	0.0569582550820204	1.06580903679542	0.0149686903209566	0.0048494714294603	0.0037866041180054	0.00381528935543194	0.00238503591966696	0.002396935935972	0.00135043171637965	0.000937776983560625	0.00186805438543367	0.00123151752592079	0.000746833477616714
"Amphipsylla_rossica"	0.261700154521544	0.117937981035955	0.264590278917983	0.0120964781461176	0.00130865765556809	0.00498341047247965	0.000432467232934318	0.00317625777444502	0.000179212452711209	0.000141294775656473	8.01268070919205e-05	4.03468741804761e-05	0.168203383198182	0.0555493968851876	0.0544682801436427	1.0292830014893	0.00356926180166397	0.00211406613134446	0.00381353127000496	0.00614417781832909	0.00324843967402537	0.00114078475675826	0.000773568640368182	0.00183703360019424	0.0014048283170904	0.00178357960724523
"Nosopsyllus_mokrzeckyi"	0.0887341169377165	0.517015765124891	0.0512589166456737	0.00610130270791364	0.00142508880436218	0.000770067654578728	0.000458873236408943	0.00038217153694804	0.000222525346281788	0.000165028259786027	9.68884015169535e-05	3.59220105885948e-05	0.156974390359453	0.0842332317162897	0.048494714294603	0.00980886021049876	1.01028288010452	0.00809113901619237	0.00299952929869863	0.00383491612945044	0.00300213526789363	0.00172966674689573	0.000375640887879349	0.00104441358432709	0.00167326448550669	0.000788551231121242
"Leptopsylla_taschenbergi"	0.0968587109232816	0.539118911333852	0.0210421279184068	0.0060983922889365	0.00142590113573809	0.000759256933943326	0.000460775037739164	0.000378177378542025	0.000224102579905479	0.000166017875654445	9.7530113889981e-05	3.67631467767515e-05	0.157189957411206	0.0850940917277642	0.0496302481486145	0.00761474305561936	0.0106048909435531	1.0084418603587	0.00298676621144774	0.00332465225696063	0.0029495650171591	0.0017654046278284	0.000379363788676122	0.0010555950803087	0.00165849254610237	0.000637702159398312
"Amalaraeus_penicilliger"	0.324362403676694	0.213586944571197	0.0881276008231133	0.0250550339757994	0.00130242834956353	0.0128686250135317	0.000441238381420102	0.000468172709222378	0.000182868722462357	0.000144170521338447	8.17598109502011e-05	4.54201113741897e-05	0.171600515157769	0.0566928646465285	0.0613171503551561	0.0168430964425219	0.00482067208719423	0.00366234428308473	1.00396408202147	0.00298646712718839	0.00384831857066813	0.00174086331267477	0.00148739718343857	0.00212848366365134	0.00124637138657584	0.000994707095413037
"Peromyscopsylla_bidentata"	0.0631380738248254	0.275859682188137	0.3051349962873	0.00625215973398473	0.0140670249146954	0.000864548750702014	0.000443266899033715	0.000427415147029894	0.000204780423467074	0.000154666450822463	8.98617185723843e-05	3.01903280970501e-05	0.158394767522177	0.0734169699243549	0.0407569429310176	0.0288543034253176	0.00655333768956721	0.00433467319578412	0.00317548403397246	1.00802817777619	0.00327377345857212	0.00130256650040096	0.000471744379046167	0.0010448412250498	0.00169977731376379	0.0020259739581213
"Ctenophthalmus_breviatus"	0.163969135146148	0.28597459201388	0.114479587332744	0.0221609204479335	0.00130415206764955	0.0774017157225485	0.000433093470384565	0.000493582097376351	0.000186212133702298	0.000144644791779014	8.27142313703281e-05	3.6317211151091e-05	0.163970354446473	0.0608961559176104	0.0490282350539728	0.0182601684706578	0.00614073122978243	0.00460310904193011	0.00489785999903216	0.00391860762465451	1.01206273762655	0.0017814185874899	0.00125824040620149	0.00407437086322499	0.00131544687765784	0.00112589718809567
"Palaeopsylla_soricis"	0.0954063190835915	0.243407727702167	0.041994662156647	0.282224481117656	0.00148295162708277	0.000819034429690855	0.000462559420971169	0.000441243098545193	0.000175561202059833	0.000143603150424078	7.97910881209778e-05	2.87325897102053e-05	0.190614650393612	0.0468185456463813	0.0387889961087772	0.00900491797355986	0.00496819171980687	0.00386886546098564	0.00311133017584427	0.002189420287908	0.00250156652711348	1.01109690675985	0.0149546954068723	0.00156163769928349	0.000906487956885351	0.00294712121645434
"Corrodopsylla_birulai"	0.101391850091138	0.05590089136647	0.0198255783191411	0.473354896633375	0.0140347906625612	0.000842354725695303	0.000468822825457977	0.000479600757045929	0.000145254394700094	0.000130295094254441	6.88873722386337e-05	2.34444245890156e-05	0.214903366095028	0.0219153751528819	0.0316499731951711	0.0071748491394149	0.0012677879965928	0.000976861755841014	0.003123534085221	0.000931695148616179	0.00207609667023247	0.017571767103075	1.0251461598754	0.0019039360640935	0.000337985368881472	0.00435394568287999
"Megabothris_walkeri"	0.357473211314858	0.150129256116184	0.0599735076990459	0.0326550011237834	0.00125146588457967	0.038785537027214	0.000435163974527052	0.0255349746034921	0.000168720127777535	0.00013675792289979	7.63695126693312e-05	4.67013596358417e-05	0.176963121549471	0.0468246301458966	0.0630468355083863	0.0170384866418016	0.00352489584710394	0.00271815733179489	0.00446981569366782	0.00206356141947336	0.00672271192432123	0.0018349242966581	0.0019039360640935	1.00432582277969	0.00103495687138005	0.000861477259591607
"Leptopsylla_segnis"	0.194482517639419	0.342475996726319	0.119863706041111	0.00630145889362316	0.00136605324851923	0.000818161035754738	0.00044806100865017	0.000424292393441274	0.000202918076318524	0.000154436570102	8.9338661605131e-05	3.97263718038963e-05	0.162815764223602	0.0710254066072066	0.05363060193526	0.016812622762598	0.00728679695301298	0.00551047523382399	0.00337726440233454	0.00433169057378515	0.00280062883630379	0.00137435270882618	0.000436110153395447	0.00133542822113555	1.00152413252826	0.00107205819379222
"Hystrichopsylla_talpae"	0.104216786341779	0.162462636520792	0.265535997102284	0.130820098104123	0.00141253155568602	0.00088382144921739	0.000443063366553851	0.000456652509625386	0.000180743172586785	0.000143421929414346	8.10412755002828e-05	2.98733391046685e-05	0.17422432882646	0.0546756212476224	0.0403290077913025	0.0264683213715192	0.00425817664805471	0.00262733289672104	0.0033422158405878	0.0064020777076633	0.00297236857657258	0.00554058788693416	0.00696631309260798	0.00137836361534657	0.00132935216030236	1.00281926567164
