"Microtus_oeconomus"	"Sorex_arcticus"	"Clethrionomys_rutilus"	"Sorex_caecutiens"	"Sorex_roboratus"	"Neomys_fodiens"	"Lemmus_sibiricus"	"Clethrionomys_rufocanus"	"Arvicola_terrestris"	"Microtus_middendorffi"	"Sorex_minutus"	"Corrodopsylla_birulai"	"Peromyscopsylla_bidentata"	"Megabothris_rectangulatus"	"Amphipsylla_sibirica"	"Amalaraeus_penicilliger"	"Catallagia_dacenkoi"	"Megabothris_calcarifer"	"Catallagia_ioffi"	"Rhadinopsylla_integella"	"Amphalius_runatus"
"Microtus_oeconomus"	1.1745849745155	0.0498925471089403	0.04204030135898	0.0199756724819163	0.0140466679513128	0.0081112901584884	0.00290746715476251	0.0154047028505451	0.00481642652108282	0.00141806119180425	0.000135222040004852	0.144281916685178	0.234330029083323	0.167310255922761	0.0762916921190688	0.0108742103386724	0.014955780549968	0.0172065465812347	0.000807009246463229	0.000257451365375006	0.000351774774622375
"Sorex_arcticus"	0.0635086406426551	1.10829102286934	0.0224336967993545	0.0543381289433006	0.0429687185281519	0.0263291396215861	0.00385273050806074	0.00800703380752918	0.00217450260058076	0.000943644329449067	0.000486074683325484	0.518641687108291	0.0415093428874662	0.0381870857747909	0.0507680649243598	0.00592683771679575	0.00388281064650632	0.0012483316944725	0.000422220263410537	0.00266330338022134	0.00341698227035239
"Clethrionomys_rutilus"	0.084743698953906	0.0355259173289462	1.11374933018996	0.0164877345502627	0.0110894743670774	0.00557925160868768	0.044229722989661	0.0128412723753314	0.00556434630120317	0.00343809113569951	8.44935325933815e-05	0.090154599277138	0.039944115941093	0.104686687360127	0.184969303100634	0.219947222508664	0.00195350357388202	0.0187605973601913	0.00577699957125171	0.000198520724055156	0.000275117249630852
"Sorex_caecutiens"	0.0527456806443989	0.112717936898913	0.021597569638154	1.0578169337049	0.0459478393636969	0.0279028754555387	0.00399494921449784	0.00710898498179754	0.00200578163136012	0.000978627765640092	0.000516154034433209	0.550736354740234	0.0186474819642838	0.0262003549859786	0.052650173791437	0.00581015376724556	0.00588272097256752	0.00108355258301058	0.000382814529986677	0.00484271347148717	0.000430345860435585
"Sorex_roboratus"	0.0482571011875745	0.115969337102862	0.018899803087976	0.0597815974516918	1.04771543624364	0.0289342855508101	0.00401061172874111	0.00678297414471331	0.00167014926563966	0.000775325246623514	0.000536712323066168	0.572672048711601	0.0136395364004152	0.018361363319617	0.041712498268345	0.00532061575815204	0.00707894607001062	0.000977781631167752	0.000357180224292364	0.00611092469965314	0.000435771583412987
"Neomys_fodiens"	0.0466947244258927	0.119074126937263	0.0159335383779639	0.0608332960382015	0.0484844784905467	1.03024759901525	0.00404491769000717	0.00561751144405116	0.00141105017028092	0.000429745407568924	0.000562345336309711	0.600022473842461	0.013243184414121	0.0214811924082625	0.0231203029272081	0.00478450242819329	0.00162992190663407	0.00090898981504355	0.000297139164800786	0.000749245951603017	0.000429713808339319
"Lemmus_sibiricus"	0.0208749608077893	0.0217311316297359	0.157537327951939	0.0108626708978481	0.0083817278825376	0.00504478498416625	1.10226838205005	0.00507350893737558	0.000944198652846147	0.000523421204386705	9.12183346619934e-05	0.097329963084347	0.00816831057718333	0.0168973945619783	0.0281600607960047	0.511442808129323	0.000678655641326482	0.00277882943079964	0.000945714859121916	0.000133239229789884	0.00013169035679263
"Clethrionomys_rufocanus"	0.129521120019715	0.0528885654128901	0.0535616229339483	0.0226365048104606	0.0166004367225878	0.00820452329328525	0.00594134599245298	1.03666386527553	0.00476351996269035	0.00241501780535418	0.000136811104415492	0.14597744841133	0.13016465446234	0.113399432167933	0.129927957928055	0.0260774729220739	0.0631897586585925	0.00266906167804688	0.0411743882156526	0.000288144643868948	0.013798347578774
"Arvicola_terrestris"	0.133812893346605	0.0474608828474582	0.0766912077165828	0.0211043110777891	0.0135064244960424	0.00680985082179052	0.00365363826536118	0.0157403268332377	1.00989733754284	0.00456404627701569	9.24141086080267e-05	0.0986058538847645	0.0305548291331265	0.268714065151943	0.245545689703444	0.0158074536136241	0.00275693357555688	0.00309432913894614	0.000984220840864165	0.000254366673807849	0.00034892495058963
"Microtus_middendorffi"	0.0906141101562918	0.0473709453383432	0.108987489001674	0.0236827919284902	0.0144210495871974	0.00477017402401506	0.00465844871904168	0.0183541353206918	0.0104973064371361	1.00992659811156	5.02847088961337e-05	0.0536537843921746	0.0229482041809541	0.0266835381645473	0.534050978401687	0.0220217700703112	0.00242006364043384	0.00299530064047358	0.00124021901196118	0.000269759734171267	0.000383048429952778
"Sorex_minutus"	0.0432034417815504	0.122004745514696	0.013392224916051	0.0624546381664183	0.0499142460451536	0.0312101661651889	0.00405921589245871	0.00519882196778871	0.00106276224899231	0.000251423544480668	1.00058164709055	0.620617445621621	0.0125477490376436	0.0117769154792584	0.01352658669306	0.00432283977703042	0.00158437815536548	0.00081973301150529	0.000268586806068275	0.00076947052041243	0.000432961564701859
"Corrodopsylla_birulai"	0.0864068835631007	0.244009491029393	0.0267844498321019	0.124909276332837	0.0998284920903071	0.0624203323303779	0.00811843178491741	0.0103976439355774	0.00212552449798461	0.000502847088961337	0.00116329418110894	1.24123489124324	0.0250954980752872	0.0235538309585168	0.0270531733861199	0.00864567955406083	0.00316875631073097	0.00163946602301058	0.000537173612136549	0.00153894104082486	0.000865923129403718
"Peromyscopsylla_bidentata"	0.490940618308996	0.0683202955065837	0.0415156877158245	0.0147957070011695	0.00831788121467941	0.00481965072120467	0.00238353980776825	0.0324344712758617	0.00230413465594069	0.000752400137080461	8.22803215583187e-05	0.0877931031027261	1.1021699426955	0.0753429242980251	0.0404791273749288	0.00970450296622332	0.0079246312277299	0.00756947816870615	0.00147675454852019	0.000241955282793984	0.000630913668175537
"Megabothris_rectangulatus"	0.379117920335618	0.0679784292870391	0.117679715933192	0.0224839925766199	0.0121106864448538	0.00845536296920973	0.00533286565963144	0.0305615490949039	0.0219163953847329	0.00094622475760806	8.35242232571518e-05	0.0891203462153809	0.0814879145776513	1.0709153247074	0.0509068919593136	0.0244923732465783	0.00655274173140707	0.00719583595782087	0.00176322101965953	0.000293435475462363	0.000605248442659997
"Amphipsylla_sibirica"	0.181228220312584	0.0947418906766864	0.217974978003349	0.0473655838569805	0.0288420991743947	0.00954034804803012	0.00931689743808336	0.0367082706413836	0.0209946128742722	0.019853196223111	0.000100569417792267	0.107307568784349	0.0458964083619081	0.0533670763290946	1.06810195680337	0.0440435401406224	0.00484012728086768	0.00599060128094717	0.00248043802392236	0.000539519468342535	0.000766096859905557
"Amalaraeus_penicilliger"	0.0354521449306716	0.0151799619073034	0.355730967016564	0.00717376128404809	0.00504915577049122	0.00270959066086457	0.232236785324029	0.0101116731738654	0.00185495629139466	0.00112355969746486	4.41106099696981e-05	0.0470660208376679	0.0151013949219291	0.0352390268139545	0.0604475117236093	1.16591945348622	0.00110185108638555	0.00611022451832333	0.0020824145537205	8.70286083785374e-05	0.000178406783149324
"Catallagia_dacenkoi"	0.318558125714319	0.0649723648182057	0.0206420210973534	0.0474539491787113	0.0438894656340659	0.00603071105454605	0.00201334506926856	0.160080721935101	0.00211364907459361	0.000806687880144613	0.000105625210357699	0.112702099451665	0.0805670841485873	0.0615957722752264	0.0433998079517802	0.00719876043105229	1.01377889152592	0.00481231809397074	0.00641665104455335	0.000561482589636149	0.00230046582094506
"Megabothris_calcarifer"	0.392677973764607	0.0223808039508998	0.212396762970737	0.0093649901817343	0.00649526369275721	0.00360349533820836	0.00883270783361314	0.00724459598327011	0.00254177036413433	0.00106975022874057	5.85523579646636e-05	0.062475365948296	0.082453244337692	0.0724723478609102	0.0575525623062424	0.0427715716282633	0.00515605510068294	1.00888078235829	0.00129100289551527	0.000118202353880387	0.000162198543562701
"Catallagia_ioffi"	0.0572976564988893	0.0235505080257877	0.20347876267631	0.010293457361864	0.00738172463537552	0.00366471636587636	0.00935206916242784	0.347694833821066	0.00251523103776398	0.00137802112440131	5.9685956904061e-05	0.0636849160166331	0.0500455708109621	0.0552475919493321	0.0741375364927906	0.0453503613921353	0.0213888368151778	0.00401645345271418	1.01468762933376	0.000129135001965509	0.00464530206786316
"Rhadinopsylla_integella"	0.0274185704124381	0.222829716145186	0.0104885115875808	0.195322776683316	0.189438665689247	0.0138610501046558	0.00197638190854995	0.00364983215567334	0.000975072249596755	0.000449599556952112	0.00025649017347081	0.273675015093354	0.0122993935420275	0.0137914673467311	0.0241884561640236	0.00284293454036556	0.00280741294818074	0.000551610984775138	0.000193702502948263	1.00226949025856	0.000713849952366827
"Amphalius_runatus"	0.0449568161967395	0.34306501994338	0.017442433626596	0.0208287396450823	0.0162107029029631	0.00953964654513289	0.00234408835090882	0.209734883197365	0.0016050547727123	0.000766096859905557	0.000173184625880744	0.184787995814753	0.0384857337587078	0.0341360121660238	0.0412160110629189	0.00699354589945351	0.0138027949256704	0.000908311843951126	0.00836154372215368	0.000856619942840192	1.00378476419686
