"Microtus_arvalis"	"Apodemus_agrarius"	"Clethrionomys_glareolus"	"Apodemus_uralensis"	"Cricetulus_migratorius"	"Sorex_araneus"	"Apodemus_flavicollis"	"Arvicola_terrestris"	"Micromys_minutus"	"Ctenophthalmus_assimilis"	"Leptopsylla_taschenbergi"	"Ctenophthalmus_wagneri"	"Amphipsylla_rossica"	"Ctenophthalmus_agyrtes"	"Nosopsyllus_consimilis"	"Leptopsylla_segnis"	"Ctenophthalmus_orientalis"	"Hystrichopsylla_talpae"	"Peromyscopsylla_bidentata"	"Megabothris_turbidus"	"Nosopsyllus_mokrzeckyi"	"Palaeopsylla_soricis"	"Megabothris_walkeri"	"Doratopsylla_dasycnema"
"Microtus_arvalis"	1.21273655027391	0.0540539086582811	0.0247836395814395	0.0239483941052856	0.0100350516453147	0.00418457492420668	0.00113758602878361	0.00225757935293493	0.000196048763175893	0.0720745049661161	0.0235258515811071	0.113366513980336	0.123835774499801	0.0161338606087782	0.0626712330788017	0.0838166672571837	0.0789092797172284	0.0209186556250046	0.015137121967169	0.00668004952104642	0.0301439822029958	0.00586691407530873	0.0133247216530275	0.000261535932762917
"Apodemus_agrarius"	0.0717350937334197	1.1857401184878	0.0425313187139837	0.0190388098459226	0.00258658639368809	0.00554737216075838	0.00217975443548208	0.00150146565192562	0.00247281391035443	0.15676444070422	0.296737669242532	0.0404688580490249	0.00732506238827173	0.0265502271739612	0.0176330892999953	0.0118618145703858	0.0220843456523391	0.0476948502671796	0.00388755245473754	0.0193299346616164	0.0073089601826905	0.00202783374979306	0.00664531750987283	0.000346710760047399
"Clethrionomys_glareolus"	0.0703855364112881	0.0910170220479252	1.11541789459453	0.0343578224957208	0.00145525411056081	0.0105772682628197	0.0079130642463233	0.00199628723340329	0.000213183930763557	0.228936247495829	0.0255820716916268	0.0101803779138657	0.00718725547861745	0.175937321390319	0.00876485356081066	0.00750135864765288	0.0175745032638602	0.0501953193640099	0.0583602356834483	0.0578870469368866	0.0021601679578406	0.0139089263744646	0.00182990164100926	0.000661079266426234
"Apodemus_uralensis"	0.117264550446571	0.070246643224611	0.0592376249926221	1.0514064111408	0.0167823389513182	0.0118643195903488	0.00441688706720212	0.00150076754300942	0.000613790376854981	0.0274232942027291	0.0736548452225977	0.0489604125533544	0.0119741970526428	0.121676212594997	0.139211508504091	0.0639805972300155	0.0281859954442751	0.0429025546112586	0.0411975047515701	0.022487247366594	0.00321857876867107	0.0387437130329763	0.00230848535649644	0.0007415199743968
"Cricetulus_migratorius"	0.178122166704336	0.0345955930155782	0.00909533819100507	0.0608359786985285	1.04701689237853	0.00135700922637802	0.00045565860168453	0.0017454584376685	0.000109238079621564	0.015309108122031	0.0131085695545877	0.0193747211901842	0.0181885311071329	0.00963374351708608	0.408450410694181	0.0810998944148643	0.0783528233898213	0.0062636620047277	0.00451894453861016	0.00261583877065633	0.00455199674443068	0.00298556263195425	0.00212804690975064	8.48130766486259e-05
"Sorex_araneus"	0.0742762049046685	0.0741961026501433	0.0661079266426234	0.0430081585150144	0.00135700922637801	1.06910151761973	0.00364435323360389	0.000906142993707075	0.000735917547468295	0.092889261687272	0.0883101056961954	0.0103632387609138	0.0075845420501246	0.0839621422508765	0.00979290692668207	0.00785180223080862	0.00723519138734637	0.00794718682592939	0.0723918889304464	0.00534858451943308	0.00217746228938782	0.136043344850449	0.0679501634095691	0.0668188448512329
"Apodemus_flavicollis"	0.0538457386957576	0.0777445748655275	0.131884404105388	0.0426965749829538	0.00121508960449208	0.00971827528961037	1.01423536643179	0.00180544719383238	0.000187862163979536	0.207255988476965	0.0225434596775444	0.00858158958261176	0.00549833247245412	0.364354467926544	0.00880004805427885	0.00670139659606836	0.0066335702899602	0.0104124017864481	0.00924270111432924	0.00860984293900808	0.00169047610616123	0.00419552181278649	0.00153947762590613	0.000607392205600648
"Arvicola_terrestris"	0.16028813405838	0.0803284123780205	0.0499071808350822	0.0217611293736365	0.00698183375067401	0.0036245719748283	0.00270817079074857	1.0075466589923	0.000187241179666659	0.279707981126413	0.022468941559999	0.0176768480434702	0.0163674503087783	0.0131213767005311	0.0133323965797706	0.264547473354171	0.0125958346306717	0.00800718166169416	0.00516546307638679	0.00456104500468441	0.00432613028061754	0.0022669219149428	0.00229508667610937	0.000226535748426769
"Micromys_minutus"	0.0278389243709768	0.264591088407924	0.0106591965381779	0.0177999209287944	0.000873904636972513	0.00588734037974636	0.000563586491938609	0.000374482359333317	1.00474488921947	0.0360996799646499	0.569386706336319	0.0105808660292049	0.00284270706605045	0.00790134117771284	0.00622311142885486	0.00416779540027478	0.00594176592773473	0.0113235114061516	0.00180878212226186	0.00464710026245597	0.00192257762629284	0.001554324271293	0.0018984388736752	0.000367958773734148
"Ctenophthalmus_assimilis"	0.165073866212717	0.27054508315083	0.184626006045023	0.0128270247077281	0.00197536878993948	0.0119857111854544	0.0100285155714661	0.00902283810085204	0.000582252902655644	1.08076258436731	0.0698703483186772	0.0231400835624983	0.0168561342259465	0.0380679600672572	0.0123735093074132	0.0153505403783634	0.0164459924300269	0.0202661703539274	0.012166456471534	0.0138263899900052	0.00533295141505671	0.00436803116324151	0.00375707433298258	0.000749106949090903
"Leptopsylla_taschenbergi"	0.0556778487419535	0.529182176815848	0.0213183930763557	0.0355998418575889	0.00174780927394503	0.0117746807594927	0.00112717298387722	0.000748964718666635	0.00948977843893866	0.0721993599292998	1.13877341267264	0.0211617320584098	0.00568541413210089	0.0158026823554257	0.0124462228577097	0.00833559080054956	0.0118835318554695	0.0226470228123032	0.00361756424452372	0.00929420052491195	0.00384515525258568	0.003108648542586	0.0037968777473504	0.000735917547468295
"Ctenophthalmus_wagneri"	0.473471911329638	0.127357876801343	0.014971143990979	0.0417603518837434	0.00455875792710216	0.00243840912021502	0.000757199080818685	0.00103981459079236	0.000311201942035438	0.0421966229669087	0.0373442330442525	1.04835681377779	0.0483474839033785	0.0120902082950293	0.0296128472478971	0.0349759622142518	0.0329488137860371	0.0134685184864076	0.00734243375555821	0.00492110868014843	0.012265212586932	0.00356167933121673	0.00574899468751391	0.000152400570013439
"Amphipsylla_rossica"	0.606368275136956	0.0270269543291405	0.0123918197907197	0.0119741970526428	0.00501752582265735	0.00209228746210334	0.000568793014391805	0.00112878967646747	9.80243815879464e-05	0.036037252483058	0.0117629257905536	0.0566832569901679	1.0619178872499	0.00806693030438911	0.0313356165394009	0.0419083336285918	0.0394546398586142	0.0104593278125023	0.00756856098358448	0.00334002476052321	0.0150719911014979	0.00293345703765436	0.00666236082651377	0.000130767966381459
"Ctenophthalmus_agyrtes"	0.079000282980914	0.0979611830211673	0.303340209293653	0.121676212594997	0.0026575844185065	0.0231619702761039	0.0376918415096425	0.00090492253107111	0.000272460040610788	0.0813866732472396	0.0326952048732945	0.0141747269665861	0.00806693030438911	1.074029423746	0.0202133895091299	0.0124289195990234	0.0116777146548671	0.0211041201823806	0.0216448751072207	0.0189163338220216	0.00240495261095532	0.0104025498567387	0.00273989571122711	0.00144762314225649
"Nosopsyllus_consimilis"	0.317832682042495	0.0673835912535535	0.0156515242157333	0.144183348093523	0.116700117341194	0.00279797340762345	0.000942862291529877	0.000952314041412184	0.000222253979601959	0.0273984848949864	0.0266704775522351	0.0359584573724464	0.0324547457015223	0.0209352962773132	1.07634241486282	0.036567925903276	0.0310251470728125	0.0125934299636892	0.00928667662455934	0.00533225495155236	0.008148780729493	0.00659723066966356	0.00384713741898362	0.000174873337976466
"Leptopsylla_segnis"	0.476078670020803	0.0507685663612514	0.0150027172953057	0.074217492786818	0.0259519662127566	0.00251257671385876	0.000804167591528203	0.0211637978683337	0.000166711816010991	0.0380693401383411	0.0200054179213189	0.0475673086113824	0.0486136670091665	0.0144175467348671	0.0409560770116691	1.04283935303832	0.0339373460926599	0.0117625562928493	0.0084953958340131	0.00441779002873242	0.0119715697074134	0.0046996564965297	0.00542327237145491	0.000157036044616172
"Ctenophthalmus_orientalis"	0.466879904993601	0.0984593743666786	0.0366135484663754	0.034058077828499	0.0261176077966071	0.00241173046244879	0.000829196286245024	0.00104965288588931	0.000247573580322281	0.0424854804442362	0.0297088296386737	0.0466774861968859	0.0476743564958255	0.0141105718746311	0.0361960049182813	0.0353514021798541	1.03355694570761	0.0128954560006587	0.00808765703639338	0.00544210059245462	0.0119676938265195	0.00348596159675691	0.00554265367065356	0.000150733153903049
"Hystrichopsylla_talpae"	0.165024949930592	0.283519387699345	0.139431442677805	0.06912078242925	0.00278384977987898	0.0035320830337464	0.00173540029774135	0.000889686851299351	0.000629083967008422	0.0698056978857498	0.0754900760410107	0.0254405349187698	0.0168511392534759	0.0340010825160576	0.0195897799435165	0.0163368837400684	0.0171939413342116	1.02088388364767	0.0113190238817642	0.0127189543849403	0.00539237332339477	0.00480037382953862	0.00328883344355896	0.00022075518960915
"Peromyscopsylla_bidentata"	0.195406483576181	0.0378152829688106	0.265273798561128	0.108611603435958	0.00328650511898921	0.0526486464948701	0.00252073666754434	0.000939175104797597	0.000164434738387442	0.0685745728395555	0.019732168606493	0.0226947952444527	0.0199534789567227	0.0570637616463091	0.0236388132261511	0.0193077178045752	0.0176457971703128	0.0185220390792504	1.0223636110342	0.0163544755681906	0.00499306391931456	0.0136670975006659	0.00553140033121322	0.00329054040592938
"Megabothris_turbidus"	0.0948567031988591	0.206830300879296	0.289435234684433	0.0652130173631227	0.00209267101652506	0.00427886761554647	0.00258295288170242	0.000912209000936882	0.000464710026245598	0.0857236179380323	0.0557652031494717	0.0167317695125047	0.0096860718055173	0.0548573680838627	0.0149303138643466	0.0110444750718311	0.0130610414218911	0.0228941178928926	0.0179899231250097	1.01882961677785	0.00330451406544707	0.00601193801149936	0.00223593338720944	0.000267429225971654
"Nosopsyllus_mokrzeckyi"	0.535055684103175	0.0977573424434854	0.0135010497365038	0.0116673480364326	0.00455199674443068	0.00217746228938782	0.00063392853981046	0.00108153257015438	0.000240322203286605	0.0413303734666895	0.0288386643943926	0.0521271534944609	0.0546359677429299	0.00871795321471305	0.0285207325532255	0.037411155335667	0.0359030814795586	0.0121328399776382	0.00686546288905752	0.00413064258180883	1.01364480222523	0.00269351451730963	0.0062448980675666	0.000136091393086739
"Palaeopsylla_soricis"	0.138850299782307	0.0361630352046429	0.115907719787205	0.187261279659386	0.003980750175939	0.181391126467265	0.00209776090639324	0.000755640638314267	0.0002590540452155	0.0451363220201622	0.03108648542586	0.0201828495435615	0.0141783756819961	0.0502789909742371	0.0307870764584299	0.0195819020688737	0.0139438463870276	0.0144011214886159	0.0250563454178875	0.0100198966858323	0.00359135268974618	1.03077916301805	0.0129726600688473	0.0113369454042041
"Megabothris_walkeri"	0.378422094945982	0.142209794711279	0.0182990164100926	0.0133892150676794	0.00340487505560102	0.10872026145531	0.00092368657554368	0.000918034670443749	0.00037968777473504	0.046587721728984	0.0455625329682049	0.0390931638750946	0.0386416927937799	0.0158913951251172	0.0215439695463083	0.0271163618572745	0.0266047376191371	0.0118398003968123	0.0121690807286691	0.00447186677441888	0.00999183690810656	0.0155671920826168	1.01145696458785	0.00679501634095691
"Doratopsylla_dasycnema"	0.0371381024523342	0.0370980513250717	0.0330539633213117	0.0215040792575072	0.000678504613189007	0.534550758809863	0.00182217661680194	0.000453071496853538	0.000367958773734148	0.046444630843636	0.0441550528480977	0.00518161938045692	0.0037922710250623	0.0419810711254383	0.00489645346334104	0.00392590111540431	0.00361759569367318	0.0039735934129647	0.0361959444652232	0.00267429225971654	0.00108873114469391	0.0680216724252243	0.0339750817047845	1.03340942242562
