"Symplocos_prunifolia"	"Cleyera_japonica"	"Eurya_japonica"	"Schefflera_octophylla"	"Myrsine_sguinii"	"Daphniphyllum_teijsmannii"	"Myrica_rubra"	"Ardisia_sieboldii"	"Litsea_acuminata"	"Vaccinium_bracteatum"	"Neolitsea_aciculata"	"Persea_thunbergii"	"Diospyros_morrisiana"	"Prunus_jamasakura"	"Taxillus_yadoriki"	"Hypsipetes_amaurotis"	"Turdus_pallidus"	"Sphenurus_formosae"	"Zosterops_japonica"	"Columba_janthina"	"Turdus_chrysolaus"	"Ficedula_narcissina"	"Turdus_dauma"
"Symplocos_prunifolia"	1.08326616855654	0.0289503259093089	0.0428495016975669	0.0235833002333787	0.0270566003745137	0.0343187126089804	0.024652861147484	0.0111959826879317	0.0124015695526442	0.0105931892555754	0.00826771303509617	0.00826771303509617	0.00966198220412249	0.00413385651754808	0.00413385651754808	0.181889686772116	0.0918076402149872	0.15459171526596	0.0820873281832375	0.0119504022169097	0.0745678780565797	0.0677041355347837	0.00206788042209349
"Cleyera_japonica"	0.0330860867534959	1.07692844022622	0.0378223649156732	0.0439986839254961	0.033099517240137	0.0159552283437325	0.0233988366107688	0.0170914468251134	0.00814397491488641	0.0215651827802269	0.00542931660992427	0.00542931660992427	0.0059556209678059	0.00271465830496214	0.00271465830496214	0.119444965418334	0.186898250761966	0.0952899354848944	0.0930538847704306	0.0877293637019491	0.00525892609083999	0.00206788042209349	0.0769234600161589
"Eurya_japonica"	0.0489708590829336	0.0378223649156732	1.05838663966604	0.0314270599053048	0.0409250229127197	0.0120829973236974	0.027245646894795	0.0126686638528113	0.0136150794456346	0.0121954560563996	0.00907671963042305	0.00907671963042305	0.0107633843860584	0.00453835981521152	0.00453835981521152	0.199687831869307	0.105693952488797	0.172214150176934	0.166025994712878	0.0118051830746679	0.00547727815742284	0.00306067869268335	0.00270159749397666
"Schefflera_octophylla"	0.0269523431238614	0.0439986839254961	0.0314270599053048	1.06195945756385	0.036385497256118	0.0275724128249726	0.0227628856782261	0.0187881947871726	0.0136910383722155	0.0213367729946512	0.00912735891481033	0.00912735891481033	0.00107691015703527	0.00456367945740517	0.00456367945740517	0.200801896125827	0.184918699286977	0.0172305625125644	0.0912353610807816	0.160453859067504	0.00719900401023586	0.00168452144524134	0.00314276313753544
"Myrsine_sguinii"	0.0360754671660183	0.0386161034468265	0.0477458600648397	0.0424497467988044	1.05382372802625	0.0130151499258201	0.008343317590524	0.0214693747375206	0.0154188056965958	0.0244946592579829	0.0102792037977305	0.0102792037977305	0.00104350922895794	0.00513960189886527	0.00513960189886527	0.226142483550072	0.212287046902519	0.016696147663327	0.190503259729059	0.0111669723374286	0.00485774668304017	0.00225471669787614	0.00275829310334475
"Daphniphyllum_teijsmannii"	0.0549099401743686	0.0223373196812255	0.0169161962531764	0.0386013779549617	0.0156181799109841	1.09861260276282	0.0201414101472563	0.00764954357268838	0.018418366945885	0.00226513188609008	0.0122789112972567	0.0122789112972567	0.00102653015211115	0.00613945564862833	0.00613945564862833	0.270136048539646	0.0196311430127807	0.0164244824337785	0.0128042648276721	0.119488941944056	0.223154391813461	0.00343187126089804	0.00159552283437325
"Myrica_rubra"	0.049305722294968	0.0409479640688455	0.0476798820658913	0.0398350499368956	0.012514976385786	0.0251767626840703	1.05444853550388	0.00589080712187529	0.0122657660556366	0.00270332765499466	0.00817717737042438	0.00817717737042438	0.0180330074492184	0.00408858868521219	0.00408858868521219	0.179897902149336	0.0234288396766204	0.288528119187495	0.0177490640508896	0.142939319202294	0.00811696018024957	0.0030816076434355	0.0029248545763461
"Ardisia_sieboldii"	0.0298559538344846	0.0398800425919312	0.0295602156565597	0.0438391211700695	0.0429387494750411	0.012749239287814	0.00785440949583372	1.03512203646941	0.0152107317682614	0.0450776888199832	0.0101404878455076	0.0101404878455076	0.000823681227423118	0.00507024392275378	0.00507024392275378	0.223090732601166	0.390673303106521	0.0131788996387699	0.0192252835801469	0.0113680311823371	0.00441584497221808	0.00186599711465529	0.00284857447085223
"Litsea_acuminata"	0.0330708521403847	0.0190026081347349	0.0317685187064807	0.0319457562018362	0.0308376113931916	0.0306972782431416	0.0163543547408488	0.0152107317682614	1.04028747079449	0.00267236225514688	0.0268583138629935	0.0268583138629935	0.000910847365835669	0.0134291569314968	0.0134291569314968	0.590882904985857	0.0231604728779396	0.0145735578533707	0.0153840588540345	0.0110350307768065	0.00820638390740237	0.00206692825877404	0.00135732915248107
"Vaccinium_bracteatum"	0.0282485046815345	0.0503187598205294	0.0284560641315991	0.0497858036541861	0.0489893185159659	0.00377521981015013	0.00360443687332621	0.0450776888199831	0.00267236225514688	1.0662803521024	0.00178157483676458	0.00178157483676458	0.000780098158216843	0.000890787418382292	0.000890787418382292	0.0391946464088209	0.574429718220811	0.0124815705314695	0.0211458959432031	0.0115345313851023	0.00252057550462593	0.00176553154259591	0.00359419713003781
"Neolitsea_aciculata"	0.0330708521403847	0.0190026081347349	0.0317685187064807	0.0319457562018362	0.0308376113931916	0.0306972782431416	0.0163543547408488	0.0152107317682614	0.0402874707944903	0.00267236225514688	1.02685831386299	0.0268583138629935	0.000910847365835669	0.0134291569314968	0.0134291569314968	0.590882904985857	0.0231604728779396	0.0145735578533707	0.0153840588540345	0.0110350307768065	0.00820638390740237	0.00206692825877404	0.00135732915248107
"Persea_thunbergii"	0.0330708521403847	0.0190026081347349	0.0317685187064807	0.0319457562018362	0.0308376113931916	0.0306972782431416	0.0163543547408488	0.0152107317682614	0.0402874707944903	0.00267236225514688	0.0268583138629935	1.02685831386299	0.000910847365835669	0.0134291569314968	0.0134291569314968	0.590882904985857	0.0231604728779396	0.0145735578533707	0.0153840588540345	0.0110350307768065	0.00820638390740237	0.00206692825877404	0.00135732915248107
"Diospyros_morrisiana"	0.0772958576329799	0.0416893467746413	0.0753436907024085	0.00753837109924692	0.00626105537374761	0.00513265076055577	0.0721320297968737	0.00247104368226935	0.00273254209750701	0.00234029447465053	0.00182169473167134	0.00182169473167134	1.03493136674344	0.000910847365835669	0.000910847365835669	0.0400772840967694	0.0202825521136379	0.558901867895022	0.0201541502794981	0.013584489441603	0.00585752125417239	0.00483099110206124	0.00297781048390295
"Prunus_jamasakura"	0.0330708521403847	0.0190026081347349	0.0317685187064807	0.0319457562018362	0.0308376113931916	0.0306972782431416	0.0163543547408488	0.0152107317682614	0.0402874707944903	0.00267236225514688	0.0268583138629935	0.0268583138629935	0.000910847365835669	1.0134291569315	0.0134291569314968	0.590882904985857	0.0231604728779396	0.0145735578533707	0.0153840588540345	0.0110350307768065	0.00820638390740237	0.00206692825877404	0.00135732915248107
"Taxillus_yadoriki"	0.0330708521403847	0.0190026081347349	0.0317685187064807	0.0319457562018362	0.0308376113931916	0.0306972782431416	0.0163543547408488	0.0152107317682614	0.0402874707944903	0.00267236225514688	0.0268583138629935	0.0268583138629935	0.000910847365835669	0.0134291569314968	1.0134291569315	0.590882904985857	0.0231604728779396	0.0145735578533707	0.0153840588540345	0.0110350307768065	0.00820638390740237	0.00206692825877404	0.00135732915248107
"Hypsipetes_amaurotis"	0.0661417042807693	0.0380052162694699	0.0635370374129613	0.0638915124036723	0.0616752227863832	0.0613945564862833	0.0327087094816975	0.0304214635365227	0.0805749415889806	0.00534472451029375	0.0537166277259871	0.0537166277259871	0.00182169473167134	0.0268583138629935	0.0268583138629935	1.18176580997171	0.0463209457558792	0.0291471157067414	0.030768117708069	0.022070061553613	0.0164127678148047	0.00413385651754808	0.00271465830496214
"Turdus_pallidus"	0.0564970093630691	0.100637519641059	0.0569121282631983	0.0995716073083723	0.0979786370319318	0.00755043962030026	0.00720887374665242	0.0901553776399663	0.00534472451029375	0.132560704204803	0.00356314967352917	0.00356314967352917	0.00156019631643369	0.00178157483676458	0.00178157483676458	0.0783892928176417	1.14885943644162	0.024963141062939	0.0422917918864062	0.0230690627702047	0.00504115100925187	0.00353106308519182	0.00718839426007562
"Sphenurus_formosae"	0.15459171526596	0.0833786935492825	0.150687381404817	0.0150767421984938	0.0125221107474952	0.0102653015211115	0.144264059593747	0.00494208736453871	0.00546508419501401	0.00468058894930106	0.00364338946334267	0.00364338946334267	0.0698627334868777	0.00182169473167134	0.00182169473167134	0.0801545681935388	0.0405651042272758	1.11780373579004	0.0403083005589962	0.027168978883206	0.0117150425083448	0.00966198220412249	0.0059556209678059
"Zosterops_japonica"	0.0938140893522714	0.0930538847704306	0.166025994712878	0.0912353610807815	0.163288508339194	0.00914590344833719	0.0101423223147941	0.00823940724863439	0.00659316808030049	0.00906252683280133	0.004395445386867	0.004395445386867	0.00287916432564259	0.0021977226934335	0.0021977226934335	0.0966997985110739	0.0785418992176116	0.0460666292102814	1.06995964877988	0.021862709700754	0.0076925612741844	0.00586338058451696	0.00664670605503076
"Columba_janthina"	0.0191206435470555	0.122821109182729	0.0165272563045351	0.224635402694505	0.0134003668049143	0.119488941944056	0.114351455361836	0.00682081870940223	0.0066210184660839	0.0069207188310614	0.0044140123107226	0.0044140123107226	0.0027168978883206	0.0022070061553613	0.0022070061553613	0.0971082708358971	0.0599795632025321	0.0434703662131296	0.0306077935810555	1.06710653429833	0.0250928286105023	0.00119504022169097	0.00877293637019491
"Turdus_chrysolaus"	0.198847674817546	0.0122708275452933	0.0127803157006533	0.0167976760238837	0.00971549336608033	0.371923986355769	0.0108226135736661	0.00441584497221808	0.00820638390740237	0.00252057550462593	0.00547092260493491	0.00547092260493491	0.00195250708472413	0.00273546130246746	0.00273546130246746	0.120360297308568	0.0218449877067581	0.0312401133555861	0.0179493096397636	0.0418213810175038	1.08681277694725	0.0124279796760966	0.000876487681806666
"Ficedula_narcissina"	0.541633084278269	0.0144751629546544	0.0214247508487834	0.0117916501166893	0.0135283001872569	0.0171593563044902	0.012326430573742	0.00559799134396586	0.00620078477632212	0.00529659462778773	0.00413385651754808	0.00413385651754808	0.00483099110206124	0.00206692825877404	0.00206692825877404	0.0909448433860578	0.0459038201074936	0.0772958576329799	0.0410436640916187	0.00597520110845485	0.0372839390282899	1.03385206776739	0.00103394021104675
"Turdus_dauma"	0.0165430433767479	0.538464220113112	0.0189111824578366	0.021999341962748	0.0165497586200685	0.00797761417186626	0.0116994183053844	0.00854572341255669	0.0040719874574432	0.0107825913901134	0.00271465830496214	0.00271465830496214	0.00297781048390295	0.00135732915248107	0.00135732915248107	0.059722482709167	0.0934491253809831	0.0476449677424472	0.0465269423852153	0.0438646818509745	0.00262946304542	0.00103394021104675	1.03846173000808
