"C._nigrescens"	"H._guatemalensis"	"M._curema"	"D._peruvianus"	"C._trimaculatum"	"L._argentiventris"	"D._latifrons"	"P._sphenops"	"G._maculatus"	"E._picta"	"Cornutushaptor_nigrescens"	"Neotetraonchus_sp."	"Ligophorus_mugilinus"	"Aristocleidus_hastatus"	"Crassicutis_cichlasomae"	"Neoapocreadium_marina"	"Paracryptogonimus_sp."	"Pseudoacanthostomum_panamense"	"Pseudacaenodera_cristata"	"Saccocoelioides_sp."	"Saccocoelioides_sogandaresi"	"Ascocotye_(Phagicola)_longa"	"Centrocestus_formosanus"	"Cladocystis_trifolium"	"Clinostomum_complanatum"	"Diplostomum_(Austrodiplostomum)_compactum"	"Echinochasmus_leopoldinae"	"Haplorchis_sp."	"Metadena_sp."	"Posthodiplostomum_minimum"	"Tylodelphys_sp."	"Parvitaenia_cochlearii"	"Proteocephalus_chamelensis"	"Proteocephalus_sp."	"Contracaecum_sp."	"Hysterothylacium_perezi"	"Gnathostoma_sp."	"Pseudoleptorhynchoides_lamothei"	"Floridosentis_mugilis"	"Neoechinorhynchus_golvani"	"Southwellina_hispida"	"Argulus_sp."	"Ergasilus_sp."
"C._nigrescens"	0	0	0	0	0	0	0	0	0	0	0.00909090909090909	0	0	0	0	0	0.00909090909090909	0.00909090909090909	0	0	0	0.00909090909090909	0	0	0	0.00909090909090909	0.00909090909090909	0	0	0	0	0	0	0.00909090909090909	0.00909090909090909	0	0	0	0	0.00909090909090909	0.00909090909090909	0	0.00909090909090909
"H._guatemalensis"	0	0	0	0	0	0	0	0	0	0	0	0.0111111111111111	0	0	0	0	0	0.0111111111111111	0	0	0	0	0	0	0.0111111111111111	0.0111111111111111	0	0	0.0111111111111111	0	0	0	0	0	0	0.0111111111111111	0	0.0111111111111111	0	0	0	0.0111111111111111	0.0111111111111111
"M._curema"	0	0	0	0	0	0	0	0	0	0	0	0	0.0125	0	0	0	0	0.0125	0	0	0	0.0125	0	0	0.0125	0.0125	0	0	0	0	0	0	0	0	0.0125	0	0	0	0.0125	0	0	0	0.0125
"D._peruvianus"	0	0	0	0	0	0	0	0	0	0	0	0	0	0.0111111111111111	0	0.0111111111111111	0	0.0111111111111111	0.0111111111111111	0	0	0.0111111111111111	0	0	0	0	0	0.0111111111111111	0	0	0	0	0	0	0.0111111111111111	0	0	0	0	0	0	0.0111111111111111	0.0111111111111111
"C._trimaculatum"	0	0	0	0	0	0	0	0	0	0	0	0	0	0	0.00833333333333333	0	0	0.00833333333333333	0	0	0	0.00833333333333333	0	0.00833333333333333	0.00833333333333333	0.00833333333333333	0	0	0	0.00833333333333333	0	0	0	0	0.00833333333333333	0	0	0	0	0.00833333333333333	0.00833333333333333	0.00833333333333333	0.00833333333333333
"L._argentiventris"	0	0	0	0	0	0	0	0	0	0	0	0	0	0	0	0	0.01	0.01	0	0	0	0	0	0	0	0.01	0.01	0	0.01	0	0	0	0	0	0.01	0	0	0	0	0.01	0.01	0.01	0.01
"D._latifrons"	0	0	0	0	0	0	0	0	0	0	0	0	0	0	0	0	0	0.01	0	0.01	0	0.01	0	0	0.01	0	0.01	0	0	0	0	0.01	0	0	0.01	0	0	0	0	0.01	0	0.01	0.01
"P._sphenops"	0	0	0	0	0	0	0	0	0	0	0	0	0	0	0	0	0	0.01	0	0	0.01	0.01	0.01	0	0	0.01	0.01	0	0	0.01	0	0	0	0	0.01	0	0	0	0	0	0	0.01	0.01
"G._maculatus"	0	0	0	0	0	0	0	0	0	0	0	0	0	0	0	0	0	0.00833333333333333	0	0	0	0.00833333333333333	0	0	0.00833333333333333	0.00833333333333333	0	0	0.00833333333333333	0	0	0.00833333333333333	0	0	0.00833333333333333	0	0.00833333333333333	0	0	0.00833333333333333	0.00833333333333333	0.00833333333333333	0.00833333333333333
"E._picta"	0	0	0	0	0	0	0	0	0	0	0	0	0	0	0	0	0	0.00769230769230769	0	0	0	0.00769230769230769	0	0	0.00769230769230769	0.00769230769230769	0	0	0	0	0.00769230769230769	0.00769230769230769	0.00769230769230769	0	0.00769230769230769	0	0.00769230769230769	0	0	0.00769230769230769	0.00769230769230769	0.00769230769230769	0.00769230769230769
"Cornutushaptor_nigrescens"	0.1	0	0	0	0	0	0	0	0	0	0	0	0	0	0	0	0	0	0	0	0	0	0	0	0	0	0	0	0	0	0	0	0	0	0	0	0	0	0	0	0	0	0
"Neotetraonchus_sp."	0	0.1	0	0	0	0	0	0	0	0	0	0	0	0	0	0	0	0	0	0	0	0	0	0	0	0	0	0	0	0	0	0	0	0	0	0	0	0	0	0	0	0	0
"Ligophorus_mugilinus"	0	0	0.1	0	0	0	0	0	0	0	0	0	0	0	0	0	0	0	0	0	0	0	0	0	0	0	0	0	0	0	0	0	0	0	0	0	0	0	0	0	0	0	0
"Aristocleidus_hastatus"	0	0	0	0.1	0	0	0	0	0	0	0	0	0	0	0	0	0	0	0	0	0	0	0	0	0	0	0	0	0	0	0	0	0	0	0	0	0	0	0	0	0	0	0
"Crassicutis_cichlasomae"	0	0	0	0	0.1	0	0	0	0	0	0	0	0	0	0	0	0	0	0	0	0	0	0	0	0	0	0	0	0	0	0	0	0	0	0	0	0	0	0	0	0	0	0
"Neoapocreadium_marina"	0	0	0	0.1	0	0	0	0	0	0	0	0	0	0	0	0	0	0	0	0	0	0	0	0	0	0	0	0	0	0	0	0	0	0	0	0	0	0	0	0	0	0	0
"Paracryptogonimus_sp."	0.05	0	0	0	0	0.05	0	0	0	0	0	0	0	0	0	0	0	0	0	0	0	0	0	0	0	0	0	0	0	0	0	0	0	0	0	0	0	0	0	0	0	0	0
"Pseudoacanthostomum_panamense"	0.01	0.01	0.01	0.01	0.01	0.01	0.01	0.01	0.01	0.01	0	0	0	0	0	0	0	0	0	0	0	0	0	0	0	0	0	0	0	0	0	0	0	0	0	0	0	0	0	0	0	0	0
"Pseudacaenodera_cristata"	0	0	0	0.1	0	0	0	0	0	0	0	0	0	0	0	0	0	0	0	0	0	0	0	0	0	0	0	0	0	0	0	0	0	0	0	0	0	0	0	0	0	0	0
"Saccocoelioides_sp."	0	0	0	0	0	0	0.1	0	0	0	0	0	0	0	0	0	0	0	0	0	0	0	0	0	0	0	0	0	0	0	0	0	0	0	0	0	0	0	0	0	0	0	0
"Saccocoelioides_sogandaresi"	0	0	0	0	0	0	0	0.1	0	0	0	0	0	0	0	0	0	0	0	0	0	0	0	0	0	0	0	0	0	0	0	0	0	0	0	0	0	0	0	0	0	0	0
"Ascocotye_(Phagicola)_longa"	0.0125	0	0.0125	0.0125	0.0125	0	0.0125	0.0125	0.0125	0.0125	0	0	0	0	0	0	0	0	0	0	0	0	0	0	0	0	0	0	0	0	0	0	0	0	0	0	0	0	0	0	0	0	0
"Centrocestus_formosanus"	0	0	0	0	0	0	0	0.1	0	0	0	0	0	0	0	0	0	0	0	0	0	0	0	0	0	0	0	0	0	0	0	0	0	0	0	0	0	0	0	0	0	0	0
"Cladocystis_trifolium"	0	0	0	0	0.1	0	0	0	0	0	0	0	0	0	0	0	0	0	0	0	0	0	0	0	0	0	0	0	0	0	0	0	0	0	0	0	0	0	0	0	0	0	0
"Clinostomum_complanatum"	0	0.0166666666666667	0.0166666666666667	0	0.0166666666666667	0	0.0166666666666667	0	0.0166666666666667	0.0166666666666667	0	0	0	0	0	0	0	0	0	0	0	0	0	0	0	0	0	0	0	0	0	0	0	0	0	0	0	0	0	0	0	0	0
"Diplostomum_(Austrodiplostomum)_compactum"	0.0125	0.0125	0.0125	0	0.0125	0.0125	0	0.0125	0.0125	0.0125	0	0	0	0	0	0	0	0	0	0	0	0	0	0	0	0	0	0	0	0	0	0	0	0	0	0	0	0	0	0	0	0	0
"Echinochasmus_leopoldinae"	0.025	0	0	0	0	0.025	0.025	0.025	0	0	0	0	0	0	0	0	0	0	0	0	0	0	0	0	0	0	0	0	0	0	0	0	0	0	0	0	0	0	0	0	0	0	0
"Haplorchis_sp."	0	0	0	0.1	0	0	0	0	0	0	0	0	0	0	0	0	0	0	0	0	0	0	0	0	0	0	0	0	0	0	0	0	0	0	0	0	0	0	0	0	0	0	0
"Metadena_sp."	0	0.0333333333333333	0	0	0	0.0333333333333333	0	0	0.0333333333333333	0	0	0	0	0	0	0	0	0	0	0	0	0	0	0	0	0	0	0	0	0	0	0	0	0	0	0	0	0	0	0	0	0	0
"Posthodiplostomum_minimum"	0	0	0	0	0.05	0	0	0.05	0	0	0	0	0	0	0	0	0	0	0	0	0	0	0	0	0	0	0	0	0	0	0	0	0	0	0	0	0	0	0	0	0	0	0
"Tylodelphys_sp."	0	0	0	0	0	0	0	0	0	0.1	0	0	0	0	0	0	0	0	0	0	0	0	0	0	0	0	0	0	0	0	0	0	0	0	0	0	0	0	0	0	0	0	0
"Parvitaenia_cochlearii"	0	0	0	0	0	0	0.0333333333333333	0	0.0333333333333333	0.0333333333333333	0	0	0	0	0	0	0	0	0	0	0	0	0	0	0	0	0	0	0	0	0	0	0	0	0	0	0	0	0	0	0	0	0
"Proteocephalus_chamelensis"	0	0	0	0	0	0	0	0	0	0.1	0	0	0	0	0	0	0	0	0	0	0	0	0	0	0	0	0	0	0	0	0	0	0	0	0	0	0	0	0	0	0	0	0
"Proteocephalus_sp."	0.1	0	0	0	0	0	0	0	0	0	0	0	0	0	0	0	0	0	0	0	0	0	0	0	0	0	0	0	0	0	0	0	0	0	0	0	0	0	0	0	0	0	0
"Contracaecum_sp."	0.0111111111111111	0	0.0111111111111111	0.0111111111111111	0.0111111111111111	0.0111111111111111	0.0111111111111111	0.0111111111111111	0.0111111111111111	0.0111111111111111	0	0	0	0	0	0	0	0	0	0	0	0	0	0	0	0	0	0	0	0	0	0	0	0	0	0	0	0	0	0	0	0	0
"Hysterothylacium_perezi"	0	0.1	0	0	0	0	0	0	0	0	0	0	0	0	0	0	0	0	0	0	0	0	0	0	0	0	0	0	0	0	0	0	0	0	0	0	0	0	0	0	0	0	0
"Gnathostoma_sp."	0	0	0	0	0	0	0	0	0.05	0.05	0	0	0	0	0	0	0	0	0	0	0	0	0	0	0	0	0	0	0	0	0	0	0	0	0	0	0	0	0	0	0	0	0
"Pseudoleptorhynchoides_lamothei"	0	0.1	0	0	0	0	0	0	0	0	0	0	0	0	0	0	0	0	0	0	0	0	0	0	0	0	0	0	0	0	0	0	0	0	0	0	0	0	0	0	0	0	0
"Floridosentis_mugilis"	0	0	0.1	0	0	0	0	0	0	0	0	0	0	0	0	0	0	0	0	0	0	0	0	0	0	0	0	0	0	0	0	0	0	0	0	0	0	0	0	0	0	0	0
"Neoechinorhynchus_golvani"	0.0166666666666667	0	0	0	0.0166666666666667	0.0166666666666667	0.0166666666666667	0	0.0166666666666667	0.0166666666666667	0	0	0	0	0	0	0	0	0	0	0	0	0	0	0	0	0	0	0	0	0	0	0	0	0	0	0	0	0	0	0	0	0
"Southwellina_hispida"	0.02	0	0	0	0.02	0.02	0	0	0.02	0.02	0	0	0	0	0	0	0	0	0	0	0	0	0	0	0	0	0	0	0	0	0	0	0	0	0	0	0	0	0	0	0	0	0
"Argulus_sp."	0	0.0125	0	0.0125	0.0125	0.0125	0.0125	0.0125	0.0125	0.0125	0	0	0	0	0	0	0	0	0	0	0	0	0	0	0	0	0	0	0	0	0	0	0	0	0	0	0	0	0	0	0	0	0
"Ergasilus_sp."	0.01	0.01	0.01	0.01	0.01	0.01	0.01	0.01	0.01	0.01	0	0	0	0	0	0	0	0	0	0	0	0	0	0	0	0	0	0	0	0	0	0	0	0	0	0	0	0	0	0	0	0	0
