"Arvicola_terrestris"	"Lagurus_lagurus"	"Clethrionomys_glareolus"	"Cricetus_cricetus"	"Microtus_oeconomus"	"Microtus_gregalis"	"Spermophilus_pygmaeus"	"Marmota_bobak"	"Allocricetulus_eversmanni"	"Neomys_fodiens"	"Sorex_araneus"	"Cricetulus_migratorius"	"Microtus_arvalis"	"Allactaga_major"	"Apodemus_uralensis"	"Spermophilus_major"	"Sicista_subtilis"	"Ellobius_talpinus"	"Megabothris_walkeri"	"Ctenophthalmus_breviatus"	"Citellophilus_tesquorum"	"Ctenophthalmus_assimilis"	"Neopsylla_pleskei"	"Amalaraeus_penicilliger"	"Neopsylla_setosa"	"Oropsylla_silantiewi"	"Frontopsylla_elata"	"Stenoponia_ivanovi"	"Amphipsylla_sibirica"	"Amphipsylla_rossica"	"Mesopsylla_hebes"	"Palaeopsylla_soricis"	"Hystrichopsylla_talpae"	"Peromyscopsylla_bidentata"	"Amphipsylla_kuznetzovi"	"Amphipsylla_prima"	"Pectinoctenus_pavlovskii"	"Oropsylla_ilovaiskii"	"Corrodopsylla_birulai"	"Amphipsylla_dumalis"	"Frontopsylla_elatoides"	"Leptopsylla_segnis"
"Arvicola_terrestris"	0	0	0	0	0	0	0	0	0	0	0	0	0	0	0	0	0	0	0.01	0.01	0.01	0.01	0.01	0.01	0	0	0.01	0	0	0.01	0	0	0.01	0	0	0	0.01	0	0	0	0	0
"Lagurus_lagurus"	0	0	0	0	0	0	0	0	0	0	0	0	0	0	0	0	0	0	0	0.02	0.02	0.02	0.02	0	0	0	0	0	0	0	0	0	0	0	0	0.02	0	0	0	0	0	0
"Clethrionomys_glareolus"	0	0	0	0	0	0	0	0	0	0	0	0	0	0	0	0	0	0	0.0111111111111111	0	0	0.0111111111111111	0.0111111111111111	0.0111111111111111	0.0111111111111111	0	0.0111111111111111	0	0.0111111111111111	0	0	0	0.0111111111111111	0.0111111111111111	0	0	0	0	0	0	0	0
"Cricetus_cricetus"	0	0	0	0	0	0	0	0	0	0	0	0	0	0	0	0	0	0	0.0166666666666667	0.0166666666666667	0.0166666666666667	0.0166666666666667	0.0166666666666667	0	0	0	0	0	0	0	0	0	0	0	0.0166666666666667	0	0	0	0	0	0	0
"Microtus_oeconomus"	0	0	0	0	0	0	0	0	0	0	0	0	0	0	0	0	0	0	0.01	0.01	0	0.01	0.01	0	0	0	0.01	0.01	0.01	0.01	0	0	0	0.01	0.01	0	0	0	0	0	0	0
"Microtus_gregalis"	0	0	0	0	0	0	0	0	0	0	0	0	0	0	0	0	0	0	0.0166666666666667	0.0166666666666667	0.0166666666666667	0.0166666666666667	0.0166666666666667	0	0	0	0.0166666666666667	0	0	0	0	0	0	0	0	0	0	0	0	0	0	0
"Spermophilus_pygmaeus"	0	0	0	0	0	0	0	0	0	0	0	0	0	0	0	0	0	0	0	0.0142857142857143	0.0142857142857143	0	0	0	0.0142857142857143	0	0	0	0	0	0.0142857142857143	0	0	0	0	0.0142857142857143	0	0.0142857142857143	0	0	0.0142857142857143	0
"Marmota_bobak"	0	0	0	0	0	0	0	0	0	0	0	0	0	0	0	0	0	0	0	0	0.0333333333333333	0	0	0	0.0333333333333333	0.0333333333333333	0	0	0	0	0	0	0	0	0	0	0	0	0	0	0	0
"Allocricetulus_eversmanni"	0	0	0	0	0	0	0	0	0	0	0	0	0	0	0	0	0	0	0	0.0333333333333333	0.0333333333333333	0	0.0333333333333333	0	0	0	0	0	0	0	0	0	0	0	0	0	0	0	0	0	0	0
"Neomys_fodiens"	0	0	0	0	0	0	0	0	0	0	0	0	0	0	0	0	0	0	0.0166666666666667	0.0166666666666667	0	0.0166666666666667	0.0166666666666667	0	0	0	0.0166666666666667	0	0	0	0	0.0166666666666667	0	0	0	0	0	0	0	0	0	0
"Sorex_araneus"	0	0	0	0	0	0	0	0	0	0	0	0	0	0	0	0	0	0	0.0125	0.0125	0	0.0125	0.0125	0.0125	0	0	0.0125	0	0	0	0	0.0125	0	0	0	0	0	0	0.0125	0	0	0
"Cricetulus_migratorius"	0	0	0	0	0	0	0	0	0	0	0	0	0	0	0	0	0	0	0.02	0.02	0.02	0	0.02	0	0.02	0	0	0	0	0	0	0	0	0	0	0	0	0	0	0	0	0
"Microtus_arvalis"	0	0	0	0	0	0	0	0	0	0	0	0	0	0	0	0	0	0	0.0333333333333333	0.0333333333333333	0	0	0	0	0	0	0	0	0	0.0333333333333333	0	0	0	0	0	0	0	0	0	0	0	0
"Allactaga_major"	0	0	0	0	0	0	0	0	0	0	0	0	0	0	0	0	0	0	0	0.0333333333333333	0.0333333333333333	0	0	0	0	0	0	0	0	0	0.0333333333333333	0	0	0	0	0	0	0	0	0	0	0
"Apodemus_uralensis"	0	0	0	0	0	0	0	0	0	0	0	0	0	0	0	0	0	0	0	0.0166666666666667	0.0166666666666667	0.0166666666666667	0	0.0166666666666667	0.0166666666666667	0	0.0166666666666667	0	0	0	0	0	0	0	0	0	0	0	0	0	0	0
"Spermophilus_major"	0	0	0	0	0	0	0	0	0	0	0	0	0	0	0	0	0	0	0.0333333333333333	0.0333333333333333	0.0333333333333333	0	0	0	0	0	0	0	0	0	0	0	0	0	0	0	0	0	0	0	0	0
"Sicista_subtilis"	0	0	0	0	0	0	0	0	0	0	0	0	0	0	0	0	0	0	0.05	0	0	0	0	0	0	0	0	0	0	0	0	0	0	0	0	0	0	0	0	0	0	0.05
"Ellobius_talpinus"	0	0	0	0	0	0	0	0	0	0	0	0	0	0	0	0	0	0	0	0	0	0	0	0	0	0	0	0	0	0	0	0	0	0	0	0	0	0	0	0.1	0	0
"Megabothris_walkeri"	0.00909090909090909	0	0.00909090909090909	0.00909090909090909	0.00909090909090909	0.00909090909090909	0	0	0	0.00909090909090909	0.00909090909090909	0.00909090909090909	0.00909090909090909	0	0	0.00909090909090909	0.00909090909090909	0	0	0	0	0	0	0	0	0	0	0	0	0	0	0	0	0	0	0	0	0	0	0	0	0
"Ctenophthalmus_breviatus"	0.00714285714285714	0.00714285714285714	0	0.00714285714285714	0.00714285714285714	0.00714285714285714	0.00714285714285714	0	0.00714285714285714	0.00714285714285714	0.00714285714285714	0.00714285714285714	0.00714285714285714	0.00714285714285714	0.00714285714285714	0.00714285714285714	0	0	0	0	0	0	0	0	0	0	0	0	0	0	0	0	0	0	0	0	0	0	0	0	0	0
"Citellophilus_tesquorum"	0.00909090909090909	0.00909090909090909	0	0.00909090909090909	0	0.00909090909090909	0.00909090909090909	0.00909090909090909	0.00909090909090909	0	0	0.00909090909090909	0	0.00909090909090909	0.00909090909090909	0.00909090909090909	0	0	0	0	0	0	0	0	0	0	0	0	0	0	0	0	0	0	0	0	0	0	0	0	0	0
"Ctenophthalmus_assimilis"	0.0111111111111111	0.0111111111111111	0.0111111111111111	0.0111111111111111	0.0111111111111111	0.0111111111111111	0	0	0	0.0111111111111111	0.0111111111111111	0	0	0	0.0111111111111111	0	0	0	0	0	0	0	0	0	0	0	0	0	0	0	0	0	0	0	0	0	0	0	0	0	0	0
"Neopsylla_pleskei"	0.01	0.01	0.01	0.01	0.01	0.01	0	0	0.01	0.01	0.01	0.01	0	0	0	0	0	0	0	0	0	0	0	0	0	0	0	0	0	0	0	0	0	0	0	0	0	0	0	0	0	0
"Amalaraeus_penicilliger"	0.025	0	0.025	0	0	0	0	0	0	0	0.025	0	0	0	0.025	0	0	0	0	0	0	0	0	0	0	0	0	0	0	0	0	0	0	0	0	0	0	0	0	0	0	0
"Neopsylla_setosa"	0	0	0.02	0	0	0	0.02	0.02	0	0	0	0.02	0	0	0.02	0	0	0	0	0	0	0	0	0	0	0	0	0	0	0	0	0	0	0	0	0	0	0	0	0	0	0
"Oropsylla_silantiewi"	0	0	0	0	0	0	0	0.1	0	0	0	0	0	0	0	0	0	0	0	0	0	0	0	0	0	0	0	0	0	0	0	0	0	0	0	0	0	0	0	0	0	0
"Frontopsylla_elata"	0.0142857142857143	0	0.0142857142857143	0	0.0142857142857143	0.0142857142857143	0	0	0	0.0142857142857143	0.0142857142857143	0	0	0	0.0142857142857143	0	0	0	0	0	0	0	0	0	0	0	0	0	0	0	0	0	0	0	0	0	0	0	0	0	0	0
"Stenoponia_ivanovi"	0	0	0	0	0.1	0	0	0	0	0	0	0	0	0	0	0	0	0	0	0	0	0	0	0	0	0	0	0	0	0	0	0	0	0	0	0	0	0	0	0	0	0
"Amphipsylla_sibirica"	0	0	0.05	0	0.05	0	0	0	0	0	0	0	0	0	0	0	0	0	0	0	0	0	0	0	0	0	0	0	0	0	0	0	0	0	0	0	0	0	0	0	0	0
"Amphipsylla_rossica"	0.0333333333333333	0	0	0	0.0333333333333333	0	0	0	0	0	0	0	0.0333333333333333	0	0	0	0	0	0	0	0	0	0	0	0	0	0	0	0	0	0	0	0	0	0	0	0	0	0	0	0	0
"Mesopsylla_hebes"	0	0	0	0	0	0	0.05	0	0	0	0	0	0	0.05	0	0	0	0	0	0	0	0	0	0	0	0	0	0	0	0	0	0	0	0	0	0	0	0	0	0	0	0
"Palaeopsylla_soricis"	0	0	0	0	0	0	0	0	0	0.05	0.05	0	0	0	0	0	0	0	0	0	0	0	0	0	0	0	0	0	0	0	0	0	0	0	0	0	0	0	0	0	0	0
"Hystrichopsylla_talpae"	0.05	0	0.05	0	0	0	0	0	0	0	0	0	0	0	0	0	0	0	0	0	0	0	0	0	0	0	0	0	0	0	0	0	0	0	0	0	0	0	0	0	0	0
"Peromyscopsylla_bidentata"	0	0	0.05	0	0.05	0	0	0	0	0	0	0	0	0	0	0	0	0	0	0	0	0	0	0	0	0	0	0	0	0	0	0	0	0	0	0	0	0	0	0	0	0
"Amphipsylla_kuznetzovi"	0	0	0	0.05	0.05	0	0	0	0	0	0	0	0	0	0	0	0	0	0	0	0	0	0	0	0	0	0	0	0	0	0	0	0	0	0	0	0	0	0	0	0	0
"Amphipsylla_prima"	0	0.05	0	0	0	0	0.05	0	0	0	0	0	0	0	0	0	0	0	0	0	0	0	0	0	0	0	0	0	0	0	0	0	0	0	0	0	0	0	0	0	0	0
"Pectinoctenus_pavlovskii"	0.1	0	0	0	0	0	0	0	0	0	0	0	0	0	0	0	0	0	0	0	0	0	0	0	0	0	0	0	0	0	0	0	0	0	0	0	0	0	0	0	0	0
"Oropsylla_ilovaiskii"	0	0	0	0	0	0	0.1	0	0	0	0	0	0	0	0	0	0	0	0	0	0	0	0	0	0	0	0	0	0	0	0	0	0	0	0	0	0	0	0	0	0	0
"Corrodopsylla_birulai"	0	0	0	0	0	0	0	0	0	0	0.1	0	0	0	0	0	0	0	0	0	0	0	0	0	0	0	0	0	0	0	0	0	0	0	0	0	0	0	0	0	0	0
"Amphipsylla_dumalis"	0	0	0	0	0	0	0	0	0	0	0	0	0	0	0	0	0	0.1	0	0	0	0	0	0	0	0	0	0	0	0	0	0	0	0	0	0	0	0	0	0	0	0
"Frontopsylla_elatoides"	0	0	0	0	0	0	0.1	0	0	0	0	0	0	0	0	0	0	0	0	0	0	0	0	0	0	0	0	0	0	0	0	0	0	0	0	0	0	0	0	0	0	0
"Leptopsylla_segnis"	0	0	0	0	0	0	0	0	0	0	0	0	0	0	0	0	0.1	0	0	0	0	0	0	0	0	0	0	0	0	0	0	0	0	0	0	0	0	0	0	0	0	0
