"Clethrionomys_rutilus"	"Clethrionomys_rufocanus"	"Tamias_sibiricus"	"Sciurus_vulgaris"	"Apodemus_peninsulae"	"Microtus_oeconomus"	"Clethrionomys_glareolus"	"Neomys_fodiens"	"Microtus_agrestis"	"Sicista_betulina"	"Talpa_altaica"	"Arvicola_terrestris"	"Myopus_schisticolor"	"Amalaraeus_penicilliger"	"Ceratophyllus_indages"	"Megabothris_rectangulatus"	"Hystrichopsylla_talpae"	"Tarsopsylla_octodecimdentata"	"Amphipsylla_sibirica"	"Palaeopsylla_soricis"	"Catallagia_dacenkoi"	"Neopsylla_mana"	"Megabothris_turbidus"	"Catallagia_ioffi"	"Catallagia_fetisovi"	"Rhadinopsylla_integella"	"Rhadinopsylla_altaica"	"Peromyscopsylla_bidentata"	"Corrodopsylla_birulai"	"Leptopsylla_sicistae"	"Rhadinopsylla_pseudodahurica"	"Ceratophyllus_sciurorum"	"Ctenophyllus_subarmatus"	"Neopsylla_acanthina"	"Frontopsylla_elata"	"Megabothris_calcarifer"	"Amphipsylla_vinogradovi"	"Hystrichopsylla_microti"	"Neopsylla_pleskei"
"Clethrionomys_rutilus"	0	0	0	0	0	0	0	0	0	0	0	0	0	0.00476190476190476	0.00476190476190476	0.00476190476190476	0.00476190476190476	0	0.00476190476190476	0.00476190476190476	0.00476190476190476	0.00476190476190476	0.00476190476190476	0.00476190476190476	0.00476190476190476	0.00476190476190476	0.00476190476190476	0.00476190476190476	0	0	0.00476190476190476	0	0	0.00476190476190476	0.00476190476190476	0.00476190476190476	0.00476190476190476	0.00476190476190476	0.00476190476190476
"Clethrionomys_rufocanus"	0	0	0	0	0	0	0	0	0	0	0	0	0	0.00625	0.00625	0.00625	0.00625	0	0.00625	0.00625	0.00625	0.00625	0.00625	0.00625	0.00625	0.00625	0.00625	0.00625	0	0	0.00625	0	0	0	0	0.00625	0	0	0
"Tamias_sibiricus"	0	0	0	0	0	0	0	0	0	0	0	0	0	0.0111111111111111	0.0111111111111111	0.0111111111111111	0.0111111111111111	0	0	0.0111111111111111	0	0.0111111111111111	0.0111111111111111	0.0111111111111111	0	0	0.0111111111111111	0	0	0	0	0	0	0	0	0	0	0	0
"Sciurus_vulgaris"	0	0	0	0	0	0	0	0	0	0	0	0	0	0	0.0166666666666667	0.0166666666666667	0	0.0166666666666667	0	0	0	0.0166666666666667	0	0	0	0	0	0	0	0	0	0.0166666666666667	0.0166666666666667	0	0	0	0	0	0
"Apodemus_peninsulae"	0	0	0	0	0	0	0	0	0	0	0	0	0	0.00666666666666667	0.00666666666666667	0.00666666666666667	0.00666666666666667	0	0.00666666666666667	0.00666666666666667	0	0.00666666666666667	0.00666666666666667	0	0	0.00666666666666667	0.00666666666666667	0.00666666666666667	0.00666666666666667	0.00666666666666667	0	0	0.00666666666666667	0.00666666666666667	0	0	0	0	0
"Microtus_oeconomus"	0	0	0	0	0	0	0	0	0	0	0	0	0	0.0125	0	0.0125	0.0125	0	0.0125	0.0125	0	0.0125	0.0125	0	0	0.0125	0	0	0	0	0	0	0	0	0	0	0	0	0
"Clethrionomys_glareolus"	0	0	0	0	0	0	0	0	0	0	0	0	0	0.01	0.01	0.01	0.01	0	0.01	0.01	0.01	0.01	0.01	0.01	0	0	0	0	0	0	0	0	0	0	0	0	0	0	0
"Neomys_fodiens"	0	0	0	0	0	0	0	0	0	0	0	0	0	0	0	0	0.0333333333333333	0	0	0.0333333333333333	0	0	0	0	0	0	0	0	0.0333333333333333	0	0	0	0	0	0	0	0	0	0
"Microtus_agrestis"	0	0	0	0	0	0	0	0	0	0	0	0	0	0.01	0.01	0.01	0.01	0	0.01	0.01	0.01	0.01	0.01	0.01	0	0	0	0	0	0	0	0	0	0	0	0	0	0	0
"Sicista_betulina"	0	0	0	0	0	0	0	0	0	0	0	0	0	0	0	0.02	0	0	0	0.02	0	0.02	0.02	0	0	0	0	0	0	0.02	0	0	0	0	0	0	0	0	0
"Talpa_altaica"	0	0	0	0	0	0	0	0	0	0	0	0	0	0	0	0	0	0	0	0.1	0	0	0	0	0	0	0	0	0	0	0	0	0	0	0	0	0	0	0
"Arvicola_terrestris"	0	0	0	0	0	0	0	0	0	0	0	0	0	0.05	0	0	0	0	0	0	0	0	0	0	0	0	0	0	0.05	0	0	0	0	0	0	0	0	0	0
"Myopus_schisticolor"	0	0	0	0	0	0	0	0	0	0	0	0	0	0	0	0	0.1	0	0	0	0	0	0	0	0	0	0	0	0	0	0	0	0	0	0	0	0	0	0
"Amalaraeus_penicilliger"	0.0125	0.0125	0.0125	0	0.0125	0.0125	0.0125	0	0.0125	0	0	0.0125	0	0	0	0	0	0	0	0	0	0	0	0	0	0	0	0	0	0	0	0	0	0	0	0	0	0	0
"Ceratophyllus_indages"	0.0142857142857143	0.0142857142857143	0.0142857142857143	0.0142857142857143	0.0142857142857143	0	0.0142857142857143	0	0.0142857142857143	0	0	0	0	0	0	0	0	0	0	0	0	0	0	0	0	0	0	0	0	0	0	0	0	0	0	0	0	0	0
"Megabothris_rectangulatus"	0.0111111111111111	0.0111111111111111	0.0111111111111111	0.0111111111111111	0.0111111111111111	0.0111111111111111	0.0111111111111111	0	0.0111111111111111	0.0111111111111111	0	0	0	0	0	0	0	0	0	0	0	0	0	0	0	0	0	0	0	0	0	0	0	0	0	0	0	0	0
"Hystrichopsylla_talpae"	0.0111111111111111	0.0111111111111111	0.0111111111111111	0	0.0111111111111111	0.0111111111111111	0.0111111111111111	0.0111111111111111	0.0111111111111111	0	0	0	0.0111111111111111	0	0	0	0	0	0	0	0	0	0	0	0	0	0	0	0	0	0	0	0	0	0	0	0	0	0
"Tarsopsylla_octodecimdentata"	0	0	0	0.1	0	0	0	0	0	0	0	0	0	0	0	0	0	0	0	0	0	0	0	0	0	0	0	0	0	0	0	0	0	0	0	0	0	0	0
"Amphipsylla_sibirica"	0.0166666666666667	0.0166666666666667	0	0	0.0166666666666667	0.0166666666666667	0.0166666666666667	0	0.0166666666666667	0	0	0	0	0	0	0	0	0	0	0	0	0	0	0	0	0	0	0	0	0	0	0	0	0	0	0	0	0	0
"Palaeopsylla_soricis"	0.01	0.01	0.01	0	0.01	0.01	0.01	0.01	0.01	0.01	0.01	0	0	0	0	0	0	0	0	0	0	0	0	0	0	0	0	0	0	0	0	0	0	0	0	0	0	0	0
"Catallagia_dacenkoi"	0.025	0.025	0	0	0	0	0.025	0	0.025	0	0	0	0	0	0	0	0	0	0	0	0	0	0	0	0	0	0	0	0	0	0	0	0	0	0	0	0	0	0
"Neopsylla_mana"	0.0111111111111111	0.0111111111111111	0.0111111111111111	0.0111111111111111	0.0111111111111111	0.0111111111111111	0.0111111111111111	0	0.0111111111111111	0.0111111111111111	0	0	0	0	0	0	0	0	0	0	0	0	0	0	0	0	0	0	0	0	0	0	0	0	0	0	0	0	0
"Megabothris_turbidus"	0.0125	0.0125	0.0125	0	0.0125	0.0125	0.0125	0	0.0125	0.0125	0	0	0	0	0	0	0	0	0	0	0	0	0	0	0	0	0	0	0	0	0	0	0	0	0	0	0	0	0
"Catallagia_ioffi"	0.02	0.02	0.02	0	0	0	0.02	0	0.02	0	0	0	0	0	0	0	0	0	0	0	0	0	0	0	0	0	0	0	0	0	0	0	0	0	0	0	0	0	0
"Catallagia_fetisovi"	0.05	0.05	0	0	0	0	0	0	0	0	0	0	0	0	0	0	0	0	0	0	0	0	0	0	0	0	0	0	0	0	0	0	0	0	0	0	0	0	0
"Rhadinopsylla_integella"	0.025	0.025	0	0	0.025	0.025	0	0	0	0	0	0	0	0	0	0	0	0	0	0	0	0	0	0	0	0	0	0	0	0	0	0	0	0	0	0	0	0	0
"Rhadinopsylla_altaica"	0.025	0.025	0.025	0	0.025	0	0	0	0	0	0	0	0	0	0	0	0	0	0	0	0	0	0	0	0	0	0	0	0	0	0	0	0	0	0	0	0	0	0
"Peromyscopsylla_bidentata"	0.0333333333333333	0.0333333333333333	0	0	0.0333333333333333	0	0	0	0	0	0	0	0	0	0	0	0	0	0	0	0	0	0	0	0	0	0	0	0	0	0	0	0	0	0	0	0	0	0
"Corrodopsylla_birulai"	0	0	0	0	0.0333333333333333	0	0	0.0333333333333333	0	0	0	0.0333333333333333	0	0	0	0	0	0	0	0	0	0	0	0	0	0	0	0	0	0	0	0	0	0	0	0	0	0	0
"Leptopsylla_sicistae"	0	0	0	0	0.05	0	0	0	0	0.05	0	0	0	0	0	0	0	0	0	0	0	0	0	0	0	0	0	0	0	0	0	0	0	0	0	0	0	0	0
"Rhadinopsylla_pseudodahurica"	0.05	0.05	0	0	0	0	0	0	0	0	0	0	0	0	0	0	0	0	0	0	0	0	0	0	0	0	0	0	0	0	0	0	0	0	0	0	0	0	0
"Ceratophyllus_sciurorum"	0	0	0	0.1	0	0	0	0	0	0	0	0	0	0	0	0	0	0	0	0	0	0	0	0	0	0	0	0	0	0	0	0	0	0	0	0	0	0	0
"Ctenophyllus_subarmatus"	0	0	0	0.05	0.05	0	0	0	0	0	0	0	0	0	0	0	0	0	0	0	0	0	0	0	0	0	0	0	0	0	0	0	0	0	0	0	0	0	0
"Neopsylla_acanthina"	0.05	0	0	0	0.05	0	0	0	0	0	0	0	0	0	0	0	0	0	0	0	0	0	0	0	0	0	0	0	0	0	0	0	0	0	0	0	0	0	0
"Frontopsylla_elata"	0.1	0	0	0	0	0	0	0	0	0	0	0	0	0	0	0	0	0	0	0	0	0	0	0	0	0	0	0	0	0	0	0	0	0	0	0	0	0	0
"Megabothris_calcarifer"	0.05	0.05	0	0	0	0	0	0	0	0	0	0	0	0	0	0	0	0	0	0	0	0	0	0	0	0	0	0	0	0	0	0	0	0	0	0	0	0	0
"Amphipsylla_vinogradovi"	0.1	0	0	0	0	0	0	0	0	0	0	0	0	0	0	0	0	0	0	0	0	0	0	0	0	0	0	0	0	0	0	0	0	0	0	0	0	0	0
"Hystrichopsylla_microti"	0.1	0	0	0	0	0	0	0	0	0	0	0	0	0	0	0	0	0	0	0	0	0	0	0	0	0	0	0	0	0	0	0	0	0	0	0	0	0	0
"Neopsylla_pleskei"	0.1	0	0	0	0	0	0	0	0	0	0	0	0	0	0	0	0	0	0	0	0	0	0	0	0	0	0	0	0	0	0	0	0	0	0	0	0	0	0
