"Clethrionomys_glareolus"	"Apodemus_uralensis"	"Microtus_arvalis"	"Sorex_araneus"	"Crocidura_suaveolens"	"Arvicola_terrestris"	"Cricetus_cricetus"	"Microtus_oeconomus"	"Allocricetulus_eversmanni"	"Micromys_minutus"	"Lagurus_lagurus"	"Sicista_subtilis"	"Ctenophthalmus_wagneri"	"Nosopsyllus_consimilis"	"Megabothris_turbidus"	"Amphipsylla_rossica"	"Nosopsyllus_mokrzeckyi"	"Leptopsylla_taschenbergi"	"Amalaraeus_penicilliger"	"Peromyscopsylla_bidentata"	"Ctenophthalmus_breviatus"	"Palaeopsylla_soricis"	"Corrodopsylla_birulai"	"Megabothris_walkeri"	"Leptopsylla_segnis"	"Hystrichopsylla_talpae"
"Clethrionomys_glareolus"	0	0	0	0	0	0	0	0	0	0	0	0	0.00769230769230769	0.00769230769230769	0.00769230769230769	0.00769230769230769	0.00769230769230769	0.00769230769230769	0.00769230769230769	0	0.00769230769230769	0.00769230769230769	0.00769230769230769	0.00769230769230769	0.00769230769230769	0.00769230769230769
"Apodemus_uralensis"	0	0	0	0	0	0	0	0	0	0	0	0	0.00769230769230769	0.00769230769230769	0.00769230769230769	0.00769230769230769	0.00769230769230769	0.00769230769230769	0.00769230769230769	0.00769230769230769	0.00769230769230769	0.00769230769230769	0	0.00769230769230769	0.00769230769230769	0.00769230769230769
"Microtus_arvalis"	0	0	0	0	0	0	0	0	0	0	0	0	0.00833333333333333	0.00833333333333333	0.00833333333333333	0.00833333333333333	0.00833333333333333	0	0.00833333333333333	0.00833333333333333	0.00833333333333333	0.00833333333333333	0	0.00833333333333333	0.00833333333333333	0.00833333333333333
"Sorex_araneus"	0	0	0	0	0	0	0	0	0	0	0	0	0.01	0.01	0.01	0.01	0	0	0.01	0	0.01	0.01	0.01	0.01	0	0.01
"Crocidura_suaveolens"	0	0	0	0	0	0	0	0	0	0	0	0	0.025	0.025	0	0	0	0	0	0.025	0	0	0.025	0	0	0
"Arvicola_terrestris"	0	0	0	0	0	0	0	0	0	0	0	0	0.0166666666666667	0	0.0166666666666667	0.0166666666666667	0	0	0.0166666666666667	0	0.0166666666666667	0	0	0.0166666666666667	0	0
"Cricetus_cricetus"	0	0	0	0	0	0	0	0	0	0	0	0	0.05	0.05	0	0	0	0	0	0	0	0	0	0	0	0
"Microtus_oeconomus"	0	0	0	0	0	0	0	0	0	0	0	0	0.025	0	0.025	0.025	0	0	0	0	0	0	0	0.025	0	0
"Allocricetulus_eversmanni"	0	0	0	0	0	0	0	0	0	0	0	0	0.05	0.05	0	0	0	0	0	0	0	0	0	0	0	0
"Micromys_minutus"	0	0	0	0	0	0	0	0	0	0	0	0	0.05	0.05	0	0	0	0	0	0	0	0	0	0	0	0
"Lagurus_lagurus"	0	0	0	0	0	0	0	0	0	0	0	0	0.05	0.05	0	0	0	0	0	0	0	0	0	0	0	0
"Sicista_subtilis"	0	0	0	0	0	0	0	0	0	0	0	0	0	0	0.1	0	0	0	0	0	0	0	0	0	0	0
"Ctenophthalmus_wagneri"	0.00909090909090909	0.00909090909090909	0.00909090909090909	0.00909090909090909	0.00909090909090909	0.00909090909090909	0.00909090909090909	0.00909090909090909	0.00909090909090909	0.00909090909090909	0.00909090909090909	0	0	0	0	0	0	0	0	0	0	0	0	0	0	0
"Nosopsyllus_consimilis"	0.0111111111111111	0.0111111111111111	0.0111111111111111	0.0111111111111111	0.0111111111111111	0	0.0111111111111111	0	0.0111111111111111	0.0111111111111111	0.0111111111111111	0	0	0	0	0	0	0	0	0	0	0	0	0	0	0
"Megabothris_turbidus"	0.0142857142857143	0.0142857142857143	0.0142857142857143	0.0142857142857143	0	0.0142857142857143	0	0.0142857142857143	0	0	0	0.0142857142857143	0	0	0	0	0	0	0	0	0	0	0	0	0	0
"Amphipsylla_rossica"	0.0166666666666667	0.0166666666666667	0.0166666666666667	0.0166666666666667	0	0.0166666666666667	0	0.0166666666666667	0	0	0	0	0	0	0	0	0	0	0	0	0	0	0	0	0	0
"Nosopsyllus_mokrzeckyi"	0.0333333333333333	0.0333333333333333	0.0333333333333333	0	0	0	0	0	0	0	0	0	0	0	0	0	0	0	0	0	0	0	0	0	0	0
"Leptopsylla_taschenbergi"	0.05	0.05	0	0	0	0	0	0	0	0	0	0	0	0	0	0	0	0	0	0	0	0	0	0	0	0
"Amalaraeus_penicilliger"	0.02	0.02	0.02	0.02	0	0.02	0	0	0	0	0	0	0	0	0	0	0	0	0	0	0	0	0	0	0	0
"Peromyscopsylla_bidentata"	0	0.0333333333333333	0.0333333333333333	0	0.0333333333333333	0	0	0	0	0	0	0	0	0	0	0	0	0	0	0	0	0	0	0	0	0
"Ctenophthalmus_breviatus"	0.02	0.02	0.02	0.02	0	0.02	0	0	0	0	0	0	0	0	0	0	0	0	0	0	0	0	0	0	0	0
"Palaeopsylla_soricis"	0.025	0.025	0.025	0.025	0	0	0	0	0	0	0	0	0	0	0	0	0	0	0	0	0	0	0	0	0	0
"Corrodopsylla_birulai"	0.0333333333333333	0	0	0.0333333333333333	0.0333333333333333	0	0	0	0	0	0	0	0	0	0	0	0	0	0	0	0	0	0	0	0	0
"Megabothris_walkeri"	0.0166666666666667	0.0166666666666667	0.0166666666666667	0.0166666666666667	0	0.0166666666666667	0	0.0166666666666667	0	0	0	0	0	0	0	0	0	0	0	0	0	0	0	0	0	0
"Leptopsylla_segnis"	0.0333333333333333	0.0333333333333333	0.0333333333333333	0	0	0	0	0	0	0	0	0	0	0	0	0	0	0	0	0	0	0	0	0	0	0
"Hystrichopsylla_talpae"	0.025	0.025	0.025	0.025	0	0	0	0	0	0	0	0	0	0	0	0	0	0	0	0	0	0	0	0	0	0
