"Spermophilus_undulatus"	"Marmota_sibirica"	"Lasiopodomys_brandtii"	"Alticola_semicanus"	"Allocricetulus_curtatus"	"Cricetulus_barabensis"	"Allactaga_sibirica"	"Meriones_meridianus"	"Ellobius_tancrei"	"Phodopus_sungorus"	"Microtus_gregalis"	"Eolagurus_przewalskii"	"Dipus_sagitta"	"Meriones_unguiculatus"	"Sciurus_vulgaris"	"Microtus_oeconomus"	"Clethrionomys_rufocanus"	"Tamias_sibiricus"	"Citellophilus_tesquorum"	"Oropsylla_silantiewi"	"Amphipsylla_primaris"	"Frontopsylla_elatoides"	"Rhadinopsylla_li"	"Oropsylla_alaskensis"	"Neopsylla_mana"	"Frontopsylla_hetera"	"Paradoxopsyllus_dashidorzhii"	"Neopsylla_pleskei"	"Paradoxopsyllus_scorodumovi"	"Amphipsylla_vinogradovi"	"Amalaraeus_penicilliger"	"Paramonopsyllus_scalonae"	"Frontopsylla_elata"	"Ctenophyllus_hirticrus"	"Nosopsyllus_laeviceps"	"Rhadinopsylla_dahurica"	"Ophthalmopsylla_praefecta"	"Neopsylla_abagaitui"	"Frontopsylla_wagneri"	"Ophthalmopsylla_kiritschenkovi"	"Amphipsylla_dumalis"	"Neopsylla_bidentatiformis"	"Amphipsylla_longispina"	"Callopsylla_caspia"	"Pectinoctenus_pavlovskii"	"Neopsylla_galea"	"Amphalius_runatus"	"Paradoxopsyllus_kalabukhovi"	"Wagnerina_longicauda"	"Paradoxopsyllus_integer"	"Tarsopsylla_octodecimdentata"	"Rhadinopsylla_rothschildi"	"Amphipsylla_kuznetzovi"	"Ceratophyllus_indages"	"Megabothris_rectangulatus"	"Rhadinopsylla_altaica"	"Rhadinopsylla_pseudodahurica"	"Xenopsylla_conformis"
"Spermophilus_undulatus"	0	0	0	0	0	0	0	0	0	0	0	0	0	0	0	0	0	0	0.00588235294117647	0.00588235294117647	0.00588235294117647	0.00588235294117647	0.00588235294117647	0.00588235294117647	0.00588235294117647	0.00588235294117647	0	0.00588235294117647	0.00588235294117647	0.00588235294117647	0	0	0	0.00588235294117647	0	0.00588235294117647	0	0.00588235294117647	0	0	0	0.00588235294117647	0	0	0	0	0.00588235294117647	0	0	0	0	0	0.00588235294117647	0	0	0	0	0
"Marmota_sibirica"	0	0	0	0	0	0	0	0	0	0	0	0	0	0	0	0	0	0	0.0125	0.0125	0.0125	0	0.0125	0	0.0125	0.0125	0.0125	0.0125	0	0	0	0	0	0	0	0	0	0	0	0	0	0	0	0	0	0	0	0	0	0	0	0	0	0	0	0	0	0
"Lasiopodomys_brandtii"	0	0	0	0	0	0	0	0	0	0	0	0	0	0	0	0	0	0	0.00909090909090909	0	0.00909090909090909	0	0	0	0.00909090909090909	0.00909090909090909	0	0.00909090909090909	0.00909090909090909	0	0.00909090909090909	0	0	0.00909090909090909	0	0.00909090909090909	0	0	0	0	0	0	0	0	0	0.00909090909090909	0	0	0	0	0	0.00909090909090909	0	0	0	0	0	0
"Alticola_semicanus"	0	0	0	0	0	0	0	0	0	0	0	0	0	0	0	0	0	0	0.00588235294117647	0	0.00588235294117647	0	0	0	0.00588235294117647	0.00588235294117647	0.00588235294117647	0.00588235294117647	0.00588235294117647	0	0	0.00588235294117647	0.00588235294117647	0.00588235294117647	0	0.00588235294117647	0	0	0	0	0	0	0.00588235294117647	0.00588235294117647	0	0	0.00588235294117647	0	0.00588235294117647	0	0	0.00588235294117647	0	0	0	0	0.00588235294117647	0
"Allocricetulus_curtatus"	0	0	0	0	0	0	0	0	0	0	0	0	0	0	0	0	0	0	0	0	0.0142857142857143	0	0	0	0	0	0.0142857142857143	0.0142857142857143	0.0142857142857143	0	0	0	0.0142857142857143	0	0	0	0	0	0	0	0	0	0.0142857142857143	0	0.0142857142857143	0	0	0	0	0	0	0	0	0	0	0	0	0
"Cricetulus_barabensis"	0	0	0	0	0	0	0	0	0	0	0	0	0	0	0	0	0	0	0	0	0	0	0	0	0.0125	0.0125	0	0	0	0.0125	0	0	0	0	0	0	0	0	0	0	0	0.0125	0.0125	0	0.0125	0.0125	0	0	0	0.0125	0	0	0	0	0	0	0	0
"Allactaga_sibirica"	0	0	0	0	0	0	0	0	0	0	0	0	0	0	0	0	0	0	0	0	0	0.0142857142857143	0	0	0.0142857142857143	0.0142857142857143	0	0	0	0	0	0	0	0	0	0	0.0142857142857143	0	0.0142857142857143	0	0	0	0.0142857142857143	0	0.0142857142857143	0	0	0	0	0	0	0	0	0	0	0	0	0
"Meriones_meridianus"	0	0	0	0	0	0	0	0	0	0	0	0	0	0	0	0	0	0	0	0	0	0	0	0	0	0	0	0.02	0	0	0	0	0	0	0.02	0	0	0	0	0.02	0	0	0	0	0	0	0	0.02	0	0	0	0	0	0	0	0	0	0.02
"Ellobius_tancrei"	0	0	0	0	0	0	0	0	0	0	0	0	0	0	0	0	0	0	0	0	0	0	0	0	0	0.05	0	0	0	0	0	0	0	0	0	0	0	0	0	0	0.05	0	0	0	0	0	0	0	0	0	0	0	0	0	0	0	0	0
"Phodopus_sungorus"	0	0	0	0	0	0	0	0	0	0	0	0	0	0	0	0	0	0	0	0	0.0166666666666667	0	0	0	0	0.0166666666666667	0	0	0	0	0	0	0	0	0	0.0166666666666667	0	0	0	0	0	0	0.0166666666666667	0	0	0.0166666666666667	0	0	0	0	0	0.0166666666666667	0	0	0	0	0	0
"Microtus_gregalis"	0	0	0	0	0	0	0	0	0	0	0	0	0	0	0	0	0	0	0	0	0.0333333333333333	0	0	0	0	0	0	0	0	0	0	0	0	0	0	0	0	0	0	0	0	0	0	0.0333333333333333	0	0	0	0	0	0	0	0	0.0333333333333333	0	0	0	0	0
"Eolagurus_przewalskii"	0	0	0	0	0	0	0	0	0	0	0	0	0	0	0	0	0	0	0	0	0.02	0	0	0	0	0	0.02	0.02	0	0	0	0	0	0	0	0	0	0	0	0.02	0	0	0	0	0	0	0	0	0	0.02	0	0	0	0	0	0	0	0
"Dipus_sagitta"	0	0	0	0	0	0	0	0	0	0	0	0	0	0	0	0	0	0	0	0	0	0	0	0	0	0	0	0	0	0	0	0	0	0	0	0	0	0	0	0.1	0	0	0	0	0	0	0	0	0	0	0	0	0	0	0	0	0	0
"Meriones_unguiculatus"	0	0	0	0	0	0	0	0	0	0	0	0	0	0	0	0	0	0	0	0	0	0	0	0	0	0	0	0.02	0	0	0	0	0	0	0.02	0	0	0	0	0	0	0	0.02	0	0	0	0	0.02	0	0.02	0	0	0	0	0	0	0	0
"Sciurus_vulgaris"	0	0	0	0	0	0	0	0	0	0	0	0	0	0	0	0	0	0	0	0	0	0	0	0	0	0	0	0	0	0	0	0	0	0	0	0	0	0	0	0	0	0	0	0	0	0	0	0	0	0	0.1	0	0	0	0	0	0	0
"Microtus_oeconomus"	0	0	0	0	0	0	0	0	0	0	0	0	0	0	0	0	0	0	0	0	0	0	0	0	0	0	0	0	0	0	0.05	0	0	0	0	0	0	0	0	0	0	0	0	0	0	0	0	0	0	0	0	0	0	0	0	0.05	0	0
"Clethrionomys_rufocanus"	0	0	0	0	0	0	0	0	0	0	0	0	0	0	0	0	0	0	0	0	0	0	0	0	0	0	0	0	0	0	0	0	0	0	0	0	0	0	0	0	0	0	0	0	0	0	0	0	0	0	0	0	0	0	0.1	0	0	0
"Tamias_sibiricus"	0	0	0	0	0	0	0	0	0	0	0	0	0	0	0	0	0	0	0	0	0	0	0	0	0	0	0	0	0	0	0	0	0	0	0	0	0	0	0	0	0	0	0	0	0	0	0	0	0	0	0	0	0	0.1	0	0	0	0
"Citellophilus_tesquorum"	0.025	0.025	0.025	0.025	0	0	0	0	0	0	0	0	0	0	0	0	0	0	0	0	0	0	0	0	0	0	0	0	0	0	0	0	0	0	0	0	0	0	0	0	0	0	0	0	0	0	0	0	0	0	0	0	0	0	0	0	0	0
"Oropsylla_silantiewi"	0.05	0.05	0	0	0	0	0	0	0	0	0	0	0	0	0	0	0	0	0	0	0	0	0	0	0	0	0	0	0	0	0	0	0	0	0	0	0	0	0	0	0	0	0	0	0	0	0	0	0	0	0	0	0	0	0	0	0	0
"Amphipsylla_primaris"	0.0125	0.0125	0.0125	0.0125	0.0125	0	0	0	0	0.0125	0.0125	0.0125	0	0	0	0	0	0	0	0	0	0	0	0	0	0	0	0	0	0	0	0	0	0	0	0	0	0	0	0	0	0	0	0	0	0	0	0	0	0	0	0	0	0	0	0	0	0
"Frontopsylla_elatoides"	0.05	0	0	0	0	0	0.05	0	0	0	0	0	0	0	0	0	0	0	0	0	0	0	0	0	0	0	0	0	0	0	0	0	0	0	0	0	0	0	0	0	0	0	0	0	0	0	0	0	0	0	0	0	0	0	0	0	0	0
"Rhadinopsylla_li"	0.05	0.05	0	0	0	0	0	0	0	0	0	0	0	0	0	0	0	0	0	0	0	0	0	0	0	0	0	0	0	0	0	0	0	0	0	0	0	0	0	0	0	0	0	0	0	0	0	0	0	0	0	0	0	0	0	0	0	0
"Oropsylla_alaskensis"	0.1	0	0	0	0	0	0	0	0	0	0	0	0	0	0	0	0	0	0	0	0	0	0	0	0	0	0	0	0	0	0	0	0	0	0	0	0	0	0	0	0	0	0	0	0	0	0	0	0	0	0	0	0	0	0	0	0	0
"Neopsylla_mana"	0.0166666666666667	0.0166666666666667	0.0166666666666667	0.0166666666666667	0	0.0166666666666667	0.0166666666666667	0	0	0	0	0	0	0	0	0	0	0	0	0	0	0	0	0	0	0	0	0	0	0	0	0	0	0	0	0	0	0	0	0	0	0	0	0	0	0	0	0	0	0	0	0	0	0	0	0	0	0
"Frontopsylla_hetera"	0.0125	0.0125	0.0125	0.0125	0	0.0125	0.0125	0	0.0125	0.0125	0	0	0	0	0	0	0	0	0	0	0	0	0	0	0	0	0	0	0	0	0	0	0	0	0	0	0	0	0	0	0	0	0	0	0	0	0	0	0	0	0	0	0	0	0	0	0	0
"Paradoxopsyllus_dashidorzhii"	0	0.025	0	0.025	0.025	0	0	0	0	0	0	0.025	0	0	0	0	0	0	0	0	0	0	0	0	0	0	0	0	0	0	0	0	0	0	0	0	0	0	0	0	0	0	0	0	0	0	0	0	0	0	0	0	0	0	0	0	0	0
"Neopsylla_pleskei"	0.0125	0.0125	0.0125	0.0125	0.0125	0	0	0.0125	0	0	0	0.0125	0	0.0125	0	0	0	0	0	0	0	0	0	0	0	0	0	0	0	0	0	0	0	0	0	0	0	0	0	0	0	0	0	0	0	0	0	0	0	0	0	0	0	0	0	0	0	0
"Paradoxopsyllus_scorodumovi"	0.025	0	0.025	0.025	0.025	0	0	0	0	0	0	0	0	0	0	0	0	0	0	0	0	0	0	0	0	0	0	0	0	0	0	0	0	0	0	0	0	0	0	0	0	0	0	0	0	0	0	0	0	0	0	0	0	0	0	0	0	0
"Amphipsylla_vinogradovi"	0.05	0	0	0	0	0.05	0	0	0	0	0	0	0	0	0	0	0	0	0	0	0	0	0	0	0	0	0	0	0	0	0	0	0	0	0	0	0	0	0	0	0	0	0	0	0	0	0	0	0	0	0	0	0	0	0	0	0	0
"Amalaraeus_penicilliger"	0	0	0.05	0	0	0	0	0	0	0	0	0	0	0	0	0.05	0	0	0	0	0	0	0	0	0	0	0	0	0	0	0	0	0	0	0	0	0	0	0	0	0	0	0	0	0	0	0	0	0	0	0	0	0	0	0	0	0	0
"Paramonopsyllus_scalonae"	0	0	0	0.1	0	0	0	0	0	0	0	0	0	0	0	0	0	0	0	0	0	0	0	0	0	0	0	0	0	0	0	0	0	0	0	0	0	0	0	0	0	0	0	0	0	0	0	0	0	0	0	0	0	0	0	0	0	0
"Frontopsylla_elata"	0	0	0	0.05	0.05	0	0	0	0	0	0	0	0	0	0	0	0	0	0	0	0	0	0	0	0	0	0	0	0	0	0	0	0	0	0	0	0	0	0	0	0	0	0	0	0	0	0	0	0	0	0	0	0	0	0	0	0	0
"Ctenophyllus_hirticrus"	0.0333333333333333	0	0.0333333333333333	0.0333333333333333	0	0	0	0	0	0	0	0	0	0	0	0	0	0	0	0	0	0	0	0	0	0	0	0	0	0	0	0	0	0	0	0	0	0	0	0	0	0	0	0	0	0	0	0	0	0	0	0	0	0	0	0	0	0
"Nosopsyllus_laeviceps"	0	0	0	0	0	0	0	0.05	0	0	0	0	0	0.05	0	0	0	0	0	0	0	0	0	0	0	0	0	0	0	0	0	0	0	0	0	0	0	0	0	0	0	0	0	0	0	0	0	0	0	0	0	0	0	0	0	0	0	0
"Rhadinopsylla_dahurica"	0.025	0	0.025	0.025	0	0	0	0	0	0.025	0	0	0	0	0	0	0	0	0	0	0	0	0	0	0	0	0	0	0	0	0	0	0	0	0	0	0	0	0	0	0	0	0	0	0	0	0	0	0	0	0	0	0	0	0	0	0	0
"Ophthalmopsylla_praefecta"	0	0	0	0	0	0	0.1	0	0	0	0	0	0	0	0	0	0	0	0	0	0	0	0	0	0	0	0	0	0	0	0	0	0	0	0	0	0	0	0	0	0	0	0	0	0	0	0	0	0	0	0	0	0	0	0	0	0	0
"Neopsylla_abagaitui"	0.1	0	0	0	0	0	0	0	0	0	0	0	0	0	0	0	0	0	0	0	0	0	0	0	0	0	0	0	0	0	0	0	0	0	0	0	0	0	0	0	0	0	0	0	0	0	0	0	0	0	0	0	0	0	0	0	0	0
"Frontopsylla_wagneri"	0	0	0	0	0	0	0.1	0	0	0	0	0	0	0	0	0	0	0	0	0	0	0	0	0	0	0	0	0	0	0	0	0	0	0	0	0	0	0	0	0	0	0	0	0	0	0	0	0	0	0	0	0	0	0	0	0	0	0
"Ophthalmopsylla_kiritschenkovi"	0	0	0	0	0	0	0	0.0333333333333333	0	0	0	0.0333333333333333	0.0333333333333333	0	0	0	0	0	0	0	0	0	0	0	0	0	0	0	0	0	0	0	0	0	0	0	0	0	0	0	0	0	0	0	0	0	0	0	0	0	0	0	0	0	0	0	0	0
"Amphipsylla_dumalis"	0	0	0	0	0	0	0	0	0.1	0	0	0	0	0	0	0	0	0	0	0	0	0	0	0	0	0	0	0	0	0	0	0	0	0	0	0	0	0	0	0	0	0	0	0	0	0	0	0	0	0	0	0	0	0	0	0	0	0
"Neopsylla_bidentatiformis"	0.05	0	0	0	0	0.05	0	0	0	0	0	0	0	0	0	0	0	0	0	0	0	0	0	0	0	0	0	0	0	0	0	0	0	0	0	0	0	0	0	0	0	0	0	0	0	0	0	0	0	0	0	0	0	0	0	0	0	0
"Amphipsylla_longispina"	0	0	0	0.0166666666666667	0.0166666666666667	0.0166666666666667	0.0166666666666667	0	0	0.0166666666666667	0	0	0	0.0166666666666667	0	0	0	0	0	0	0	0	0	0	0	0	0	0	0	0	0	0	0	0	0	0	0	0	0	0	0	0	0	0	0	0	0	0	0	0	0	0	0	0	0	0	0	0
"Callopsylla_caspia"	0	0	0	0.05	0	0	0	0	0	0	0.05	0	0	0	0	0	0	0	0	0	0	0	0	0	0	0	0	0	0	0	0	0	0	0	0	0	0	0	0	0	0	0	0	0	0	0	0	0	0	0	0	0	0	0	0	0	0	0
"Pectinoctenus_pavlovskii"	0	0	0	0	0.0333333333333333	0.0333333333333333	0.0333333333333333	0	0	0	0	0	0	0	0	0	0	0	0	0	0	0	0	0	0	0	0	0	0	0	0	0	0	0	0	0	0	0	0	0	0	0	0	0	0	0	0	0	0	0	0	0	0	0	0	0	0	0
"Neopsylla_galea"	0	0	0.0333333333333333	0	0	0.0333333333333333	0	0	0	0.0333333333333333	0	0	0	0	0	0	0	0	0	0	0	0	0	0	0	0	0	0	0	0	0	0	0	0	0	0	0	0	0	0	0	0	0	0	0	0	0	0	0	0	0	0	0	0	0	0	0	0
"Amphalius_runatus"	0.05	0	0	0.05	0	0	0	0	0	0	0	0	0	0	0	0	0	0	0	0	0	0	0	0	0	0	0	0	0	0	0	0	0	0	0	0	0	0	0	0	0	0	0	0	0	0	0	0	0	0	0	0	0	0	0	0	0	0
"Paradoxopsyllus_kalabukhovi"	0	0	0	0	0	0	0	0.05	0	0	0	0	0	0.05	0	0	0	0	0	0	0	0	0	0	0	0	0	0	0	0	0	0	0	0	0	0	0	0	0	0	0	0	0	0	0	0	0	0	0	0	0	0	0	0	0	0	0	0
"Wagnerina_longicauda"	0	0	0	0.1	0	0	0	0	0	0	0	0	0	0	0	0	0	0	0	0	0	0	0	0	0	0	0	0	0	0	0	0	0	0	0	0	0	0	0	0	0	0	0	0	0	0	0	0	0	0	0	0	0	0	0	0	0	0
"Paradoxopsyllus_integer"	0	0	0	0	0	0.0333333333333333	0	0	0	0	0	0.0333333333333333	0	0.0333333333333333	0	0	0	0	0	0	0	0	0	0	0	0	0	0	0	0	0	0	0	0	0	0	0	0	0	0	0	0	0	0	0	0	0	0	0	0	0	0	0	0	0	0	0	0
"Tarsopsylla_octodecimdentata"	0	0	0	0	0	0	0	0	0	0	0	0	0	0	0.1	0	0	0	0	0	0	0	0	0	0	0	0	0	0	0	0	0	0	0	0	0	0	0	0	0	0	0	0	0	0	0	0	0	0	0	0	0	0	0	0	0	0	0
"Rhadinopsylla_rothschildi"	0	0	0.0333333333333333	0.0333333333333333	0	0	0	0	0	0.0333333333333333	0	0	0	0	0	0	0	0	0	0	0	0	0	0	0	0	0	0	0	0	0	0	0	0	0	0	0	0	0	0	0	0	0	0	0	0	0	0	0	0	0	0	0	0	0	0	0	0
"Amphipsylla_kuznetzovi"	0.05	0	0	0	0	0	0	0	0	0	0.05	0	0	0	0	0	0	0	0	0	0	0	0	0	0	0	0	0	0	0	0	0	0	0	0	0	0	0	0	0	0	0	0	0	0	0	0	0	0	0	0	0	0	0	0	0	0	0
"Ceratophyllus_indages"	0	0	0	0	0	0	0	0	0	0	0	0	0	0	0	0	0	0.1	0	0	0	0	0	0	0	0	0	0	0	0	0	0	0	0	0	0	0	0	0	0	0	0	0	0	0	0	0	0	0	0	0	0	0	0	0	0	0	0
"Megabothris_rectangulatus"	0	0	0	0	0	0	0	0	0	0	0	0	0	0	0	0	0.1	0	0	0	0	0	0	0	0	0	0	0	0	0	0	0	0	0	0	0	0	0	0	0	0	0	0	0	0	0	0	0	0	0	0	0	0	0	0	0	0	0
"Rhadinopsylla_altaica"	0	0	0	0	0	0	0	0	0	0	0	0	0	0	0	0.1	0	0	0	0	0	0	0	0	0	0	0	0	0	0	0	0	0	0	0	0	0	0	0	0	0	0	0	0	0	0	0	0	0	0	0	0	0	0	0	0	0	0
"Rhadinopsylla_pseudodahurica"	0	0	0	0.1	0	0	0	0	0	0	0	0	0	0	0	0	0	0	0	0	0	0	0	0	0	0	0	0	0	0	0	0	0	0	0	0	0	0	0	0	0	0	0	0	0	0	0	0	0	0	0	0	0	0	0	0	0	0
"Xenopsylla_conformis"	0	0	0	0	0	0	0	0.1	0	0	0	0	0	0	0	0	0	0	0	0	0	0	0	0	0	0	0	0	0	0	0	0	0	0	0	0	0	0	0	0	0	0	0	0	0	0	0	0	0	0	0	0	0	0	0	0	0	0
