"Microtus_arvalis"	"Lagurus_lagurus"	"Marmota_bobak"	"Arvicola_terrestris"	"Allocricetulus_eversmanni"	"Apodemus_uralensis"	"Microtus_gregalis"	"Spermophilus_major"	"Sorex_araneus"	"Clethrionomys_glareolus"	"Microtus_oeconomus"	"Spermophilus_pygmaeus"	"Allactaga_major"	"Cricetus_cricetus"	"Spermophilus_fulvus"	"Micromys_minutus"	"Ctenophthalmus_breviatus"	"Ctenophthalmus_assimilis"	"Citellophilus_tesquorum"	"Neopsylla_pleskei"	"Frontopsylla_elata"	"Oropsylla_ilovaiskii"	"Amalaraeus_penicilliger"	"Peromyscopsylla_bidentata"	"Corrodopsylla_birulai"	"Mesopsylla_hebes"	"Amphipsylla_prima"	"Frontopsylla_semura"	"Palaeopsylla_soricis"	"Leptopsylla_segnis"	"Neopsylla_setosa"	"Oropsylla_silantiewi"	"Amphipsylla_kalabukhovi"	"Amphipsylla_kuznetzovi"
"Microtus_arvalis"	0	0	0	0	0	0	0	0	0	0	0	0	0	0	0	0	0.0142857142857143	0.0142857142857143	0.0142857142857143	0.0142857142857143	0.0142857142857143	0	0	0.0142857142857143	0	0	0	0	0	0	0	0	0	0.0142857142857143
"Lagurus_lagurus"	0	0	0	0	0	0	0	0	0	0	0	0	0	0	0	0	0.02	0.02	0.02	0.02	0	0	0	0	0	0	0.02	0	0	0	0	0	0	0
"Marmota_bobak"	0	0	0	0	0	0	0	0	0	0	0	0	0	0	0	0	0.0333333333333333	0	0.0333333333333333	0	0	0	0	0	0	0	0	0	0	0	0	0.0333333333333333	0	0
"Arvicola_terrestris"	0	0	0	0	0	0	0	0	0	0	0	0	0	0	0	0	0.02	0.02	0.02	0.02	0.02	0	0	0	0	0	0	0	0	0	0	0	0	0
"Allocricetulus_eversmanni"	0	0	0	0	0	0	0	0	0	0	0	0	0	0	0	0	0.0166666666666667	0.0166666666666667	0.0166666666666667	0.0166666666666667	0	0	0	0	0	0	0	0.0166666666666667	0	0	0	0	0.0166666666666667	0
"Apodemus_uralensis"	0	0	0	0	0	0	0	0	0	0	0	0	0	0	0	0	0.0166666666666667	0.0166666666666667	0.0166666666666667	0.0166666666666667	0.0166666666666667	0	0	0.0166666666666667	0	0	0	0	0	0	0	0	0	0
"Microtus_gregalis"	0	0	0	0	0	0	0	0	0	0	0	0	0	0	0	0	0.02	0.02	0	0.02	0.02	0	0.02	0	0	0	0	0	0	0	0	0	0	0
"Spermophilus_major"	0	0	0	0	0	0	0	0	0	0	0	0	0	0	0	0	0.0333333333333333	0	0.0333333333333333	0	0	0.0333333333333333	0	0	0	0	0	0	0	0	0	0	0	0
"Sorex_araneus"	0	0	0	0	0	0	0	0	0	0	0	0	0	0	0	0	0.025	0.025	0	0	0	0	0	0	0.025	0	0	0	0.025	0	0	0	0	0
"Clethrionomys_glareolus"	0	0	0	0	0	0	0	0	0	0	0	0	0	0	0	0	0	0.0142857142857143	0	0.0142857142857143	0.0142857142857143	0	0.0142857142857143	0.0142857142857143	0	0	0.0142857142857143	0	0	0.0142857142857143	0	0	0	0
"Microtus_oeconomus"	0	0	0	0	0	0	0	0	0	0	0	0	0	0	0	0	0.025	0.025	0	0	0.025	0	0	0	0.025	0	0	0	0	0	0	0	0	0
"Spermophilus_pygmaeus"	0	0	0	0	0	0	0	0	0	0	0	0	0	0	0	0	0.0333333333333333	0	0.0333333333333333	0	0	0	0	0	0	0	0	0	0	0	0.0333333333333333	0	0	0
"Allactaga_major"	0	0	0	0	0	0	0	0	0	0	0	0	0	0	0	0	0	0	0	0.0333333333333333	0	0.0333333333333333	0	0	0	0.0333333333333333	0	0	0	0	0	0	0	0
"Cricetus_cricetus"	0	0	0	0	0	0	0	0	0	0	0	0	0	0	0	0	0.0333333333333333	0	0	0.0333333333333333	0	0	0	0	0	0	0	0	0	0.0333333333333333	0	0	0	0
"Spermophilus_fulvus"	0	0	0	0	0	0	0	0	0	0	0	0	0	0	0	0	0	0	0	0	0	0.0333333333333333	0	0	0	0	0	0.0333333333333333	0	0	0.0333333333333333	0	0	0
"Micromys_minutus"	0	0	0	0	0	0	0	0	0	0	0	0	0	0	0	0	0	0	0	0	0	0	0.1	0	0	0	0	0	0	0	0	0	0	0
"Ctenophthalmus_breviatus"	0.00833333333333333	0.00833333333333333	0.00833333333333333	0.00833333333333333	0.00833333333333333	0.00833333333333333	0.00833333333333333	0.00833333333333333	0.00833333333333333	0	0.00833333333333333	0.00833333333333333	0	0.00833333333333333	0	0	0	0	0	0	0	0	0	0	0	0	0	0	0	0	0	0	0	0
"Ctenophthalmus_assimilis"	0.0111111111111111	0.0111111111111111	0	0.0111111111111111	0.0111111111111111	0.0111111111111111	0.0111111111111111	0	0.0111111111111111	0.0111111111111111	0.0111111111111111	0	0	0	0	0	0	0	0	0	0	0	0	0	0	0	0	0	0	0	0	0	0	0
"Citellophilus_tesquorum"	0.0125	0.0125	0.0125	0.0125	0.0125	0.0125	0	0.0125	0	0	0	0.0125	0	0	0	0	0	0	0	0	0	0	0	0	0	0	0	0	0	0	0	0	0	0
"Neopsylla_pleskei"	0.0111111111111111	0.0111111111111111	0	0.0111111111111111	0.0111111111111111	0.0111111111111111	0.0111111111111111	0	0	0.0111111111111111	0	0	0.0111111111111111	0.0111111111111111	0	0	0	0	0	0	0	0	0	0	0	0	0	0	0	0	0	0	0	0
"Frontopsylla_elata"	0.0166666666666667	0	0	0.0166666666666667	0	0.0166666666666667	0.0166666666666667	0	0	0.0166666666666667	0.0166666666666667	0	0	0	0	0	0	0	0	0	0	0	0	0	0	0	0	0	0	0	0	0	0	0
"Oropsylla_ilovaiskii"	0	0	0	0	0	0	0	0.0333333333333333	0	0	0	0	0.0333333333333333	0	0.0333333333333333	0	0	0	0	0	0	0	0	0	0	0	0	0	0	0	0	0	0	0
"Amalaraeus_penicilliger"	0	0	0	0	0	0	0.0333333333333333	0	0	0.0333333333333333	0	0	0	0	0	0.0333333333333333	0	0	0	0	0	0	0	0	0	0	0	0	0	0	0	0	0	0
"Peromyscopsylla_bidentata"	0.0333333333333333	0	0	0	0	0.0333333333333333	0	0	0	0.0333333333333333	0	0	0	0	0	0	0	0	0	0	0	0	0	0	0	0	0	0	0	0	0	0	0	0
"Corrodopsylla_birulai"	0	0	0	0	0	0	0	0	0.05	0	0.05	0	0	0	0	0	0	0	0	0	0	0	0	0	0	0	0	0	0	0	0	0	0	0
"Mesopsylla_hebes"	0	0	0	0	0	0	0	0	0	0	0	0	0.1	0	0	0	0	0	0	0	0	0	0	0	0	0	0	0	0	0	0	0	0	0
"Amphipsylla_prima"	0	0.05	0	0	0	0	0	0	0	0.05	0	0	0	0	0	0	0	0	0	0	0	0	0	0	0	0	0	0	0	0	0	0	0	0
"Frontopsylla_semura"	0	0	0	0	0.05	0	0	0	0	0	0	0	0	0	0.05	0	0	0	0	0	0	0	0	0	0	0	0	0	0	0	0	0	0	0
"Palaeopsylla_soricis"	0	0	0	0	0	0	0	0	0.1	0	0	0	0	0	0	0	0	0	0	0	0	0	0	0	0	0	0	0	0	0	0	0	0	0
"Leptopsylla_segnis"	0	0	0	0	0	0	0	0	0	0.05	0	0	0	0.05	0	0	0	0	0	0	0	0	0	0	0	0	0	0	0	0	0	0	0	0
"Neopsylla_setosa"	0	0	0	0	0	0	0	0	0	0	0	0.05	0	0	0.05	0	0	0	0	0	0	0	0	0	0	0	0	0	0	0	0	0	0	0
"Oropsylla_silantiewi"	0	0	0.1	0	0	0	0	0	0	0	0	0	0	0	0	0	0	0	0	0	0	0	0	0	0	0	0	0	0	0	0	0	0	0
"Amphipsylla_kalabukhovi"	0	0	0	0	0.1	0	0	0	0	0	0	0	0	0	0	0	0	0	0	0	0	0	0	0	0	0	0	0	0	0	0	0	0	0
"Amphipsylla_kuznetzovi"	0.1	0	0	0	0	0	0	0	0	0	0	0	0	0	0	0	0	0	0	0	0	0	0	0	0	0	0	0	0	0	0	0	0	0
