"Sorex_araneus"	"Clethrionomys_glareolus"	"Talpa_europaea"	"Microtus_oeconomus"	"Apodemus_uralensis"	"Clethrionomys_rutilus"	"Microtus_arvalis"	"Sorex_caecutiens"	"Apodemus_agrarius"	"Sciurus_vulgaris"	"Sorex_minutus"	"Microtus_agrestis"	"Neomys_fodiens"	"Myopus_schisticolor"	"Micromys_minutus"	"Palaeopsylla_soricis"	"Ctenophthalmus_uncinatus"	"Doratopsylla_dasycnema"	"Megabothris_turbidus"	"Ctenophthalmus_bisoctodentatus"	"Ctenophthalmus_agyrtes"	"Peromyscopsylla_bidentata"	"Amalaraeus_penicilliger"	"Palaeopsylla_kohauti"	"Megabothris_walkeri"	"Hystrichopsylla_talpae"	"Amphipsylla_rossica"	"Peromyscopsylla_silvatica"	"Ctenophthalmus_assimilis"	"Megabothris_rectangulatus"	"Ceratophyllus_sciurorum"	"Tarsopsylla_octodecimdentata"	"Corrodopsylla_birulai"	"Ceratophyllus_indages"	"Rhadinopsylla_integella"	"Leptopsylla_segnis"
"Sorex_araneus"	0	0	0	0	0	0	0	0	0	0	0	0	0	0	0	0.00714285714285714	0.00714285714285714	0.00714285714285714	0.00714285714285714	0.00714285714285714	0.00714285714285714	0.00714285714285714	0.00714285714285714	0.00714285714285714	0.00714285714285714	0.00714285714285714	0	0	0.00714285714285714	0	0	0	0.00714285714285714	0	0.00714285714285714	0
"Clethrionomys_glareolus"	0	0	0	0	0	0	0	0	0	0	0	0	0	0	0	0.00666666666666667	0.00666666666666667	0.00666666666666667	0.00666666666666667	0.00666666666666667	0.00666666666666667	0.00666666666666667	0.00666666666666667	0	0.00666666666666667	0.00666666666666667	0.00666666666666667	0.00666666666666667	0.00666666666666667	0.00666666666666667	0	0	0	0	0.00666666666666667	0
"Talpa_europaea"	0	0	0	0	0	0	0	0	0	0	0	0	0	0	0	0.00833333333333333	0.00833333333333333	0.00833333333333333	0.00833333333333333	0.00833333333333333	0.00833333333333333	0	0.00833333333333333	0.00833333333333333	0.00833333333333333	0.00833333333333333	0	0	0.00833333333333333	0	0	0	0.00833333333333333	0	0	0
"Microtus_oeconomus"	0	0	0	0	0	0	0	0	0	0	0	0	0	0	0	0.0125	0.0125	0	0.0125	0	0.0125	0.0125	0	0	0.0125	0	0.0125	0	0	0	0	0	0.0125	0	0	0
"Apodemus_uralensis"	0	0	0	0	0	0	0	0	0	0	0	0	0	0	0	0.01	0.01	0.01	0.01	0	0.01	0.01	0	0	0.01	0	0.01	0	0.01	0	0	0	0	0	0	0.01
"Clethrionomys_rutilus"	0	0	0	0	0	0	0	0	0	0	0	0	0	0	0	0	0.0125	0	0.0125	0	0.0125	0.0125	0.0125	0	0	0.0125	0	0.0125	0	0.0125	0	0	0	0	0	0
"Microtus_arvalis"	0	0	0	0	0	0	0	0	0	0	0	0	0	0	0	0.00833333333333333	0.00833333333333333	0	0.00833333333333333	0.00833333333333333	0.00833333333333333	0.00833333333333333	0.00833333333333333	0	0.00833333333333333	0.00833333333333333	0.00833333333333333	0	0.00833333333333333	0	0	0	0	0	0	0.00833333333333333
"Sorex_caecutiens"	0	0	0	0	0	0	0	0	0	0	0	0	0	0	0	0.0166666666666667	0.0166666666666667	0.0166666666666667	0	0	0.0166666666666667	0.0166666666666667	0	0	0	0.0166666666666667	0	0	0	0	0	0	0	0	0	0
"Apodemus_agrarius"	0	0	0	0	0	0	0	0	0	0	0	0	0	0	0	0.0111111111111111	0.0111111111111111	0	0.0111111111111111	0	0.0111111111111111	0	0	0	0.0111111111111111	0.0111111111111111	0.0111111111111111	0	0.0111111111111111	0.0111111111111111	0	0	0	0	0	0
"Sciurus_vulgaris"	0	0	0	0	0	0	0	0	0	0	0	0	0	0	0	0	0.0142857142857143	0	0	0.0142857142857143	0	0	0.0142857142857143	0	0.0142857142857143	0	0	0	0	0	0.0142857142857143	0.0142857142857143	0	0.0142857142857143	0	0
"Sorex_minutus"	0	0	0	0	0	0	0	0	0	0	0	0	0	0	0	0.0166666666666667	0.0166666666666667	0.0166666666666667	0	0.0166666666666667	0	0	0.0166666666666667	0	0	0.0166666666666667	0	0	0	0	0	0	0	0	0	0
"Microtus_agrestis"	0	0	0	0	0	0	0	0	0	0	0	0	0	0	0	0	0.0142857142857143	0	0.0142857142857143	0	0.0142857142857143	0.0142857142857143	0	0	0.0142857142857143	0.0142857142857143	0.0142857142857143	0	0	0	0	0	0	0	0	0
"Neomys_fodiens"	0	0	0	0	0	0	0	0	0	0	0	0	0	0	0	0.025	0.025	0.025	0	0	0	0	0	0	0	0	0	0	0	0	0	0	0.025	0	0	0
"Myopus_schisticolor"	0	0	0	0	0	0	0	0	0	0	0	0	0	0	0	0.02	0.02	0	0	0	0	0.02	0	0	0.02	0	0	0	0	0.02	0	0	0	0	0	0
"Micromys_minutus"	0	0	0	0	0	0	0	0	0	0	0	0	0	0	0	0.025	0	0	0.025	0	0.025	0	0	0	0	0.025	0	0	0	0	0	0	0	0	0	0
"Palaeopsylla_soricis"	0.00833333333333333	0.00833333333333333	0.00833333333333333	0.00833333333333333	0.00833333333333333	0	0.00833333333333333	0.00833333333333333	0.00833333333333333	0	0.00833333333333333	0	0.00833333333333333	0.00833333333333333	0.00833333333333333	0	0	0	0	0	0	0	0	0	0	0	0	0	0	0	0	0	0	0	0	0
"Ctenophthalmus_uncinatus"	0.00714285714285714	0.00714285714285714	0.00714285714285714	0.00714285714285714	0.00714285714285714	0.00714285714285714	0.00714285714285714	0.00714285714285714	0.00714285714285714	0.00714285714285714	0.00714285714285714	0.00714285714285714	0.00714285714285714	0.00714285714285714	0	0	0	0	0	0	0	0	0	0	0	0	0	0	0	0	0	0	0	0	0	0
"Doratopsylla_dasycnema"	0.0142857142857143	0.0142857142857143	0.0142857142857143	0	0.0142857142857143	0	0	0.0142857142857143	0	0	0.0142857142857143	0	0.0142857142857143	0	0	0	0	0	0	0	0	0	0	0	0	0	0	0	0	0	0	0	0	0	0	0
"Megabothris_turbidus"	0.01	0.01	0.01	0.01	0.01	0.01	0.01	0	0.01	0	0	0.01	0	0	0.01	0	0	0	0	0	0	0	0	0	0	0	0	0	0	0	0	0	0	0	0	0
"Ctenophthalmus_bisoctodentatus"	0.0166666666666667	0.0166666666666667	0.0166666666666667	0	0	0	0.0166666666666667	0	0	0.0166666666666667	0.0166666666666667	0	0	0	0	0	0	0	0	0	0	0	0	0	0	0	0	0	0	0	0	0	0	0	0	0
"Ctenophthalmus_agyrtes"	0.00909090909090909	0.00909090909090909	0.00909090909090909	0.00909090909090909	0.00909090909090909	0.00909090909090909	0.00909090909090909	0.00909090909090909	0.00909090909090909	0	0	0.00909090909090909	0	0	0.00909090909090909	0	0	0	0	0	0	0	0	0	0	0	0	0	0	0	0	0	0	0	0	0
"Peromyscopsylla_bidentata"	0.0111111111111111	0.0111111111111111	0	0.0111111111111111	0.0111111111111111	0.0111111111111111	0.0111111111111111	0.0111111111111111	0	0	0	0.0111111111111111	0	0.0111111111111111	0	0	0	0	0	0	0	0	0	0	0	0	0	0	0	0	0	0	0	0	0	0
"Amalaraeus_penicilliger"	0.0142857142857143	0.0142857142857143	0.0142857142857143	0	0	0.0142857142857143	0.0142857142857143	0	0	0.0142857142857143	0.0142857142857143	0	0	0	0	0	0	0	0	0	0	0	0	0	0	0	0	0	0	0	0	0	0	0	0	0
"Palaeopsylla_kohauti"	0.05	0	0.05	0	0	0	0	0	0	0	0	0	0	0	0	0	0	0	0	0	0	0	0	0	0	0	0	0	0	0	0	0	0	0	0	0
"Megabothris_walkeri"	0.01	0.01	0.01	0.01	0.01	0	0.01	0	0.01	0.01	0	0.01	0	0.01	0	0	0	0	0	0	0	0	0	0	0	0	0	0	0	0	0	0	0	0	0	0
"Hystrichopsylla_talpae"	0.01	0.01	0.01	0	0	0.01	0.01	0.01	0.01	0	0.01	0.01	0	0	0.01	0	0	0	0	0	0	0	0	0	0	0	0	0	0	0	0	0	0	0	0	0
"Amphipsylla_rossica"	0	0.0166666666666667	0	0.0166666666666667	0.0166666666666667	0	0.0166666666666667	0	0.0166666666666667	0	0	0.0166666666666667	0	0	0	0	0	0	0	0	0	0	0	0	0	0	0	0	0	0	0	0	0	0	0	0
"Peromyscopsylla_silvatica"	0	0.05	0	0	0	0.05	0	0	0	0	0	0	0	0	0	0	0	0	0	0	0	0	0	0	0	0	0	0	0	0	0	0	0	0	0	0
"Ctenophthalmus_assimilis"	0.0166666666666667	0.0166666666666667	0.0166666666666667	0	0.0166666666666667	0	0.0166666666666667	0	0.0166666666666667	0	0	0	0	0	0	0	0	0	0	0	0	0	0	0	0	0	0	0	0	0	0	0	0	0	0	0
"Megabothris_rectangulatus"	0	0.025	0	0	0	0.025	0	0	0.025	0	0	0	0	0.025	0	0	0	0	0	0	0	0	0	0	0	0	0	0	0	0	0	0	0	0	0	0
"Ceratophyllus_sciurorum"	0	0	0	0	0	0	0	0	0	0.1	0	0	0	0	0	0	0	0	0	0	0	0	0	0	0	0	0	0	0	0	0	0	0	0	0	0
"Tarsopsylla_octodecimdentata"	0	0	0	0	0	0	0	0	0	0.1	0	0	0	0	0	0	0	0	0	0	0	0	0	0	0	0	0	0	0	0	0	0	0	0	0	0
"Corrodopsylla_birulai"	0.025	0	0.025	0.025	0	0	0	0	0	0	0	0	0.025	0	0	0	0	0	0	0	0	0	0	0	0	0	0	0	0	0	0	0	0	0	0	0
"Ceratophyllus_indages"	0	0	0	0	0	0	0	0	0	0.1	0	0	0	0	0	0	0	0	0	0	0	0	0	0	0	0	0	0	0	0	0	0	0	0	0	0
"Rhadinopsylla_integella"	0.05	0.05	0	0	0	0	0	0	0	0	0	0	0	0	0	0	0	0	0	0	0	0	0	0	0	0	0	0	0	0	0	0	0	0	0	0
"Leptopsylla_segnis"	0	0	0	0	0.05	0	0.05	0	0	0	0	0	0	0	0	0	0	0	0	0	0	0	0	0	0	0	0	0	0	0	0	0	0	0	0	0
