"Clethrionomys_rutilus"	"Sorex_araneus"	"Clethrionomys_glareolus"	"Microtus_arvalis"	"Microtus_agrestis"	"Sorex_caecutiens"	"Clethrionomys_rufocanus"	"Microtus_oeconomus"	"Apodemus_agrarius"	"Neomys_fodiens"	"Sorex_isodon"	"Sorex_roboratus"	"Micromys_minutus"	"Tamias_sibiricus"	"Arvicola_terrestris"	"Sorex_arcticus"	"Sorex_minutus"	"Apodemus_peninsulae"	"Sorex_minutissimus"	"Sciurus_vulgaris"	"Sicista_betulina"	"Myopus_schisticolor"	"Sorex_daphaenodon"	"Talpa_altaica"	"Cricetus_cricetus"	"Apodemus_uralensis"	"Talpa_europaea"	"Peromyscopsylla_silvatica"	"Corrodopsylla_birulai"	"Megabothris_rectangulatus"	"Doratopsylla_dasycnema"	"Palaeopsylla_soricis"	"Ctenophthalmus_uncinatus"	"Amalaraeus_penicilliger"	"Hystrichopsylla_talpae"	"Rhadinopsylla_li"	"Ceratophyllus_indages"	"Megabothris_walkeri"	"Ctenophthalmus_assimilis"	"Tarsopsylla_octodecimdentata"	"Neopsylla_pleskei"	"Frontopsylla_elata"	"Amphipsylla_sibirica"	"Neopsylla_acanthina"	"Nosopsyllus_fasciatus"	"Leptopsylla_segnis"	"Catallagia_dacenkoi"	"Megabothris_calcarifer"	"Megabothris_turbidus"	"Catallagia_ioffi"	"Ctenophthalmus_pisticus"	"Neopsylla_mana"	"Rhadinopsylla_integella"
"Clethrionomys_rutilus"	0	0	0	0	0	0	0	0	0	0	0	0	0	0	0	0	0	0	0	0	0	0	0	0	0	0	0	0.00714285714285714	0.00714285714285714	0.00714285714285714	0.00714285714285714	0.00714285714285714	0.00714285714285714	0.00714285714285714	0.00714285714285714	0.00714285714285714	0	0	0.00714285714285714	0	0	0	0	0	0	0.00714285714285714	0.00714285714285714	0	0	0.00714285714285714	0	0	0.00714285714285714
"Sorex_araneus"	0	0	0	0	0	0	0	0	0	0	0	0	0	0	0	0	0	0	0	0	0	0	0	0	0	0	0	0.00909090909090909	0.00909090909090909	0.00909090909090909	0.00909090909090909	0.00909090909090909	0.00909090909090909	0.00909090909090909	0.00909090909090909	0.00909090909090909	0.00909090909090909	0	0	0	0	0	0.00909090909090909	0	0	0	0	0	0	0	0	0	0
"Clethrionomys_glareolus"	0	0	0	0	0	0	0	0	0	0	0	0	0	0	0	0	0	0	0	0	0	0	0	0	0	0	0	0.00588235294117647	0.00588235294117647	0.00588235294117647	0.00588235294117647	0.00588235294117647	0.00588235294117647	0.00588235294117647	0.00588235294117647	0.00588235294117647	0	0.00588235294117647	0.00588235294117647	0	0.00588235294117647	0.00588235294117647	0.00588235294117647	0.00588235294117647	0	0	0	0.00588235294117647	0.00588235294117647	0	0	0	0
"Microtus_arvalis"	0	0	0	0	0	0	0	0	0	0	0	0	0	0	0	0	0	0	0	0	0	0	0	0	0	0	0	0.00714285714285714	0.00714285714285714	0.00714285714285714	0.00714285714285714	0.00714285714285714	0.00714285714285714	0.00714285714285714	0.00714285714285714	0.00714285714285714	0	0.00714285714285714	0.00714285714285714	0	0	0	0.00714285714285714	0.00714285714285714	0	0	0.00714285714285714	0	0	0	0	0	0
"Microtus_agrestis"	0	0	0	0	0	0	0	0	0	0	0	0	0	0	0	0	0	0	0	0	0	0	0	0	0	0	0	0.00714285714285714	0.00714285714285714	0.00714285714285714	0.00714285714285714	0.00714285714285714	0.00714285714285714	0.00714285714285714	0.00714285714285714	0.00714285714285714	0	0.00714285714285714	0.00714285714285714	0	0	0.00714285714285714	0.00714285714285714	0	0	0	0	0	0.00714285714285714	0	0	0	0
"Sorex_caecutiens"	0	0	0	0	0	0	0	0	0	0	0	0	0	0	0	0	0	0	0	0	0	0	0	0	0	0	0	0.01	0.01	0.01	0.01	0.01	0.01	0.01	0.01	0.01	0	0	0	0	0	0	0	0	0	0	0.01	0	0	0	0	0	0
"Clethrionomys_rufocanus"	0	0	0	0	0	0	0	0	0	0	0	0	0	0	0	0	0	0	0	0	0	0	0	0	0	0	0	0.0111111111111111	0	0.0111111111111111	0.0111111111111111	0.0111111111111111	0.0111111111111111	0.0111111111111111	0.0111111111111111	0.0111111111111111	0.0111111111111111	0	0	0	0	0	0	0	0	0	0	0	0	0	0	0	0
"Microtus_oeconomus"	0	0	0	0	0	0	0	0	0	0	0	0	0	0	0	0	0	0	0	0	0	0	0	0	0	0	0	0.00909090909090909	0.00909090909090909	0.00909090909090909	0	0.00909090909090909	0.00909090909090909	0.00909090909090909	0.00909090909090909	0.00909090909090909	0	0.00909090909090909	0	0	0	0	0.00909090909090909	0	0	0	0	0.00909090909090909	0	0	0	0	0
"Apodemus_agrarius"	0	0	0	0	0	0	0	0	0	0	0	0	0	0	0	0	0	0	0	0	0	0	0	0	0	0	0	0.00714285714285714	0.00714285714285714	0.00714285714285714	0.00714285714285714	0.00714285714285714	0.00714285714285714	0	0.00714285714285714	0.00714285714285714	0	0	0.00714285714285714	0	0.00714285714285714	0.00714285714285714	0	0.00714285714285714	0.00714285714285714	0.00714285714285714	0	0	0	0	0	0	0
"Neomys_fodiens"	0	0	0	0	0	0	0	0	0	0	0	0	0	0	0	0	0	0	0	0	0	0	0	0	0	0	0	0.02	0.02	0	0	0.02	0.02	0	0	0.02	0	0	0	0	0	0	0	0	0	0	0	0	0	0	0	0	0
"Sorex_isodon"	0	0	0	0	0	0	0	0	0	0	0	0	0	0	0	0	0	0	0	0	0	0	0	0	0	0	0	0.0142857142857143	0	0.0142857142857143	0.0142857142857143	0.0142857142857143	0	0.0142857142857143	0.0142857142857143	0.0142857142857143	0	0	0	0	0	0	0	0	0	0	0	0	0	0	0	0	0
"Sorex_roboratus"	0	0	0	0	0	0	0	0	0	0	0	0	0	0	0	0	0	0	0	0	0	0	0	0	0	0	0	0	0.025	0	0	0.025	0	0	0	0.025	0	0	0.025	0	0	0	0	0	0	0	0	0	0	0	0	0	0
"Micromys_minutus"	0	0	0	0	0	0	0	0	0	0	0	0	0	0	0	0	0	0	0	0	0	0	0	0	0	0	0	0	0.02	0.02	0	0.02	0	0	0	0.02	0	0	0	0	0	0	0	0	0	0.02	0	0	0	0	0	0	0
"Tamias_sibiricus"	0	0	0	0	0	0	0	0	0	0	0	0	0	0	0	0	0	0	0	0	0	0	0	0	0	0	0	0.025	0	0	0	0	0	0	0	0.025	0.025	0	0	0	0	0	0	0	0	0	0	0	0	0	0.025	0	0
"Arvicola_terrestris"	0	0	0	0	0	0	0	0	0	0	0	0	0	0	0	0	0	0	0	0	0	0	0	0	0	0	0	0.0125	0	0.0125	0	0	0.0125	0.0125	0.0125	0.0125	0	0.0125	0	0	0	0.0125	0	0	0	0	0	0	0	0	0	0	0
"Sorex_arcticus"	0	0	0	0	0	0	0	0	0	0	0	0	0	0	0	0	0	0	0	0	0	0	0	0	0	0	0	0	0.02	0.02	0	0.02	0	0	0	0.02	0	0	0	0	0	0	0	0	0	0	0	0	0	0	0	0.02	0
"Sorex_minutus"	0	0	0	0	0	0	0	0	0	0	0	0	0	0	0	0	0	0	0	0	0	0	0	0	0	0	0	0	0.02	0.02	0	0.02	0.02	0	0	0.02	0	0	0	0	0	0	0	0	0	0	0	0	0	0	0	0	0
"Apodemus_peninsulae"	0	0	0	0	0	0	0	0	0	0	0	0	0	0	0	0	0	0	0	0	0	0	0	0	0	0	0	0.0111111111111111	0.0111111111111111	0.0111111111111111	0	0.0111111111111111	0.0111111111111111	0	0.0111111111111111	0.0111111111111111	0	0	0	0	0.0111111111111111	0	0	0	0	0.0111111111111111	0	0	0	0	0	0	0
"Sorex_minutissimus"	0	0	0	0	0	0	0	0	0	0	0	0	0	0	0	0	0	0	0	0	0	0	0	0	0	0	0	0.025	0	0.025	0	0	0	0.025	0	0.025	0	0	0	0	0	0	0	0	0	0	0	0	0	0	0	0	0
"Sciurus_vulgaris"	0	0	0	0	0	0	0	0	0	0	0	0	0	0	0	0	0	0	0	0	0	0	0	0	0	0	0	0	0	0	0	0	0	0	0	0.05	0	0	0	0.05	0	0	0	0	0	0	0	0	0	0	0	0	0
"Sicista_betulina"	0	0	0	0	0	0	0	0	0	0	0	0	0	0	0	0	0	0	0	0	0	0	0	0	0	0	0	0.02	0	0	0	0.02	0.02	0	0.02	0.02	0	0	0	0	0	0	0	0	0	0	0	0	0	0	0	0	0
"Myopus_schisticolor"	0	0	0	0	0	0	0	0	0	0	0	0	0	0	0	0	0	0	0	0	0	0	0	0	0	0	0	0	0	0.02	0	0.02	0	0.02	0.02	0.02	0	0	0	0	0	0	0	0	0	0	0	0	0	0	0	0	0
"Sorex_daphaenodon"	0	0	0	0	0	0	0	0	0	0	0	0	0	0	0	0	0	0	0	0	0	0	0	0	0	0	0	0	0.05	0	0	0	0	0	0	0.05	0	0	0	0	0	0	0	0	0	0	0	0	0	0	0	0	0
"Talpa_altaica"	0	0	0	0	0	0	0	0	0	0	0	0	0	0	0	0	0	0	0	0	0	0	0	0	0	0	0	0	0.025	0	0	0	0.025	0	0	0.025	0	0	0.025	0	0	0	0	0	0	0	0	0	0	0	0	0	0
"Cricetus_cricetus"	0	0	0	0	0	0	0	0	0	0	0	0	0	0	0	0	0	0	0	0	0	0	0	0	0	0	0	0	0	0	0	0	0.0333333333333333	0	0.0333333333333333	0.0333333333333333	0	0	0	0	0	0	0	0	0	0	0	0	0	0	0	0	0
"Apodemus_uralensis"	0	0	0	0	0	0	0	0	0	0	0	0	0	0	0	0	0	0	0	0	0	0	0	0	0	0	0	0	0	0.0333333333333333	0	0	0	0	0	0.0333333333333333	0	0	0	0	0.0333333333333333	0	0	0	0	0	0	0	0	0	0	0	0
"Talpa_europaea"	0	0	0	0	0	0	0	0	0	0	0	0	0	0	0	0	0	0	0	0	0	0	0	0	0	0	0	0	0	0	0	0	0.0333333333333333	0	0.0333333333333333	0.0333333333333333	0	0	0	0	0	0	0	0	0	0	0	0	0	0	0	0	0
"Peromyscopsylla_silvatica"	0.00625	0.00625	0.00625	0.00625	0.00625	0.00625	0.00625	0.00625	0.00625	0.00625	0.00625	0	0	0.00625	0.00625	0	0	0.00625	0.00625	0	0.00625	0	0	0	0	0	0	0	0	0	0	0	0	0	0	0	0	0	0	0	0	0	0	0	0	0	0	0	0	0	0	0	0
"Corrodopsylla_birulai"	0.00625	0.00625	0.00625	0.00625	0.00625	0.00625	0	0.00625	0.00625	0.00625	0	0.00625	0.00625	0	0	0.00625	0.00625	0.00625	0	0	0	0	0.00625	0.00625	0	0	0	0	0	0	0	0	0	0	0	0	0	0	0	0	0	0	0	0	0	0	0	0	0	0	0	0	0
"Megabothris_rectangulatus"	0.00555555555555556	0.00555555555555556	0.00555555555555556	0.00555555555555556	0.00555555555555556	0.00555555555555556	0.00555555555555556	0.00555555555555556	0.00555555555555556	0	0.00555555555555556	0	0.00555555555555556	0	0.00555555555555556	0.00555555555555556	0.00555555555555556	0.00555555555555556	0.00555555555555556	0	0	0.00555555555555556	0	0	0	0.00555555555555556	0	0	0	0	0	0	0	0	0	0	0	0	0	0	0	0	0	0	0	0	0	0	0	0	0	0	0
"Doratopsylla_dasycnema"	0.0111111111111111	0.0111111111111111	0.0111111111111111	0.0111111111111111	0.0111111111111111	0.0111111111111111	0.0111111111111111	0	0.0111111111111111	0	0.0111111111111111	0	0	0	0	0	0	0	0	0	0	0	0	0	0	0	0	0	0	0	0	0	0	0	0	0	0	0	0	0	0	0	0	0	0	0	0	0	0	0	0	0	0
"Palaeopsylla_soricis"	0.00555555555555556	0.00555555555555556	0.00555555555555556	0.00555555555555556	0.00555555555555556	0.00555555555555556	0.00555555555555556	0.00555555555555556	0.00555555555555556	0.00555555555555556	0.00555555555555556	0.00555555555555556	0.00555555555555556	0	0	0.00555555555555556	0.00555555555555556	0.00555555555555556	0	0	0.00555555555555556	0.00555555555555556	0	0	0	0	0	0	0	0	0	0	0	0	0	0	0	0	0	0	0	0	0	0	0	0	0	0	0	0	0	0	0
"Ctenophthalmus_uncinatus"	0.00588235294117647	0.00588235294117647	0.00588235294117647	0.00588235294117647	0.00588235294117647	0.00588235294117647	0.00588235294117647	0.00588235294117647	0.00588235294117647	0.00588235294117647	0	0	0	0	0.00588235294117647	0	0.00588235294117647	0.00588235294117647	0	0	0.00588235294117647	0	0	0.00588235294117647	0.00588235294117647	0	0.00588235294117647	0	0	0	0	0	0	0	0	0	0	0	0	0	0	0	0	0	0	0	0	0	0	0	0	0	0
"Amalaraeus_penicilliger"	0.00833333333333333	0.00833333333333333	0.00833333333333333	0.00833333333333333	0.00833333333333333	0.00833333333333333	0.00833333333333333	0.00833333333333333	0	0	0.00833333333333333	0	0	0	0.00833333333333333	0	0	0	0.00833333333333333	0	0	0.00833333333333333	0	0	0	0	0	0	0	0	0	0	0	0	0	0	0	0	0	0	0	0	0	0	0	0	0	0	0	0	0	0	0
"Hystrichopsylla_talpae"	0.00625	0.00625	0.00625	0.00625	0.00625	0.00625	0.00625	0.00625	0.00625	0	0.00625	0	0	0	0.00625	0	0	0.00625	0	0	0.00625	0.00625	0	0	0.00625	0	0.00625	0	0	0	0	0	0	0	0	0	0	0	0	0	0	0	0	0	0	0	0	0	0	0	0	0	0
"Rhadinopsylla_li"	0.0037037037037037	0.0037037037037037	0.0037037037037037	0.0037037037037037	0.0037037037037037	0.0037037037037037	0.0037037037037037	0.0037037037037037	0.0037037037037037	0.0037037037037037	0.0037037037037037	0.0037037037037037	0.0037037037037037	0.0037037037037037	0.0037037037037037	0.0037037037037037	0.0037037037037037	0.0037037037037037	0.0037037037037037	0.0037037037037037	0.0037037037037037	0.0037037037037037	0.0037037037037037	0.0037037037037037	0.0037037037037037	0.0037037037037037	0.0037037037037037	0	0	0	0	0	0	0	0	0	0	0	0	0	0	0	0	0	0	0	0	0	0	0	0	0	0
"Ceratophyllus_indages"	0	0.0333333333333333	0	0	0	0	0.0333333333333333	0	0	0	0	0	0	0.0333333333333333	0	0	0	0	0	0	0	0	0	0	0	0	0	0	0	0	0	0	0	0	0	0	0	0	0	0	0	0	0	0	0	0	0	0	0	0	0	0	0
"Megabothris_walkeri"	0	0	0.02	0.02	0.02	0	0	0.02	0	0	0	0	0	0	0.02	0	0	0	0	0	0	0	0	0	0	0	0	0	0	0	0	0	0	0	0	0	0	0	0	0	0	0	0	0	0	0	0	0	0	0	0	0	0
"Ctenophthalmus_assimilis"	0.0142857142857143	0	0.0142857142857143	0.0142857142857143	0.0142857142857143	0	0	0	0.0142857142857143	0	0	0.0142857142857143	0	0	0	0	0	0	0	0	0	0	0	0.0142857142857143	0	0	0	0	0	0	0	0	0	0	0	0	0	0	0	0	0	0	0	0	0	0	0	0	0	0	0	0	0
"Tarsopsylla_octodecimdentata"	0	0	0	0	0	0	0	0	0	0	0	0	0	0	0	0	0	0	0	0.1	0	0	0	0	0	0	0	0	0	0	0	0	0	0	0	0	0	0	0	0	0	0	0	0	0	0	0	0	0	0	0	0	0
"Neopsylla_pleskei"	0	0	0.025	0	0	0	0	0	0.025	0	0	0	0	0	0	0	0	0.025	0	0	0	0	0	0	0	0.025	0	0	0	0	0	0	0	0	0	0	0	0	0	0	0	0	0	0	0	0	0	0	0	0	0	0	0
"Frontopsylla_elata"	0	0	0.025	0	0.025	0	0	0	0.025	0	0	0	0	0	0.025	0	0	0	0	0	0	0	0	0	0	0	0	0	0	0	0	0	0	0	0	0	0	0	0	0	0	0	0	0	0	0	0	0	0	0	0	0	0
"Amphipsylla_sibirica"	0	0.02	0.02	0.02	0.02	0	0	0.02	0	0	0	0	0	0	0	0	0	0	0	0	0	0	0	0	0	0	0	0	0	0	0	0	0	0	0	0	0	0	0	0	0	0	0	0	0	0	0	0	0	0	0	0	0
"Neopsylla_acanthina"	0	0	0.0333333333333333	0.0333333333333333	0	0	0	0	0.0333333333333333	0	0	0	0	0	0	0	0	0	0	0	0	0	0	0	0	0	0	0	0	0	0	0	0	0	0	0	0	0	0	0	0	0	0	0	0	0	0	0	0	0	0	0	0
"Nosopsyllus_fasciatus"	0	0	0	0	0	0	0	0	0.1	0	0	0	0	0	0	0	0	0	0	0	0	0	0	0	0	0	0	0	0	0	0	0	0	0	0	0	0	0	0	0	0	0	0	0	0	0	0	0	0	0	0	0	0
"Leptopsylla_segnis"	0.025	0	0	0	0	0	0	0	0.025	0	0	0	0.025	0	0	0	0	0.025	0	0	0	0	0	0	0	0	0	0	0	0	0	0	0	0	0	0	0	0	0	0	0	0	0	0	0	0	0	0	0	0	0	0	0
"Catallagia_dacenkoi"	0.0333333333333333	0	0	0.0333333333333333	0	0.0333333333333333	0	0	0	0	0	0	0	0	0	0	0	0	0	0	0	0	0	0	0	0	0	0	0	0	0	0	0	0	0	0	0	0	0	0	0	0	0	0	0	0	0	0	0	0	0	0	0
"Megabothris_calcarifer"	0	0	0.05	0	0	0	0	0.05	0	0	0	0	0	0	0	0	0	0	0	0	0	0	0	0	0	0	0	0	0	0	0	0	0	0	0	0	0	0	0	0	0	0	0	0	0	0	0	0	0	0	0	0	0
"Megabothris_turbidus"	0	0	0.05	0	0.05	0	0	0	0	0	0	0	0	0	0	0	0	0	0	0	0	0	0	0	0	0	0	0	0	0	0	0	0	0	0	0	0	0	0	0	0	0	0	0	0	0	0	0	0	0	0	0	0
"Catallagia_ioffi"	0.1	0	0	0	0	0	0	0	0	0	0	0	0	0	0	0	0	0	0	0	0	0	0	0	0	0	0	0	0	0	0	0	0	0	0	0	0	0	0	0	0	0	0	0	0	0	0	0	0	0	0	0	0
"Ctenophthalmus_pisticus"	0	0	0	0	0	0	0	0	0	0	0	0	0	0.1	0	0	0	0	0	0	0	0	0	0	0	0	0	0	0	0	0	0	0	0	0	0	0	0	0	0	0	0	0	0	0	0	0	0	0	0	0	0	0
"Neopsylla_mana"	0	0	0	0	0	0	0	0	0	0	0	0	0	0	0	0.1	0	0	0	0	0	0	0	0	0	0	0	0	0	0	0	0	0	0	0	0	0	0	0	0	0	0	0	0	0	0	0	0	0	0	0	0	0
"Rhadinopsylla_integella"	0.1	0	0	0	0	0	0	0	0	0	0	0	0	0	0	0	0	0	0	0	0	0	0	0	0	0	0	0	0	0	0	0	0	0	0	0	0	0	0	0	0	0	0	0	0	0	0	0	0	0	0	0	0
