"Themeda"	"Cynodon"	"Sporobolus"	"Brachiaria"	"Sedges"	"Elyonorus"	"Hyparrhenia"	"Harpachne"	"Aristida"	"Solanum"	"Indigofera"	"Croton"	"Acacia"	"Sida"	"Grewia"	"Olea"	"Hibiscus"	"T._Gazelle"	"G._gazelle"	"Impala"	"Kongoni"	"Topi"	"Wilde-beest"	"Zebra"	"Giraffe"	"Buffalo"	"Elephant"
"Themeda"	0	0	0	0	0	0	0	0	0	0	0	0	0	0	0	0	0	0.0111111111111111	0.0111111111111111	0.0111111111111111	0.0111111111111111	0.0111111111111111	0.0111111111111111	0.0111111111111111	0	0.0111111111111111	0.0111111111111111
"Cynodon"	0	0	0	0	0	0	0	0	0	0	0	0	0	0	0	0	0	0.0125	0.0125	0	0.0125	0.0125	0.0125	0.0125	0	0.0125	0.0125
"Sporobolus"	0	0	0	0	0	0	0	0	0	0	0	0	0	0	0	0	0	0.0111111111111111	0.0111111111111111	0.0111111111111111	0.0111111111111111	0.0111111111111111	0.0111111111111111	0.0111111111111111	0	0.0111111111111111	0.0111111111111111
"Brachiaria"	0	0	0	0	0	0	0	0	0	0	0	0	0	0	0	0	0	0.0111111111111111	0.0111111111111111	0.0111111111111111	0.0111111111111111	0.0111111111111111	0.0111111111111111	0.0111111111111111	0	0.0111111111111111	0.0111111111111111
"Sedges"	0	0	0	0	0	0	0	0	0	0	0	0	0	0	0	0	0	0.0111111111111111	0.0111111111111111	0.0111111111111111	0.0111111111111111	0.0111111111111111	0.0111111111111111	0.0111111111111111	0	0.0111111111111111	0.0111111111111111
"Elyonorus"	0	0	0	0	0	0	0	0	0	0	0	0	0	0	0	0	0	0.02	0	0	0.02	0.02	0.02	0.02	0	0	0
"Hyparrhenia"	0	0	0	0	0	0	0	0	0	0	0	0	0	0	0	0	0	0	0.0142857142857143	0.0142857142857143	0.0142857142857143	0.0142857142857143	0.0142857142857143	0.0142857142857143	0	0.0142857142857143	0
"Harpachne"	0	0	0	0	0	0	0	0	0	0	0	0	0	0	0	0	0	0.0111111111111111	0.0111111111111111	0.0111111111111111	0.0111111111111111	0.0111111111111111	0.0111111111111111	0.0111111111111111	0	0.0111111111111111	0.0111111111111111
"Aristida"	0	0	0	0	0	0	0	0	0	0	0	0	0	0	0	0	0	0.0111111111111111	0.0111111111111111	0.0111111111111111	0.0111111111111111	0.0111111111111111	0.0111111111111111	0.0111111111111111	0	0.0111111111111111	0.0111111111111111
"Solanum"	0	0	0	0	0	0	0	0	0	0	0	0	0	0	0	0	0	0.0111111111111111	0.0111111111111111	0.0111111111111111	0.0111111111111111	0	0.0111111111111111	0.0111111111111111	0.0111111111111111	0.0111111111111111	0.0111111111111111
"Indigofera"	0	0	0	0	0	0	0	0	0	0	0	0	0	0	0	0	0	0.0333333333333333	0.0333333333333333	0	0	0	0.0333333333333333	0	0	0	0
"Croton"	0	0	0	0	0	0	0	0	0	0	0	0	0	0	0	0	0	0	0	0.0333333333333333	0	0	0	0	0.0333333333333333	0	0.0333333333333333
"Acacia"	0	0	0	0	0	0	0	0	0	0	0	0	0	0	0	0	0	0	0	0.0333333333333333	0	0	0	0	0.0333333333333333	0	0.0333333333333333
"Sida"	0	0	0	0	0	0	0	0	0	0	0	0	0	0	0	0	0	0.0166666666666667	0.0166666666666667	0.0166666666666667	0.0166666666666667	0	0.0166666666666667	0	0	0	0.0166666666666667
"Grewia"	0	0	0	0	0	0	0	0	0	0	0	0	0	0	0	0	0	0	0.02	0.02	0	0	0	0	0.02	0.02	0.02
"Olea"	0	0	0	0	0	0	0	0	0	0	0	0	0	0	0	0	0	0	0	0	0	0	0	0	0.1	0	0
"Hibiscus"	0	0	0	0	0	0	0	0	0	0	0	0	0	0	0	0	0	0.0142857142857143	0.0142857142857143	0.0142857142857143	0	0.0142857142857143	0	0	0.0142857142857143	0.0142857142857143	0.0142857142857143
"T._Gazelle"	0.00833333333333333	0.00833333333333333	0.00833333333333333	0.00833333333333333	0.00833333333333333	0.00833333333333333	0	0.00833333333333333	0.00833333333333333	0.00833333333333333	0.00833333333333333	0	0	0.00833333333333333	0	0	0.00833333333333333	0	0	0	0	0	0	0	0	0	0
"G._gazelle"	0.00769230769230769	0.00769230769230769	0.00769230769230769	0.00769230769230769	0.00769230769230769	0	0.00769230769230769	0.00769230769230769	0.00769230769230769	0.00769230769230769	0.00769230769230769	0	0	0.00769230769230769	0.00769230769230769	0	0.00769230769230769	0	0	0	0	0	0	0	0	0	0
"Impala"	0.00769230769230769	0	0.00769230769230769	0.00769230769230769	0.00769230769230769	0	0.00769230769230769	0.00769230769230769	0.00769230769230769	0.00769230769230769	0	0.00769230769230769	0.00769230769230769	0.00769230769230769	0.00769230769230769	0	0.00769230769230769	0	0	0	0	0	0	0	0	0	0
"Kongoni"	0.00909090909090909	0.00909090909090909	0.00909090909090909	0.00909090909090909	0.00909090909090909	0.00909090909090909	0.00909090909090909	0.00909090909090909	0.00909090909090909	0.00909090909090909	0	0	0	0.00909090909090909	0	0	0	0	0	0	0	0	0	0	0	0	0
"Topi"	0.01	0.01	0.01	0.01	0.01	0.01	0.01	0.01	0.01	0	0	0	0	0	0	0	0.01	0	0	0	0	0	0	0	0	0	0
"Wilde-beest"	0.00833333333333333	0.00833333333333333	0.00833333333333333	0.00833333333333333	0.00833333333333333	0.00833333333333333	0.00833333333333333	0.00833333333333333	0.00833333333333333	0.00833333333333333	0.00833333333333333	0	0	0.00833333333333333	0	0	0	0	0	0	0	0	0	0	0	0	0
"Zebra"	0.01	0.01	0.01	0.01	0.01	0.01	0.01	0.01	0.01	0.01	0	0	0	0	0	0	0	0	0	0	0	0	0	0	0	0	0
"Giraffe"	0	0	0	0	0	0	0	0	0	0.0166666666666667	0	0.0166666666666667	0.0166666666666667	0	0.0166666666666667	0.0166666666666667	0.0166666666666667	0	0	0	0	0	0	0	0	0	0
"Buffalo"	0.00909090909090909	0.00909090909090909	0.00909090909090909	0.00909090909090909	0.00909090909090909	0	0.00909090909090909	0.00909090909090909	0.00909090909090909	0.00909090909090909	0	0	0	0	0.00909090909090909	0	0.00909090909090909	0	0	0	0	0	0	0	0	0	0
"Elephant"	0.00769230769230769	0.00769230769230769	0.00769230769230769	0.00769230769230769	0.00769230769230769	0	0	0.00769230769230769	0.00769230769230769	0.00769230769230769	0	0.00769230769230769	0.00769230769230769	0.00769230769230769	0.00769230769230769	0	0.00769230769230769	0	0	0	0	0	0	0	0	0	0
