"Centaurea_nigra"	"Leucanthemum_vulgare"	"Cirsium_palustre"	"Ranunculus_acris"	"Cirsium_arvense"	"Filipendula_ulmaria"	"Galium_verum"	"Hypochoeris_radicata"	"Primula_veris"	"Lotus_corniculatus"	"Lathyrus_pratensis"	"Orchis_morio"	"Taraxacum_officinale"	"Trifolium_repens"	"Cerastium_fontanum"	"Trifolium_dubium"	"Bombus_lapidarius"	"Maniola_jurtina"	"Bombus_pascuorum"	"Calocoris_bipunctatus"	"Empis_livida"	"Psithyrus_vest"	"Episyrphus_balteatus"	"Bombus_pratorum"	"Apis_mellifera"	"Bombus_terrestris.lucorum"	"Eristalis_tenax"	"Helophilus_sp1_M_PL_007"	"Syrphus_sp1_M_PL_007"	"Scathophaga_stercoraria"	"Sphaerophoria_sp1_M_PL_007"	"Anthophora_plumipes"	"Cheilosia_bergenstammi"	"Lucillia_sp1_M_PL_007"	"Melanostoma_sp1_M_PL_007"	"Platycheirus_sp1_M_PL_007"	"Eriothrix_rufomaculatus"	"Eristalis_nemorum"	"Meliscaeva_sp1_M_PL_007"	"Andrena_chrysosceles"	"Pollenia_sp1_M_PL_007"	"Andrena_pubescens"	"Bombus_hortorum"	"Cephus_pygmaeus"	"Eristalis_intricarius"	"Lasioglossum_calceatum"	"Lasioglossum_villosulum"	"Lycaena_phlaeas"	"Panameria_tenebrata"	"Sarcophagus_sp1_M_PL_007"	"Tropidia_scitta"	"Volucella_bombylans"
"Centaurea_nigra"	0	0	0	0	0	0	0	0	0	0	0	0	0	0	0	0	0.00666666666666667	0.00666666666666667	0.00666666666666667	0.00666666666666667	0.00666666666666667	0.00666666666666667	0.00666666666666667	0.00666666666666667	0.00666666666666667	0.00666666666666667	0.00666666666666667	0.00666666666666667	0.00666666666666667	0	0	0	0	0	0	0.00666666666666667	0	0	0	0	0	0	0.00666666666666667	0	0	0	0	0	0	0	0	0
"Leucanthemum_vulgare"	0	0	0	0	0	0	0	0	0	0	0	0	0	0	0	0	0.00476190476190476	0.00476190476190476	0	0	0.00476190476190476	0.00476190476190476	0	0.00476190476190476	0	0.00476190476190476	0.00476190476190476	0.00476190476190476	0.00476190476190476	0.00476190476190476	0.00476190476190476	0	0	0.00476190476190476	0.00476190476190476	0.00476190476190476	0	0.00476190476190476	0.00476190476190476	0.00476190476190476	0.00476190476190476	0	0	0	0	0	0	0	0	0.00476190476190476	0.00476190476190476	0.00476190476190476
"Cirsium_palustre"	0	0	0	0	0	0	0	0	0	0	0	0	0	0	0	0	0.025	0	0.025	0	0	0.025	0	0.025	0	0	0	0	0	0	0	0	0	0	0	0	0	0	0	0	0	0	0	0	0	0	0	0	0	0	0	0
"Ranunculus_acris"	0	0	0	0	0	0	0	0	0	0	0	0	0	0	0	0	0.00909090909090909	0.00909090909090909	0.00909090909090909	0	0	0	0	0	0	0	0	0.00909090909090909	0	0.00909090909090909	0	0	0.00909090909090909	0	0.00909090909090909	0	0	0	0.00909090909090909	0	0	0.00909090909090909	0	0.00909090909090909	0	0.00909090909090909	0	0	0	0	0	0
"Cirsium_arvense"	0	0	0	0	0	0	0	0	0	0	0	0	0	0	0	0	0.02	0.02	0	0.02	0.02	0	0	0	0	0	0	0	0	0	0	0	0	0	0	0	0.02	0	0	0	0	0	0	0	0	0	0	0	0	0	0	0
"Filipendula_ulmaria"	0	0	0	0	0	0	0	0	0	0	0	0	0	0	0	0	0.0142857142857143	0	0	0	0	0	0.0142857142857143	0	0	0	0.0142857142857143	0	0.0142857142857143	0	0.0142857142857143	0	0	0	0.0142857142857143	0.0142857142857143	0	0	0	0	0	0	0	0	0	0	0	0	0	0	0	0
"Galium_verum"	0	0	0	0	0	0	0	0	0	0	0	0	0	0	0	0	0	0	0	0	0	0	0.05	0	0	0	0	0	0	0	0.05	0	0	0	0	0	0	0	0	0	0	0	0	0	0	0	0	0	0	0	0	0
"Hypochoeris_radicata"	0	0	0	0	0	0	0	0	0	0	0	0	0	0	0	0	0.025	0	0	0	0	0	0.025	0	0	0	0	0	0.025	0	0	0	0	0	0	0	0	0	0	0	0	0	0	0	0	0	0.025	0	0	0	0	0
"Primula_veris"	0	0	0	0	0	0	0	0	0	0	0	0	0	0	0	0	0.025	0	0	0	0	0	0	0	0	0.025	0	0	0	0	0	0.025	0	0	0	0	0	0	0	0	0	0	0	0	0.025	0	0	0	0	0	0	0
"Lotus_corniculatus"	0	0	0	0	0	0	0	0	0	0	0	0	0	0	0	0	0.05	0	0.05	0	0	0	0	0	0	0	0	0	0	0	0	0	0	0	0	0	0	0	0	0	0	0	0	0	0	0	0	0	0	0	0	0
"Lathyrus_pratensis"	0	0	0	0	0	0	0	0	0	0	0	0	0	0	0	0	0	0	0.1	0	0	0	0	0	0	0	0	0	0	0	0	0	0	0	0	0	0	0	0	0	0	0	0	0	0	0	0	0	0	0	0	0
"Orchis_morio"	0	0	0	0	0	0	0	0	0	0	0	0	0	0	0	0	0	0	0.0333333333333333	0	0	0	0.0333333333333333	0	0	0	0	0	0	0	0.0333333333333333	0	0	0	0	0	0	0	0	0	0	0	0	0	0	0	0	0	0	0	0	0
"Taraxacum_officinale"	0	0	0	0	0	0	0	0	0	0	0	0	0	0	0	0	0	0	0	0	0	0	0	0	0	0	0	0	0	0.0333333333333333	0.0333333333333333	0	0	0	0	0	0	0	0	0	0	0	0	0	0	0	0	0	0.0333333333333333	0	0	0
"Trifolium_repens"	0	0	0	0	0	0	0	0	0	0	0	0	0	0	0	0	0	0	0.1	0	0	0	0	0	0	0	0	0	0	0	0	0	0	0	0	0	0	0	0	0	0	0	0	0	0	0	0	0	0	0	0	0
"Cerastium_fontanum"	0	0	0	0	0	0	0	0	0	0	0	0	0	0	0	0	0	0	0	0	0	0	0	0	0	0	0	0	0	0	0	0	0	0	0	0	0	0	0	0	0	0	0	0	0	0	0	0.1	0	0	0	0
"Trifolium_dubium"	0	0	0	0	0	0	0	0	0	0	0	0	0	0	0	0	0.1	0	0	0	0	0	0	0	0	0	0	0	0	0	0	0	0	0	0	0	0	0	0	0	0	0	0	0	0	0	0	0	0	0	0	0
"Bombus_lapidarius"	0.01	0.01	0.01	0.01	0.01	0.01	0	0.01	0.01	0.01	0	0	0	0	0	0.01	0	0	0	0	0	0	0	0	0	0	0	0	0	0	0	0	0	0	0	0	0	0	0	0	0	0	0	0	0	0	0	0	0	0	0	0
"Maniola_jurtina"	0.025	0.025	0	0.025	0.025	0	0	0	0	0	0	0	0	0	0	0	0	0	0	0	0	0	0	0	0	0	0	0	0	0	0	0	0	0	0	0	0	0	0	0	0	0	0	0	0	0	0	0	0	0	0	0
"Bombus_pascuorum"	0.0142857142857143	0	0.0142857142857143	0.0142857142857143	0	0	0	0	0	0.0142857142857143	0.0142857142857143	0.0142857142857143	0	0.0142857142857143	0	0	0	0	0	0	0	0	0	0	0	0	0	0	0	0	0	0	0	0	0	0	0	0	0	0	0	0	0	0	0	0	0	0	0	0	0	0
"Calocoris_bipunctatus"	0.05	0	0	0	0.05	0	0	0	0	0	0	0	0	0	0	0	0	0	0	0	0	0	0	0	0	0	0	0	0	0	0	0	0	0	0	0	0	0	0	0	0	0	0	0	0	0	0	0	0	0	0	0
"Empis_livida"	0.0333333333333333	0.0333333333333333	0	0	0.0333333333333333	0	0	0	0	0	0	0	0	0	0	0	0	0	0	0	0	0	0	0	0	0	0	0	0	0	0	0	0	0	0	0	0	0	0	0	0	0	0	0	0	0	0	0	0	0	0	0
"Psithyrus_vest"	0.0333333333333333	0.0333333333333333	0.0333333333333333	0	0	0	0	0	0	0	0	0	0	0	0	0	0	0	0	0	0	0	0	0	0	0	0	0	0	0	0	0	0	0	0	0	0	0	0	0	0	0	0	0	0	0	0	0	0	0	0	0
"Episyrphus_balteatus"	0.02	0	0	0	0	0.02	0.02	0.02	0	0	0	0.02	0	0	0	0	0	0	0	0	0	0	0	0	0	0	0	0	0	0	0	0	0	0	0	0	0	0	0	0	0	0	0	0	0	0	0	0	0	0	0	0
"Bombus_pratorum"	0.0333333333333333	0.0333333333333333	0.0333333333333333	0	0	0	0	0	0	0	0	0	0	0	0	0	0	0	0	0	0	0	0	0	0	0	0	0	0	0	0	0	0	0	0	0	0	0	0	0	0	0	0	0	0	0	0	0	0	0	0	0
"Apis_mellifera"	0.1	0	0	0	0	0	0	0	0	0	0	0	0	0	0	0	0	0	0	0	0	0	0	0	0	0	0	0	0	0	0	0	0	0	0	0	0	0	0	0	0	0	0	0	0	0	0	0	0	0	0	0
"Bombus_terrestris.lucorum"	0.0333333333333333	0.0333333333333333	0	0	0	0	0	0	0.0333333333333333	0	0	0	0	0	0	0	0	0	0	0	0	0	0	0	0	0	0	0	0	0	0	0	0	0	0	0	0	0	0	0	0	0	0	0	0	0	0	0	0	0	0	0
"Eristalis_tenax"	0.0333333333333333	0.0333333333333333	0	0	0	0.0333333333333333	0	0	0	0	0	0	0	0	0	0	0	0	0	0	0	0	0	0	0	0	0	0	0	0	0	0	0	0	0	0	0	0	0	0	0	0	0	0	0	0	0	0	0	0	0	0
"Helophilus_sp1_M_PL_007"	0.0333333333333333	0.0333333333333333	0	0.0333333333333333	0	0	0	0	0	0	0	0	0	0	0	0	0	0	0	0	0	0	0	0	0	0	0	0	0	0	0	0	0	0	0	0	0	0	0	0	0	0	0	0	0	0	0	0	0	0	0	0
"Syrphus_sp1_M_PL_007"	0.025	0.025	0	0	0	0.025	0	0.025	0	0	0	0	0	0	0	0	0	0	0	0	0	0	0	0	0	0	0	0	0	0	0	0	0	0	0	0	0	0	0	0	0	0	0	0	0	0	0	0	0	0	0	0
"Scathophaga_stercoraria"	0	0.0333333333333333	0	0.0333333333333333	0	0	0	0	0	0	0	0	0.0333333333333333	0	0	0	0	0	0	0	0	0	0	0	0	0	0	0	0	0	0	0	0	0	0	0	0	0	0	0	0	0	0	0	0	0	0	0	0	0	0	0
"Sphaerophoria_sp1_M_PL_007"	0	0.02	0	0	0	0.02	0.02	0	0	0	0	0.02	0.02	0	0	0	0	0	0	0	0	0	0	0	0	0	0	0	0	0	0	0	0	0	0	0	0	0	0	0	0	0	0	0	0	0	0	0	0	0	0	0
"Anthophora_plumipes"	0	0	0	0	0	0	0	0	0.1	0	0	0	0	0	0	0	0	0	0	0	0	0	0	0	0	0	0	0	0	0	0	0	0	0	0	0	0	0	0	0	0	0	0	0	0	0	0	0	0	0	0	0
"Cheilosia_bergenstammi"	0	0	0	0.1	0	0	0	0	0	0	0	0	0	0	0	0	0	0	0	0	0	0	0	0	0	0	0	0	0	0	0	0	0	0	0	0	0	0	0	0	0	0	0	0	0	0	0	0	0	0	0	0
"Lucillia_sp1_M_PL_007"	0	0.1	0	0	0	0	0	0	0	0	0	0	0	0	0	0	0	0	0	0	0	0	0	0	0	0	0	0	0	0	0	0	0	0	0	0	0	0	0	0	0	0	0	0	0	0	0	0	0	0	0	0
"Melanostoma_sp1_M_PL_007"	0	0.0333333333333333	0	0.0333333333333333	0	0.0333333333333333	0	0	0	0	0	0	0	0	0	0	0	0	0	0	0	0	0	0	0	0	0	0	0	0	0	0	0	0	0	0	0	0	0	0	0	0	0	0	0	0	0	0	0	0	0	0
"Platycheirus_sp1_M_PL_007"	0.0333333333333333	0.0333333333333333	0	0	0	0.0333333333333333	0	0	0	0	0	0	0	0	0	0	0	0	0	0	0	0	0	0	0	0	0	0	0	0	0	0	0	0	0	0	0	0	0	0	0	0	0	0	0	0	0	0	0	0	0	0
"Eriothrix_rufomaculatus"	0	0	0	0	0.1	0	0	0	0	0	0	0	0	0	0	0	0	0	0	0	0	0	0	0	0	0	0	0	0	0	0	0	0	0	0	0	0	0	0	0	0	0	0	0	0	0	0	0	0	0	0	0
"Eristalis_nemorum"	0	0.1	0	0	0	0	0	0	0	0	0	0	0	0	0	0	0	0	0	0	0	0	0	0	0	0	0	0	0	0	0	0	0	0	0	0	0	0	0	0	0	0	0	0	0	0	0	0	0	0	0	0
"Meliscaeva_sp1_M_PL_007"	0	0.05	0	0.05	0	0	0	0	0	0	0	0	0	0	0	0	0	0	0	0	0	0	0	0	0	0	0	0	0	0	0	0	0	0	0	0	0	0	0	0	0	0	0	0	0	0	0	0	0	0	0	0
"Andrena_chrysosceles"	0	0.1	0	0	0	0	0	0	0	0	0	0	0	0	0	0	0	0	0	0	0	0	0	0	0	0	0	0	0	0	0	0	0	0	0	0	0	0	0	0	0	0	0	0	0	0	0	0	0	0	0	0
"Pollenia_sp1_M_PL_007"	0	0.1	0	0	0	0	0	0	0	0	0	0	0	0	0	0	0	0	0	0	0	0	0	0	0	0	0	0	0	0	0	0	0	0	0	0	0	0	0	0	0	0	0	0	0	0	0	0	0	0	0	0
"Andrena_pubescens"	0	0	0	0.1	0	0	0	0	0	0	0	0	0	0	0	0	0	0	0	0	0	0	0	0	0	0	0	0	0	0	0	0	0	0	0	0	0	0	0	0	0	0	0	0	0	0	0	0	0	0	0	0
"Bombus_hortorum"	0.1	0	0	0	0	0	0	0	0	0	0	0	0	0	0	0	0	0	0	0	0	0	0	0	0	0	0	0	0	0	0	0	0	0	0	0	0	0	0	0	0	0	0	0	0	0	0	0	0	0	0	0
"Cephus_pygmaeus"	0	0	0	0.1	0	0	0	0	0	0	0	0	0	0	0	0	0	0	0	0	0	0	0	0	0	0	0	0	0	0	0	0	0	0	0	0	0	0	0	0	0	0	0	0	0	0	0	0	0	0	0	0
"Eristalis_intricarius"	0	0	0	0	0	0	0	0	0.1	0	0	0	0	0	0	0	0	0	0	0	0	0	0	0	0	0	0	0	0	0	0	0	0	0	0	0	0	0	0	0	0	0	0	0	0	0	0	0	0	0	0	0
"Lasioglossum_calceatum"	0	0	0	0.1	0	0	0	0	0	0	0	0	0	0	0	0	0	0	0	0	0	0	0	0	0	0	0	0	0	0	0	0	0	0	0	0	0	0	0	0	0	0	0	0	0	0	0	0	0	0	0	0
"Lasioglossum_villosulum"	0	0	0	0	0	0	0	0.1	0	0	0	0	0	0	0	0	0	0	0	0	0	0	0	0	0	0	0	0	0	0	0	0	0	0	0	0	0	0	0	0	0	0	0	0	0	0	0	0	0	0	0	0
"Lycaena_phlaeas"	0	0	0	0	0	0	0	0	0	0	0	0	0	0	0.1	0	0	0	0	0	0	0	0	0	0	0	0	0	0	0	0	0	0	0	0	0	0	0	0	0	0	0	0	0	0	0	0	0	0	0	0	0
"Panameria_tenebrata"	0	0	0	0	0	0	0	0	0	0	0	0	0.1	0	0	0	0	0	0	0	0	0	0	0	0	0	0	0	0	0	0	0	0	0	0	0	0	0	0	0	0	0	0	0	0	0	0	0	0	0	0	0
"Sarcophagus_sp1_M_PL_007"	0	0.1	0	0	0	0	0	0	0	0	0	0	0	0	0	0	0	0	0	0	0	0	0	0	0	0	0	0	0	0	0	0	0	0	0	0	0	0	0	0	0	0	0	0	0	0	0	0	0	0	0	0
"Tropidia_scitta"	0	0.1	0	0	0	0	0	0	0	0	0	0	0	0	0	0	0	0	0	0	0	0	0	0	0	0	0	0	0	0	0	0	0	0	0	0	0	0	0	0	0	0	0	0	0	0	0	0	0	0	0	0
"Volucella_bombylans"	0	0.1	0	0	0	0	0	0	0	0	0	0	0	0	0	0	0	0	0	0	0	0	0	0	0	0	0	0	0	0	0	0	0	0	0	0	0	0	0	0	0	0	0	0	0	0	0	0	0	0	0	0
