"Abutilon_bedfordianum"	"Aechmea_nudicaulis"	"Aechmea_vanhoutteana"	"Billbergia_distachya"	"Billbergia_vitata"	"Bomarea_edulis"	"Fuchsia_regia"	"Hippeastrum_aulicum"	"Justicia_sebastianopolitanae"	"Manettia_mirtis"	"Mendoncia_sp1_M_PL_066"	"Nematanthus_crassifolius"	"Nematanthus_fornix"	"Nematanthus_lanceolatus"	"Nidularium_itatiaiae"	"Odontonema_barlerioides"	"Pitcaimia_flammea"	"Psittacanthus_flavo_viridis"	"Pyrostegia_venusta"	"Quesnelia_augusto-coburgii"	"Salvia_sellowiana"	"Sinningia_cooperi"	"Sinningia_gigantifolia"	"Siphocampylus_longepedunculatus"	"Staurogyne_itatiaiae"	"Tillandsia_gardneri"	"Velloziela_dracocephaloides"	"Vriesea_carinata"	"Vriesea_longicaulis"	"Vriesea_sp1_M_PL_066"	"Stromanthe_thalia"	"Phaethornis_eurynome"	"Thalurania_glaucopis"	"Phaethornis_squalidus"	"Clytolaema_rubricauda"	"Leucochloris_albicollis"
"Abutilon_bedfordianum"	0	0	0	0	0	0	0	0	0	0	0	0	0	0	0	0	0	0	0	0	0	0	0	0	0	0	0	0	0	0	0	0.0333333333333333	0.0333333333333333	0	0.0333333333333333	0
"Aechmea_nudicaulis"	0	0	0	0	0	0	0	0	0	0	0	0	0	0	0	0	0	0	0	0	0	0	0	0	0	0	0	0	0	0	0	0.025	0.025	0.025	0.025	0
"Aechmea_vanhoutteana"	0	0	0	0	0	0	0	0	0	0	0	0	0	0	0	0	0	0	0	0	0	0	0	0	0	0	0	0	0	0	0	0.025	0.025	0.025	0.025	0
"Billbergia_distachya"	0	0	0	0	0	0	0	0	0	0	0	0	0	0	0	0	0	0	0	0	0	0	0	0	0	0	0	0	0	0	0	0.0333333333333333	0.0333333333333333	0.0333333333333333	0	0
"Billbergia_vitata"	0	0	0	0	0	0	0	0	0	0	0	0	0	0	0	0	0	0	0	0	0	0	0	0	0	0	0	0	0	0	0	0.0333333333333333	0	0.0333333333333333	0.0333333333333333	0
"Bomarea_edulis"	0	0	0	0	0	0	0	0	0	0	0	0	0	0	0	0	0	0	0	0	0	0	0	0	0	0	0	0	0	0	0	0.0333333333333333	0.0333333333333333	0.0333333333333333	0	0
"Fuchsia_regia"	0	0	0	0	0	0	0	0	0	0	0	0	0	0	0	0	0	0	0	0	0	0	0	0	0	0	0	0	0	0	0	0.0333333333333333	0.0333333333333333	0.0333333333333333	0	0
"Hippeastrum_aulicum"	0	0	0	0	0	0	0	0	0	0	0	0	0	0	0	0	0	0	0	0	0	0	0	0	0	0	0	0	0	0	0	0.0333333333333333	0.0333333333333333	0.0333333333333333	0	0
"Justicia_sebastianopolitanae"	0	0	0	0	0	0	0	0	0	0	0	0	0	0	0	0	0	0	0	0	0	0	0	0	0	0	0	0	0	0	0	0.1	0	0	0	0
"Manettia_mirtis"	0	0	0	0	0	0	0	0	0	0	0	0	0	0	0	0	0	0	0	0	0	0	0	0	0	0	0	0	0	0	0	0.0333333333333333	0.0333333333333333	0.0333333333333333	0	0
"Mendoncia_sp1_M_PL_066"	0	0	0	0	0	0	0	0	0	0	0	0	0	0	0	0	0	0	0	0	0	0	0	0	0	0	0	0	0	0	0	0.0333333333333333	0.0333333333333333	0	0	0.0333333333333333
"Nematanthus_crassifolius"	0	0	0	0	0	0	0	0	0	0	0	0	0	0	0	0	0	0	0	0	0	0	0	0	0	0	0	0	0	0	0	0.1	0	0	0	0
"Nematanthus_fornix"	0	0	0	0	0	0	0	0	0	0	0	0	0	0	0	0	0	0	0	0	0	0	0	0	0	0	0	0	0	0	0	0.0333333333333333	0.0333333333333333	0.0333333333333333	0	0
"Nematanthus_lanceolatus"	0	0	0	0	0	0	0	0	0	0	0	0	0	0	0	0	0	0	0	0	0	0	0	0	0	0	0	0	0	0	0	0.05	0	0.05	0	0
"Nidularium_itatiaiae"	0	0	0	0	0	0	0	0	0	0	0	0	0	0	0	0	0	0	0	0	0	0	0	0	0	0	0	0	0	0	0	0.1	0	0	0	0
"Odontonema_barlerioides"	0	0	0	0	0	0	0	0	0	0	0	0	0	0	0	0	0	0	0	0	0	0	0	0	0	0	0	0	0	0	0	0.05	0	0.05	0	0
"Pitcaimia_flammea"	0	0	0	0	0	0	0	0	0	0	0	0	0	0	0	0	0	0	0	0	0	0	0	0	0	0	0	0	0	0	0	0.0333333333333333	0.0333333333333333	0.0333333333333333	0	0
"Psittacanthus_flavo_viridis"	0	0	0	0	0	0	0	0	0	0	0	0	0	0	0	0	0	0	0	0	0	0	0	0	0	0	0	0	0	0	0	0	0.05	0	0.05	0
"Pyrostegia_venusta"	0	0	0	0	0	0	0	0	0	0	0	0	0	0	0	0	0	0	0	0	0	0	0	0	0	0	0	0	0	0	0	0.025	0.025	0.025	0	0.025
"Quesnelia_augusto-coburgii"	0	0	0	0	0	0	0	0	0	0	0	0	0	0	0	0	0	0	0	0	0	0	0	0	0	0	0	0	0	0	0	0.1	0	0	0	0
"Salvia_sellowiana"	0	0	0	0	0	0	0	0	0	0	0	0	0	0	0	0	0	0	0	0	0	0	0	0	0	0	0	0	0	0	0	0.05	0	0.05	0	0
"Sinningia_cooperi"	0	0	0	0	0	0	0	0	0	0	0	0	0	0	0	0	0	0	0	0	0	0	0	0	0	0	0	0	0	0	0	0.0333333333333333	0.0333333333333333	0.0333333333333333	0	0
"Sinningia_gigantifolia"	0	0	0	0	0	0	0	0	0	0	0	0	0	0	0	0	0	0	0	0	0	0	0	0	0	0	0	0	0	0	0	0.05	0	0.05	0	0
"Siphocampylus_longepedunculatus"	0	0	0	0	0	0	0	0	0	0	0	0	0	0	0	0	0	0	0	0	0	0	0	0	0	0	0	0	0	0	0	0.1	0	0	0	0
"Staurogyne_itatiaiae"	0	0	0	0	0	0	0	0	0	0	0	0	0	0	0	0	0	0	0	0	0	0	0	0	0	0	0	0	0	0	0	0.05	0	0.05	0	0
"Tillandsia_gardneri"	0	0	0	0	0	0	0	0	0	0	0	0	0	0	0	0	0	0	0	0	0	0	0	0	0	0	0	0	0	0	0	0	0.05	0.05	0	0
"Velloziela_dracocephaloides"	0	0	0	0	0	0	0	0	0	0	0	0	0	0	0	0	0	0	0	0	0	0	0	0	0	0	0	0	0	0	0	0.1	0	0	0	0
"Vriesea_carinata"	0	0	0	0	0	0	0	0	0	0	0	0	0	0	0	0	0	0	0	0	0	0	0	0	0	0	0	0	0	0	0	0.05	0.05	0	0	0
"Vriesea_longicaulis"	0	0	0	0	0	0	0	0	0	0	0	0	0	0	0	0	0	0	0	0	0	0	0	0	0	0	0	0	0	0	0	0.05	0.05	0	0	0
"Vriesea_sp1_M_PL_066"	0	0	0	0	0	0	0	0	0	0	0	0	0	0	0	0	0	0	0	0	0	0	0	0	0	0	0	0	0	0	0	0	0	0	0.1	0
"Stromanthe_thalia"	0	0	0	0	0	0	0	0	0	0	0	0	0	0	0	0	0	0	0	0	0	0	0	0	0	0	0	0	0	0	0	0.0333333333333333	0	0.0333333333333333	0.0333333333333333	0
"Phaethornis_eurynome"	0.00357142857142857	0.00357142857142857	0.00357142857142857	0.00357142857142857	0.00357142857142857	0.00357142857142857	0.00357142857142857	0.00357142857142857	0.00357142857142857	0.00357142857142857	0.00357142857142857	0.00357142857142857	0.00357142857142857	0.00357142857142857	0.00357142857142857	0.00357142857142857	0.00357142857142857	0	0.00357142857142857	0.00357142857142857	0.00357142857142857	0.00357142857142857	0.00357142857142857	0.00357142857142857	0.00357142857142857	0	0.00357142857142857	0.00357142857142857	0.00357142857142857	0	0.00357142857142857	0	0	0	0	0
"Thalurania_glaucopis"	0.00588235294117647	0.00588235294117647	0.00588235294117647	0.00588235294117647	0	0.00588235294117647	0.00588235294117647	0.00588235294117647	0	0.00588235294117647	0.00588235294117647	0	0.00588235294117647	0	0	0	0.00588235294117647	0.00588235294117647	0.00588235294117647	0	0	0.00588235294117647	0	0	0	0.00588235294117647	0	0.00588235294117647	0.00588235294117647	0	0	0	0	0	0	0
"Phaethornis_squalidus"	0	0.00526315789473684	0.00526315789473684	0.00526315789473684	0.00526315789473684	0.00526315789473684	0.00526315789473684	0.00526315789473684	0	0.00526315789473684	0	0	0.00526315789473684	0.00526315789473684	0	0.00526315789473684	0.00526315789473684	0	0.00526315789473684	0	0.00526315789473684	0.00526315789473684	0.00526315789473684	0	0.00526315789473684	0.00526315789473684	0	0	0	0	0.00526315789473684	0	0	0	0	0
"Clytolaema_rubricauda"	0.0142857142857143	0.0142857142857143	0.0142857142857143	0	0.0142857142857143	0	0	0	0	0	0	0	0	0	0	0	0	0.0142857142857143	0	0	0	0	0	0	0	0	0	0	0	0.0142857142857143	0.0142857142857143	0	0	0	0	0
"Leucochloris_albicollis"	0	0	0	0	0	0	0	0	0	0	0.05	0	0	0	0	0	0	0	0.05	0	0	0	0	0	0	0	0	0	0	0	0	0	0	0	0	0
