"Trema_micrantha"	"Cecropia_pachystachia"	"Urera_baccifera"	"Chamissoa_altissima"	"Cabralea_canjerana"	"Dendropanax_cuneatum"	"Pera_glabrata"	"Trichilia_clauseni"	"Citharexylum_mirianthum"	"Zanthoxylum_hyemale"	"Talauma_ovata"	"Gomidesia_affinis"	"Ocotea_macropoda"	"Ocotea_corimbosa"	"Miconia_discolor"	"Cestrum_sp1_M_SD_012"	"Momordica_charantia"	"Ocotea_sp1_M_SD_012"	"Miconia_elegans"	"Pereskia_aculeata"	"Persia_major"	"Protium_heptaphyllum"	"Rubus_sp1_M_SD_012"	"Copaifera_langsdorffii"	"Maytenus_aquifolium"	"Miconia_sp1_M_SD_012"	"Palicourea_sp1_M_SD_012"	"Paullinia_sp1_M_SD_012"	"Xylopia_brasiliensis"	"Chlorophora_tinctoria"	"Cordia_sp1_M_SD_012"	"Ficus_luschnatiana"	"Paullinia_rhomboidea"	"Piper_sp1_M_SD_012"	"Rhipsalis_sp1_M_SD_012"	"Tachyphonus_coronatus"	"Chiroxiphia_caudata"	"Trichothraupis_melanops"	"Vireo_olivaceus"	"Manacus_manacus"	"Saltator_similis"	"Dacnis_cayana"	"Elaenia_flavogaster"	"Pitangus_sulphuratus"	"Thraupis_sayaca"	"Myiodynastes_maculatus"	"Habia_rubica"	"Turdus_rufiventris"	"Ramphocelus_carbo"	"Tyrannus_melancholicus"	"Thlypopsis_sordida"	"Myiophobus_fasciatus"	"Tangara_cayana"	"Coereba_flaveola"	"Cyclarhis_gujanensis"	"Penelope_superciliaris"	"Ramphastos_toco"	"Turdus_amaurochalinus"	"Tyrannus_savanna"	"Conirostrum_speciosum"	"Cyanocorax_cristatellus"	"Pipraeidea_melanonota"	"Sirystes_sibilator"	"Tityra_cayana"
"Trema_micrantha"	0	0	0	0	0	0	0	0	0	0	0	0	0	0	0	0	0	0	0	0	0	0	0	0	0	0	0	0	0	0	0	0	0	0	0	0.00625	0.00625	0.00625	0.00625	0.00625	0.00625	0.00625	0.00625	0	0.00625	0.00625	0.00625	0	0.00625	0.00625	0.00625	0	0.00625	0	0	0	0	0	0.00625	0	0	0	0	0
"Cecropia_pachystachia"	0	0	0	0	0	0	0	0	0	0	0	0	0	0	0	0	0	0	0	0	0	0	0	0	0	0	0	0	0	0	0	0	0	0	0	0.00909090909090909	0.00909090909090909	0.00909090909090909	0	0.00909090909090909	0	0.00909090909090909	0.00909090909090909	0.00909090909090909	0.00909090909090909	0	0	0.00909090909090909	0.00909090909090909	0	0	0	0	0.00909090909090909	0	0	0	0	0	0	0	0	0	0
"Urera_baccifera"	0	0	0	0	0	0	0	0	0	0	0	0	0	0	0	0	0	0	0	0	0	0	0	0	0	0	0	0	0	0	0	0	0	0	0	0.0142857142857143	0	0.0142857142857143	0	0.0142857142857143	0	0	0	0	0	0	0.0142857142857143	0	0.0142857142857143	0	0	0	0	0.0142857142857143	0	0	0	0	0	0	0	0.0142857142857143	0	0
"Chamissoa_altissima"	0	0	0	0	0	0	0	0	0	0	0	0	0	0	0	0	0	0	0	0	0	0	0	0	0	0	0	0	0	0	0	0	0	0	0	0.00909090909090909	0.00909090909090909	0.00909090909090909	0	0.00909090909090909	0.00909090909090909	0.00909090909090909	0.00909090909090909	0	0.00909090909090909	0	0.00909090909090909	0	0	0	0	0	0.00909090909090909	0	0	0	0	0	0	0.00909090909090909	0	0	0	0
"Cabralea_canjerana"	0	0	0	0	0	0	0	0	0	0	0	0	0	0	0	0	0	0	0	0	0	0	0	0	0	0	0	0	0	0	0	0	0	0	0	0	0.0166666666666667	0	0.0166666666666667	0	0	0.0166666666666667	0	0.0166666666666667	0	0.0166666666666667	0	0	0	0.0166666666666667	0	0	0	0	0	0	0	0	0	0	0	0	0	0
"Dendropanax_cuneatum"	0	0	0	0	0	0	0	0	0	0	0	0	0	0	0	0	0	0	0	0	0	0	0	0	0	0	0	0	0	0	0	0	0	0	0	0	0.0166666666666667	0	0.0166666666666667	0.0166666666666667	0.0166666666666667	0	0	0	0	0	0	0.0166666666666667	0	0	0	0.0166666666666667	0	0	0	0	0	0	0	0	0	0	0	0
"Pera_glabrata"	0	0	0	0	0	0	0	0	0	0	0	0	0	0	0	0	0	0	0	0	0	0	0	0	0	0	0	0	0	0	0	0	0	0	0	0.01	0.01	0.01	0.01	0.01	0.01	0.01	0	0	0.01	0	0	0	0	0	0	0.01	0	0	0	0	0	0	0	0	0	0	0.01	0
"Trichilia_clauseni"	0	0	0	0	0	0	0	0	0	0	0	0	0	0	0	0	0	0	0	0	0	0	0	0	0	0	0	0	0	0	0	0	0	0	0	0.0125	0.0125	0.0125	0.0125	0	0.0125	0	0	0	0	0	0.0125	0	0	0	0.0125	0	0	0	0.0125	0	0	0	0	0	0	0	0	0
"Citharexylum_mirianthum"	0	0	0	0	0	0	0	0	0	0	0	0	0	0	0	0	0	0	0	0	0	0	0	0	0	0	0	0	0	0	0	0	0	0	0	0	0.0166666666666667	0	0	0.0166666666666667	0.0166666666666667	0	0	0	0	0.0166666666666667	0	0.0166666666666667	0.0166666666666667	0	0	0	0	0	0	0	0	0	0	0	0	0	0	0
"Zanthoxylum_hyemale"	0	0	0	0	0	0	0	0	0	0	0	0	0	0	0	0	0	0	0	0	0	0	0	0	0	0	0	0	0	0	0	0	0	0	0	0	0	0	0.02	0	0	0.02	0	0	0	0	0	0	0	0	0.02	0	0.02	0	0.02	0	0	0	0	0	0	0	0	0
"Talauma_ovata"	0	0	0	0	0	0	0	0	0	0	0	0	0	0	0	0	0	0	0	0	0	0	0	0	0	0	0	0	0	0	0	0	0	0	0	0	0	0	0	0.0142857142857143	0	0.0142857142857143	0.0142857142857143	0.0142857142857143	0	0	0	0	0.0142857142857143	0.0142857142857143	0	0	0	0	0	0	0	0.0142857142857143	0	0	0	0	0	0
"Gomidesia_affinis"	0	0	0	0	0	0	0	0	0	0	0	0	0	0	0	0	0	0	0	0	0	0	0	0	0	0	0	0	0	0	0	0	0	0	0	0.02	0.02	0	0	0.02	0	0.02	0.02	0	0	0	0	0	0	0	0	0	0	0	0	0	0	0	0	0	0	0	0	0
"Ocotea_macropoda"	0	0	0	0	0	0	0	0	0	0	0	0	0	0	0	0	0	0	0	0	0	0	0	0	0	0	0	0	0	0	0	0	0	0	0	0	0.02	0.02	0	0.02	0	0	0	0.02	0	0	0	0	0	0	0	0	0	0	0	0	0	0.02	0	0	0	0	0	0
"Ocotea_corimbosa"	0	0	0	0	0	0	0	0	0	0	0	0	0	0	0	0	0	0	0	0	0	0	0	0	0	0	0	0	0	0	0	0	0	0	0	0	0	0.025	0	0	0	0	0	0.025	0	0	0	0	0	0.025	0	0	0	0	0	0.025	0	0	0	0	0	0	0	0
"Miconia_discolor"	0	0	0	0	0	0	0	0	0	0	0	0	0	0	0	0	0	0	0	0	0	0	0	0	0	0	0	0	0	0	0	0	0	0	0	0	0.1	0	0	0	0	0	0	0	0	0	0	0	0	0	0	0	0	0	0	0	0	0	0	0	0	0	0	0
"Cestrum_sp1_M_SD_012"	0	0	0	0	0	0	0	0	0	0	0	0	0	0	0	0	0	0	0	0	0	0	0	0	0	0	0	0	0	0	0	0	0	0	0	0.0333333333333333	0	0	0	0	0.0333333333333333	0	0	0	0	0	0	0	0	0	0	0	0	0.0333333333333333	0	0	0	0	0	0	0	0	0	0
"Momordica_charantia"	0	0	0	0	0	0	0	0	0	0	0	0	0	0	0	0	0	0	0	0	0	0	0	0	0	0	0	0	0	0	0	0	0	0	0	0.025	0	0	0	0	0.025	0	0	0	0	0	0.025	0	0.025	0	0	0	0	0	0	0	0	0	0	0	0	0	0	0
"Ocotea_sp1_M_SD_012"	0	0	0	0	0	0	0	0	0	0	0	0	0	0	0	0	0	0	0	0	0	0	0	0	0	0	0	0	0	0	0	0	0	0	0	0	0.025	0	0	0	0	0	0	0	0	0.025	0	0	0	0	0	0	0	0	0	0	0.025	0	0	0	0	0	0	0.025
"Miconia_elegans"	0	0	0	0	0	0	0	0	0	0	0	0	0	0	0	0	0	0	0	0	0	0	0	0	0	0	0	0	0	0	0	0	0	0	0	0	0.05	0	0	0	0	0	0	0	0.05	0	0	0	0	0	0	0	0	0	0	0	0	0	0	0	0	0	0	0
"Pereskia_aculeata"	0	0	0	0	0	0	0	0	0	0	0	0	0	0	0	0	0	0	0	0	0	0	0	0	0	0	0	0	0	0	0	0	0	0	0	0.0333333333333333	0.0333333333333333	0	0	0	0.0333333333333333	0	0	0	0	0	0	0	0	0	0	0	0	0	0	0	0	0	0	0	0	0	0	0
"Persia_major"	0	0	0	0	0	0	0	0	0	0	0	0	0	0	0	0	0	0	0	0	0	0	0	0	0	0	0	0	0	0	0	0	0	0	0	0	0	0	0	0	0	0	0	0.05	0	0	0	0	0	0.05	0	0	0	0	0	0	0	0	0	0	0	0	0	0
"Protium_heptaphyllum"	0	0	0	0	0	0	0	0	0	0	0	0	0	0	0	0	0	0	0	0	0	0	0	0	0	0	0	0	0	0	0	0	0	0	0	0	0.1	0	0	0	0	0	0	0	0	0	0	0	0	0	0	0	0	0	0	0	0	0	0	0	0	0	0	0
"Rubus_sp1_M_SD_012"	0	0	0	0	0	0	0	0	0	0	0	0	0	0	0	0	0	0	0	0	0	0	0	0	0	0	0	0	0	0	0	0	0	0	0	0.0333333333333333	0.0333333333333333	0	0	0.0333333333333333	0	0	0	0	0	0	0	0	0	0	0	0	0	0	0	0	0	0	0	0	0	0	0	0
"Copaifera_langsdorffii"	0	0	0	0	0	0	0	0	0	0	0	0	0	0	0	0	0	0	0	0	0	0	0	0	0	0	0	0	0	0	0	0	0	0	0	0	0	0	0	0	0	0	0	0	0	0	0	0	0	0	0	0	0	0	0	0	0.05	0	0	0	0.05	0	0	0
"Maytenus_aquifolium"	0	0	0	0	0	0	0	0	0	0	0	0	0	0	0	0	0	0	0	0	0	0	0	0	0	0	0	0	0	0	0	0	0	0	0	0	0	0	0	0.1	0	0	0	0	0	0	0	0	0	0	0	0	0	0	0	0	0	0	0	0	0	0	0	0
"Miconia_sp1_M_SD_012"	0	0	0	0	0	0	0	0	0	0	0	0	0	0	0	0	0	0	0	0	0	0	0	0	0	0	0	0	0	0	0	0	0	0	0	0	0	0	0	0.1	0	0	0	0	0	0	0	0	0	0	0	0	0	0	0	0	0	0	0	0	0	0	0	0
"Palicourea_sp1_M_SD_012"	0	0	0	0	0	0	0	0	0	0	0	0	0	0	0	0	0	0	0	0	0	0	0	0	0	0	0	0	0	0	0	0	0	0	0	0	0.05	0	0	0.05	0	0	0	0	0	0	0	0	0	0	0	0	0	0	0	0	0	0	0	0	0	0	0	0
"Paullinia_sp1_M_SD_012"	0	0	0	0	0	0	0	0	0	0	0	0	0	0	0	0	0	0	0	0	0	0	0	0	0	0	0	0	0	0	0	0	0	0	0	0	0	0	0	0	0	0	0	0	0	0.05	0	0	0	0.05	0	0	0	0	0	0	0	0	0	0	0	0	0	0
"Xylopia_brasiliensis"	0	0	0	0	0	0	0	0	0	0	0	0	0	0	0	0	0	0	0	0	0	0	0	0	0	0	0	0	0	0	0	0	0	0	0	0	0	0	0	0	0	0	0	0.05	0	0	0	0	0	0.05	0	0	0	0	0	0	0	0	0	0	0	0	0	0
"Chlorophora_tinctoria"	0	0	0	0	0	0	0	0	0	0	0	0	0	0	0	0	0	0	0	0	0	0	0	0	0	0	0	0	0	0	0	0	0	0	0	0	0	0	0	0	0	0	0	0	0.1	0	0	0	0	0	0	0	0	0	0	0	0	0	0	0	0	0	0	0
"Cordia_sp1_M_SD_012"	0	0	0	0	0	0	0	0	0	0	0	0	0	0	0	0	0	0	0	0	0	0	0	0	0	0	0	0	0	0	0	0	0	0	0	0.1	0	0	0	0	0	0	0	0	0	0	0	0	0	0	0	0	0	0	0	0	0	0	0	0	0	0	0	0
"Ficus_luschnatiana"	0	0	0	0	0	0	0	0	0	0	0	0	0	0	0	0	0	0	0	0	0	0	0	0	0	0	0	0	0	0	0	0	0	0	0	0	0.1	0	0	0	0	0	0	0	0	0	0	0	0	0	0	0	0	0	0	0	0	0	0	0	0	0	0	0
"Paullinia_rhomboidea"	0	0	0	0	0	0	0	0	0	0	0	0	0	0	0	0	0	0	0	0	0	0	0	0	0	0	0	0	0	0	0	0	0	0	0	0	0	0	0	0.1	0	0	0	0	0	0	0	0	0	0	0	0	0	0	0	0	0	0	0	0	0	0	0	0
"Piper_sp1_M_SD_012"	0	0	0	0	0	0	0	0	0	0	0	0	0	0	0	0	0	0	0	0	0	0	0	0	0	0	0	0	0	0	0	0	0	0	0	0	0	0.1	0	0	0	0	0	0	0	0	0	0	0	0	0	0	0	0	0	0	0	0	0	0	0	0	0	0
"Rhipsalis_sp1_M_SD_012"	0	0	0	0	0	0	0	0	0	0	0	0	0	0	0	0	0	0	0	0	0	0	0	0	0	0	0	0	0	0	0	0	0	0	0	0.1	0	0	0	0	0	0	0	0	0	0	0	0	0	0	0	0	0	0	0	0	0	0	0	0	0	0	0	0
"Tachyphonus_coronatus"	0.00769230769230769	0.00769230769230769	0.00769230769230769	0.00769230769230769	0	0	0.00769230769230769	0.00769230769230769	0	0	0	0.00769230769230769	0	0	0	0.00769230769230769	0.00769230769230769	0	0	0.00769230769230769	0	0	0.00769230769230769	0	0	0	0	0	0	0	0.00769230769230769	0	0	0	0.00769230769230769	0	0	0	0	0	0	0	0	0	0	0	0	0	0	0	0	0	0	0	0	0	0	0	0	0	0	0	0	0
"Chiroxiphia_caudata"	0.00555555555555556	0.00555555555555556	0	0.00555555555555556	0.00555555555555556	0.00555555555555556	0.00555555555555556	0.00555555555555556	0.00555555555555556	0	0	0.00555555555555556	0.00555555555555556	0	0.00555555555555556	0	0	0.00555555555555556	0.00555555555555556	0.00555555555555556	0	0.00555555555555556	0.00555555555555556	0	0	0	0.00555555555555556	0	0	0	0	0.00555555555555556	0	0	0	0	0	0	0	0	0	0	0	0	0	0	0	0	0	0	0	0	0	0	0	0	0	0	0	0	0	0	0	0
"Trichothraupis_melanops"	0.0111111111111111	0.0111111111111111	0.0111111111111111	0.0111111111111111	0	0	0.0111111111111111	0.0111111111111111	0	0	0	0	0.0111111111111111	0.0111111111111111	0	0	0	0	0	0	0	0	0	0	0	0	0	0	0	0	0	0	0	0.0111111111111111	0	0	0	0	0	0	0	0	0	0	0	0	0	0	0	0	0	0	0	0	0	0	0	0	0	0	0	0	0	0
"Vireo_olivaceus"	0.0166666666666667	0	0	0	0.0166666666666667	0.0166666666666667	0.0166666666666667	0.0166666666666667	0	0.0166666666666667	0	0	0	0	0	0	0	0	0	0	0	0	0	0	0	0	0	0	0	0	0	0	0	0	0	0	0	0	0	0	0	0	0	0	0	0	0	0	0	0	0	0	0	0	0	0	0	0	0	0	0	0	0	0
"Manacus_manacus"	0.00666666666666667	0.00666666666666667	0.00666666666666667	0.00666666666666667	0	0.00666666666666667	0.00666666666666667	0	0.00666666666666667	0	0.00666666666666667	0.00666666666666667	0.00666666666666667	0	0	0	0	0	0	0	0	0	0.00666666666666667	0	0.00666666666666667	0.00666666666666667	0.00666666666666667	0	0	0	0	0	0.00666666666666667	0	0	0	0	0	0	0	0	0	0	0	0	0	0	0	0	0	0	0	0	0	0	0	0	0	0	0	0	0	0	0
"Saltator_similis"	0.0111111111111111	0	0	0.0111111111111111	0	0.0111111111111111	0.0111111111111111	0.0111111111111111	0.0111111111111111	0	0	0	0	0	0	0.0111111111111111	0.0111111111111111	0	0	0.0111111111111111	0	0	0	0	0	0	0	0	0	0	0	0	0	0	0	0	0	0	0	0	0	0	0	0	0	0	0	0	0	0	0	0	0	0	0	0	0	0	0	0	0	0	0	0
"Dacnis_cayana"	0.0125	0.0125	0	0.0125	0.0125	0	0.0125	0	0	0.0125	0.0125	0.0125	0	0	0	0	0	0	0	0	0	0	0	0	0	0	0	0	0	0	0	0	0	0	0	0	0	0	0	0	0	0	0	0	0	0	0	0	0	0	0	0	0	0	0	0	0	0	0	0	0	0	0	0
"Elaenia_flavogaster"	0.02	0.02	0	0.02	0	0	0	0	0	0	0.02	0.02	0	0	0	0	0	0	0	0	0	0	0	0	0	0	0	0	0	0	0	0	0	0	0	0	0	0	0	0	0	0	0	0	0	0	0	0	0	0	0	0	0	0	0	0	0	0	0	0	0	0	0	0
"Pitangus_sulphuratus"	0	0.0142857142857143	0	0	0.0142857142857143	0	0	0	0	0	0.0142857142857143	0	0.0142857142857143	0.0142857142857143	0	0	0	0	0	0	0.0142857142857143	0	0	0	0	0	0	0	0.0142857142857143	0	0	0	0	0	0	0	0	0	0	0	0	0	0	0	0	0	0	0	0	0	0	0	0	0	0	0	0	0	0	0	0	0	0	0
"Thraupis_sayaca"	0.0166666666666667	0.0166666666666667	0	0.0166666666666667	0	0	0.0166666666666667	0	0	0	0	0	0	0	0	0	0	0	0.0166666666666667	0	0	0	0	0	0	0	0	0	0	0.0166666666666667	0	0	0	0	0	0	0	0	0	0	0	0	0	0	0	0	0	0	0	0	0	0	0	0	0	0	0	0	0	0	0	0	0	0
"Myiodynastes_maculatus"	0.02	0	0	0	0.02	0	0	0	0.02	0	0	0	0	0	0	0	0	0.02	0	0	0	0	0	0	0	0	0	0.02	0	0	0	0	0	0	0	0	0	0	0	0	0	0	0	0	0	0	0	0	0	0	0	0	0	0	0	0	0	0	0	0	0	0	0	0
"Habia_rubica"	0.02	0	0.02	0.02	0	0	0	0.02	0	0	0	0	0	0	0	0	0.02	0	0	0	0	0	0	0	0	0	0	0	0	0	0	0	0	0	0	0	0	0	0	0	0	0	0	0	0	0	0	0	0	0	0	0	0	0	0	0	0	0	0	0	0	0	0	0
"Turdus_rufiventris"	0	0.0333333333333333	0	0	0	0.0333333333333333	0	0	0.0333333333333333	0	0	0	0	0	0	0	0	0	0	0	0	0	0	0	0	0	0	0	0	0	0	0	0	0	0	0	0	0	0	0	0	0	0	0	0	0	0	0	0	0	0	0	0	0	0	0	0	0	0	0	0	0	0	0
"Ramphocelus_carbo"	0.0166666666666667	0.0166666666666667	0.0166666666666667	0	0	0	0	0	0.0166666666666667	0	0.0166666666666667	0	0	0	0	0	0.0166666666666667	0	0	0	0	0	0	0	0	0	0	0	0	0	0	0	0	0	0	0	0	0	0	0	0	0	0	0	0	0	0	0	0	0	0	0	0	0	0	0	0	0	0	0	0	0	0	0
"Tyrannus_melancholicus"	0.0142857142857143	0	0	0	0.0142857142857143	0	0	0	0	0	0.0142857142857143	0	0	0.0142857142857143	0	0	0	0	0	0	0.0142857142857143	0	0	0	0	0	0	0.0142857142857143	0.0142857142857143	0	0	0	0	0	0	0	0	0	0	0	0	0	0	0	0	0	0	0	0	0	0	0	0	0	0	0	0	0	0	0	0	0	0	0
"Thlypopsis_sordida"	0.0333333333333333	0	0	0	0	0	0	0.0333333333333333	0	0.0333333333333333	0	0	0	0	0	0	0	0	0	0	0	0	0	0	0	0	0	0	0	0	0	0	0	0	0	0	0	0	0	0	0	0	0	0	0	0	0	0	0	0	0	0	0	0	0	0	0	0	0	0	0	0	0	0
"Myiophobus_fasciatus"	0	0	0	0	0	0.05	0.05	0	0	0	0	0	0	0	0	0	0	0	0	0	0	0	0	0	0	0	0	0	0	0	0	0	0	0	0	0	0	0	0	0	0	0	0	0	0	0	0	0	0	0	0	0	0	0	0	0	0	0	0	0	0	0	0	0
"Tangara_cayana"	0.0333333333333333	0	0	0.0333333333333333	0	0	0	0	0	0.0333333333333333	0	0	0	0	0	0	0	0	0	0	0	0	0	0	0	0	0	0	0	0	0	0	0	0	0	0	0	0	0	0	0	0	0	0	0	0	0	0	0	0	0	0	0	0	0	0	0	0	0	0	0	0	0	0
"Coereba_flaveola"	0	0.0333333333333333	0.0333333333333333	0	0	0	0	0	0	0	0	0	0	0	0	0.0333333333333333	0	0	0	0	0	0	0	0	0	0	0	0	0	0	0	0	0	0	0	0	0	0	0	0	0	0	0	0	0	0	0	0	0	0	0	0	0	0	0	0	0	0	0	0	0	0	0	0
"Cyclarhis_gujanensis"	0	0	0	0	0	0	0	0.05	0	0.05	0	0	0	0	0	0	0	0	0	0	0	0	0	0	0	0	0	0	0	0	0	0	0	0	0	0	0	0	0	0	0	0	0	0	0	0	0	0	0	0	0	0	0	0	0	0	0	0	0	0	0	0	0	0
"Penelope_superciliaris"	0	0	0	0	0	0	0	0	0	0	0	0	0	0.1	0	0	0	0	0	0	0	0	0	0	0	0	0	0	0	0	0	0	0	0	0	0	0	0	0	0	0	0	0	0	0	0	0	0	0	0	0	0	0	0	0	0	0	0	0	0	0	0	0	0
"Ramphastos_toco"	0	0	0	0	0	0	0	0	0	0	0	0	0	0	0	0	0	0.05	0	0	0	0	0	0.05	0	0	0	0	0	0	0	0	0	0	0	0	0	0	0	0	0	0	0	0	0	0	0	0	0	0	0	0	0	0	0	0	0	0	0	0	0	0	0	0
"Turdus_amaurochalinus"	0	0	0	0	0	0	0	0	0	0	0.05	0	0.05	0	0	0	0	0	0	0	0	0	0	0	0	0	0	0	0	0	0	0	0	0	0	0	0	0	0	0	0	0	0	0	0	0	0	0	0	0	0	0	0	0	0	0	0	0	0	0	0	0	0	0
"Tyrannus_savanna"	0.1	0	0	0	0	0	0	0	0	0	0	0	0	0	0	0	0	0	0	0	0	0	0	0	0	0	0	0	0	0	0	0	0	0	0	0	0	0	0	0	0	0	0	0	0	0	0	0	0	0	0	0	0	0	0	0	0	0	0	0	0	0	0	0
"Conirostrum_speciosum"	0	0	0	0.1	0	0	0	0	0	0	0	0	0	0	0	0	0	0	0	0	0	0	0	0	0	0	0	0	0	0	0	0	0	0	0	0	0	0	0	0	0	0	0	0	0	0	0	0	0	0	0	0	0	0	0	0	0	0	0	0	0	0	0	0
"Cyanocorax_cristatellus"	0	0	0	0	0	0	0	0	0	0	0	0	0	0	0	0	0	0	0	0	0	0	0	0.1	0	0	0	0	0	0	0	0	0	0	0	0	0	0	0	0	0	0	0	0	0	0	0	0	0	0	0	0	0	0	0	0	0	0	0	0	0	0	0	0
"Pipraeidea_melanonota"	0	0	0.1	0	0	0	0	0	0	0	0	0	0	0	0	0	0	0	0	0	0	0	0	0	0	0	0	0	0	0	0	0	0	0	0	0	0	0	0	0	0	0	0	0	0	0	0	0	0	0	0	0	0	0	0	0	0	0	0	0	0	0	0	0
"Sirystes_sibilator"	0	0	0	0	0	0	0.1	0	0	0	0	0	0	0	0	0	0	0	0	0	0	0	0	0	0	0	0	0	0	0	0	0	0	0	0	0	0	0	0	0	0	0	0	0	0	0	0	0	0	0	0	0	0	0	0	0	0	0	0	0	0	0	0	0
"Tityra_cayana"	0	0	0	0	0	0	0	0	0	0	0	0	0	0	0	0	0	0.1	0	0	0	0	0	0	0	0	0	0	0	0	0	0	0	0	0	0	0	0	0	0	0	0	0	0	0	0	0	0	0	0	0	0	0	0	0	0	0	0	0	0	0	0	0	0
