"Cecropia_schreberiana"	"Guarea_guidonia"	"Schefflera_morototoni"	"Alchornea_latifolia"	"Dendropanax_arboreus"	"Ocotea_floribunda"	"Inga_vera"	"Ficus_sp1_M_SD_006"	"Miconia_prasina"	"Musa_acuminata"	"Phytolacca_rivinoides"	"Tournefortia_hisutissima"	"Casearia_sylvestris"	"Citrus_sinensis"	"Coffea_arabica"	"Miconia_laevigatta"	"Momordica_charantia"	"Murraya_paniculata"	"Piper_amalaga"	"Roystonea_borinquena"	"Solanum_rugosum"	"Spindalis_portoricensis"	"Loxigilla_portoricensis"	"Vireo_altiloquous"	"Turdus_plumbeus"	"Coereba_flaveola"	"Tyrannus_dominicensis"	"Nesospingus_speculiferus"	"Melanerpes_portoricensis"	"Tyrannus_caudifasciatus"	"Columba_squamosa"	"Euphonia_musica"	"Icterus_dominicensis"	"Myarchus_antillarum"	"Vireo_flavirostris"	"Vireo_latimeri"
"Cecropia_schreberiana"	0	0	0	0	0	0	0	0	0	0	0	0	0	0	0	0	0	0	0	0	0	0.0111111111111111	0.0111111111111111	0.0111111111111111	0.0111111111111111	0.0111111111111111	0.0111111111111111	0.0111111111111111	0.0111111111111111	0	0	0.0111111111111111	0	0	0	0
"Guarea_guidonia"	0	0	0	0	0	0	0	0	0	0	0	0	0	0	0	0	0	0	0	0	0	0	0.0142857142857143	0.0142857142857143	0	0	0.0142857142857143	0	0.0142857142857143	0.0142857142857143	0	0	0	0.0142857142857143	0.0142857142857143	0
"Schefflera_morototoni"	0	0	0	0	0	0	0	0	0	0	0	0	0	0	0	0	0	0	0	0	0	0.025	0	0	0.025	0.025	0.025	0	0	0	0	0	0	0	0	0
"Alchornea_latifolia"	0	0	0	0	0	0	0	0	0	0	0	0	0	0	0	0	0	0	0	0	0	0	0.05	0.05	0	0	0	0	0	0	0	0	0	0	0	0
"Dendropanax_arboreus"	0	0	0	0	0	0	0	0	0	0	0	0	0	0	0	0	0	0	0	0	0	0.0333333333333333	0.0333333333333333	0	0.0333333333333333	0	0	0	0	0	0	0	0	0	0	0
"Ocotea_floribunda"	0	0	0	0	0	0	0	0	0	0	0	0	0	0	0	0	0	0	0	0	0	0	0	0	0.0333333333333333	0	0.0333333333333333	0	0	0	0.0333333333333333	0	0	0	0	0
"Inga_vera"	0	0	0	0	0	0	0	0	0	0	0	0	0	0	0	0	0	0	0	0	0	0	0.0333333333333333	0.0333333333333333	0	0.0333333333333333	0	0	0	0	0	0	0	0	0	0
"Ficus_sp1_M_SD_006"	0	0	0	0	0	0	0	0	0	0	0	0	0	0	0	0	0	0	0	0	0	0.05	0	0	0.05	0	0	0	0	0	0	0	0	0	0	0
"Miconia_prasina"	0	0	0	0	0	0	0	0	0	0	0	0	0	0	0	0	0	0	0	0	0	0	0.0333333333333333	0.0333333333333333	0	0	0	0.0333333333333333	0	0	0	0	0	0	0	0
"Musa_acuminata"	0	0	0	0	0	0	0	0	0	0	0	0	0	0	0	0	0	0	0	0	0	0.05	0	0	0	0	0	0	0	0	0	0	0.05	0	0	0
"Phytolacca_rivinoides"	0	0	0	0	0	0	0	0	0	0	0	0	0	0	0	0	0	0	0	0	0	0.05	0	0	0.05	0	0	0	0	0	0	0	0	0	0	0
"Tournefortia_hisutissima"	0	0	0	0	0	0	0	0	0	0	0	0	0	0	0	0	0	0	0	0	0	0.05	0	0	0.05	0	0	0	0	0	0	0	0	0	0	0
"Casearia_sylvestris"	0	0	0	0	0	0	0	0	0	0	0	0	0	0	0	0	0	0	0	0	0	0	0	0	0	0	0	0	0	0	0	0	0	0	0	0.1
"Citrus_sinensis"	0	0	0	0	0	0	0	0	0	0	0	0	0	0	0	0	0	0	0	0	0	0	0	0.1	0	0	0	0	0	0	0	0	0	0	0	0
"Coffea_arabica"	0	0	0	0	0	0	0	0	0	0	0	0	0	0	0	0	0	0	0	0	0	0	0	0.1	0	0	0	0	0	0	0	0	0	0	0	0
"Miconia_laevigatta"	0	0	0	0	0	0	0	0	0	0	0	0	0	0	0	0	0	0	0	0	0	0.1	0	0	0	0	0	0	0	0	0	0	0	0	0	0
"Momordica_charantia"	0	0	0	0	0	0	0	0	0	0	0	0	0	0	0	0	0	0	0	0	0	0	0	0	0	0	0.1	0	0	0	0	0	0	0	0	0
"Murraya_paniculata"	0	0	0	0	0	0	0	0	0	0	0	0	0	0	0	0	0	0	0	0	0	0	0	0	0	0	0	0.1	0	0	0	0	0	0	0	0
"Piper_amalaga"	0	0	0	0	0	0	0	0	0	0	0	0	0	0	0	0	0	0	0	0	0	0.1	0	0	0	0	0	0	0	0	0	0	0	0	0	0
"Roystonea_borinquena"	0	0	0	0	0	0	0	0	0	0	0	0	0	0	0	0	0	0	0	0	0	0.1	0	0	0	0	0	0	0	0	0	0	0	0	0	0
"Solanum_rugosum"	0	0	0	0	0	0	0	0	0	0	0	0	0	0	0	0	0	0	0	0	0	0.1	0	0	0	0	0	0	0	0	0	0	0	0	0	0
"Spindalis_portoricensis"	0.00909090909090909	0	0.00909090909090909	0	0.00909090909090909	0	0	0.00909090909090909	0	0.00909090909090909	0.00909090909090909	0.00909090909090909	0	0	0	0.00909090909090909	0	0	0.00909090909090909	0.00909090909090909	0.00909090909090909	0	0	0	0	0	0	0	0	0	0	0	0	0	0	0
"Loxigilla_portoricensis"	0.0166666666666667	0.0166666666666667	0	0.0166666666666667	0.0166666666666667	0	0.0166666666666667	0	0.0166666666666667	0	0	0	0	0	0	0	0	0	0	0	0	0	0	0	0	0	0	0	0	0	0	0	0	0	0	0
"Vireo_altiloquous"	0.0142857142857143	0.0142857142857143	0	0.0142857142857143	0	0	0.0142857142857143	0	0.0142857142857143	0	0	0	0	0.0142857142857143	0.0142857142857143	0	0	0	0	0	0	0	0	0	0	0	0	0	0	0	0	0	0	0	0	0
"Turdus_plumbeus"	0.0142857142857143	0	0.0142857142857143	0	0.0142857142857143	0.0142857142857143	0	0.0142857142857143	0	0	0.0142857142857143	0.0142857142857143	0	0	0	0	0	0	0	0	0	0	0	0	0	0	0	0	0	0	0	0	0	0	0	0
"Coereba_flaveola"	0.0333333333333333	0	0.0333333333333333	0	0	0	0.0333333333333333	0	0	0	0	0	0	0	0	0	0	0	0	0	0	0	0	0	0	0	0	0	0	0	0	0	0	0	0	0
"Tyrannus_dominicensis"	0.02	0.02	0.02	0	0	0.02	0	0	0	0	0	0	0	0	0	0	0.02	0	0	0	0	0	0	0	0	0	0	0	0	0	0	0	0	0	0	0
"Nesospingus_speculiferus"	0.0333333333333333	0	0	0	0	0	0	0	0.0333333333333333	0	0	0	0	0	0	0	0	0.0333333333333333	0	0	0	0	0	0	0	0	0	0	0	0	0	0	0	0	0	0
"Melanerpes_portoricensis"	0.05	0.05	0	0	0	0	0	0	0	0	0	0	0	0	0	0	0	0	0	0	0	0	0	0	0	0	0	0	0	0	0	0	0	0	0	0
"Tyrannus_caudifasciatus"	0	0.1	0	0	0	0	0	0	0	0	0	0	0	0	0	0	0	0	0	0	0	0	0	0	0	0	0	0	0	0	0	0	0	0	0	0
"Columba_squamosa"	0	0	0	0	0	0.1	0	0	0	0	0	0	0	0	0	0	0	0	0	0	0	0	0	0	0	0	0	0	0	0	0	0	0	0	0	0
"Euphonia_musica"	0.1	0	0	0	0	0	0	0	0	0	0	0	0	0	0	0	0	0	0	0	0	0	0	0	0	0	0	0	0	0	0	0	0	0	0	0
"Icterus_dominicensis"	0	0	0	0	0	0	0	0	0	0.1	0	0	0	0	0	0	0	0	0	0	0	0	0	0	0	0	0	0	0	0	0	0	0	0	0	0
"Myarchus_antillarum"	0	0.1	0	0	0	0	0	0	0	0	0	0	0	0	0	0	0	0	0	0	0	0	0	0	0	0	0	0	0	0	0	0	0	0	0	0
"Vireo_flavirostris"	0	0.1	0	0	0	0	0	0	0	0	0	0	0	0	0	0	0	0	0	0	0	0	0	0	0	0	0	0	0	0	0	0	0	0	0	0
"Vireo_latimeri"	0	0	0	0	0	0	0	0	0	0	0	0	0.1	0	0	0	0	0	0	0	0	0	0	0	0	0	0	0	0	0	0	0	0	0	0	0
