"Rhombomys_opimus"	"Meriones_libycus"	"Meriones_tamariscinus"	"Meriones_meridianus"	"Cricetulus_migratorius"	"Spermophilus_erythrogenys"	"Apodemus_uralensis"	"Allactaga_elater"	"Xenopsylla_gerbilli"	"Paradoxopsyllus_repandus"	"Echidnophaga_oschanini"	"Coptopsylla_lamellifer"	"Nosopsyllus_laeviceps"	"Xenopsylla_conformis"	"Ctenophthalmus_dolichus"	"Rhadinopsylla_cedestis"	"Xenopsylla_hirtipes"	"Stenoponia_conspecta"	"Stenoponia_vlasovi"	"Paradoxopsyllus_teretifrons"	"Neopsylla_teratura"	"Nosopsyllus_tersus"	"Pectinoctenus_lauta"	"Neopsylla_setosa"	"Neopsylla_mana"	"Mesopsylla_hebes"
"Rhombomys_opimus"	5.23246834055366	0.023646608785896	0.00466818003330908	0.00104631621436238	0.000939464834490453	0	0.000388984315125265	0	4.02792254598712	0.227768047059918	0.184630071781057	0.123027996222146	0.0843424511606488	0.0182434621991389	0.0240312670753331	0.0111843632929223	0.00876612258093928	0.00816156240294334	0.00785928231394525	0.00517512761742842	0.00232734021074565	0.00211596062298542	0.000844190293448745	0	0.000442314442442859	0
"Meriones_libycus"	3.24573143855043	1.66487460637904	0.287326939170308	0.0644008656761034	0.000582755661431407	0	0.000241289299529995	0	2.64902585379321	0.141285883243659	0.173411158444735	0.076315002627962	0.516847614854521	1.12288688871155	0.0149067388425627	0.0069377275116329	0.00543767831992861	0.00506266602200241	0.00487515987303924	0.0162955003190458	0.00144366306656342	0.00131254304274144	0.000523656293212427	0	0.00027437029679376	0
"Meriones_tamariscinus"	2.50777850823869	1.12453819295965	1.51481494718347	0.11538955712733	0.000450259718328634	0	0.000186429509368013	0	2.03198528743662	0.109162975503053	0.12821042130574	0.0589639429724522	0.353787784420542	2.01192048324575	0.0115175269442505	0.0053603584520411	0.00420136202997825	0.00391161292446245	0.00376673837170448	0.011307473060273	0.00111543030592901	0.00101412186930513	0.000404597244930578	0	0.000211989176130284	0
"Meriones_meridianus"	2.50777850823869	1.12453819295965	0.51481494718347	1.11538955712733	0.000450259718328634	0	0.000186429509368013	0	2.03198528743662	0.109162975503053	0.12821042130574	0.0589639429724522	0.353787784420542	2.01192048324575	0.0115175269442505	0.0053603584520411	0.00420136202997825	0.00391161292446245	0.00376673837170448	0.011307473060273	0.00111543030592901	0.00101412186930513	0.000404597244930578	0	0.000211989176130284	0
"Cricetulus_migratorius"	2.43932044275437	0.0110237945954103	0.00217625530525498	0.000487781361522668	2.31859368287866	0	0.491555937841625	0	1.87777415337748	0.106183012918279	0.0860725529769923	0.05735432814564	0.0393195432667277	0.00850490579065164	0.0112031181512983	0.00521402983142185	0.00408667203003337	0.00380483257968622	0.00366391285451259	0.00241258881457849	0.522670016723914	0.000986438076214995	1.83049094237757	0	0.177101057348159	0
"Spermophilus_erythrogenys"	0	0	0	0	0	5.26315789473684	0	0	0	0	0	0	0	0	0	0	0	0	0	0	0	0	0	4.73684210526316	0	0
"Apodemus_uralensis"	2.42399465813491	0.0109545341986633	0.00216258230866924	0.000484716724356899	1.1797342508199	0	1.64582715255035	0	1.86597645688207	0.105515885320893	0.0855317755598674	0.056993981852161	0.0390725060833878	0.00845147109135105	0.0111327310988865	0.00518127107746921	0.00406099624990833	0.00378092754301808	0.0036408931895729	0.00239743097967518	0.266420446908594	0.00098024047411582	1.68506728168062	0	0.59263780927157	0
"Allactaga_elater"	0	0	0	0	0	0	0	5.26315789473684	0	0	0	0	0	0	0	0	0	0	0	0	0	0	0	0	0	4.73684210526316
"Xenopsylla_gerbilli"	4.70767885846681	0.0225563175217022	0.00442083899138467	0.00099087770496553	0.000845241375915481	0	0.000349971202386018	0	4.62405961501163	0.204924091268326	0.166158353417008	0.110688925210629	0.076244034728648	0.0172768420352964	0.0216210554158354	0.0100626295646026	0.00788692587495901	0.0073429999525479	0.0070710369913422	0.00466624952746334	0.00209392003801931	0.00190374072843847	0.000759522378031451	0	0.000397952594064286	0
"Paradoxopsyllus_repandus"	4.7092215064983	0.0212819479073064	0.00420136202997817	0.000941684592926142	0.000845518351041408	0	0.000350085883612739	0	3.62513029138841	1.20499124235393	0.166167064602952	0.110725196599931	0.0759082060445839	0.016419115979225	0.0216281403677998	0.0100659269636301	0.00788951032284535	0.007345406162649	0.00707335408255072	0.00465761485568557	0.00209460618967108	0.00190436456068688	0.00075977126410387	0	0.000398082998198573	0
"Echidnophaga_oschanini"	4.69608471555444	0.0321341493607794	0.00607037096794526	0.00136060038936704	0.000843159702631793	0	0.000349109287999415	0	3.61601268877063	0.204419401107468	1.16609288240048	0.110416318846369	0.0787680361065597	0.0237232888402459	0.0215678067525464	0.0100378471678517	0.00786750183426234	0.00732491550086482	0.00705362233416595	0.00473114548334525	0.00208876309998302	0.00189905216689098	0.000757651814796185	0	0.000396972510378363	0
"Coptopsylla_lamellifer"	4.7092215064983	0.0212819479073064	0.00420136202997817	0.000941684592926142	0.000845518351041408	0	0.000350085883612739	0	3.62513029138841	0.204991242353926	0.166167064602952	1.11072519659993	0.0759082060445839	0.016419115979225	0.0216281403677998	0.0100659269636301	0.00788951032284535	0.007345406162649	0.00707335408255072	0.00465761485568557	0.00209460618967108	0.00190436456068688	0.00075977126410387	0	0.000398082998198573	0
"Nosopsyllus_laeviceps"	4.49220870643333	0.200554544567481	0.0350763957203272	0.00786195076490093	0.000806554733676497	0	0.000333953043447717	0	3.4745123450103	0.195544729075535	0.164941614069292	0.105622700376566	1.12315107777115	0.137080167182888	0.0206314611300664	0.00960206367059692	0.00752594179587342	0.00700691132719238	0.00674739609285176	0.00587230172001609	0.00199808145546041	0.0018166066403833	0.000724759088693442	0	0.000379738329981518	0
"Xenopsylla_conformis"	2.78642056470966	1.24948688106628	0.572016607981634	0.128210619030366	0.000500288575920704	0	0.000207143899297792	0	2.25776143048513	0.121292195003393	0.142456023673045	0.0655154921916136	0.393097538245047	2.23546720360638	0.0127972521602784	0.00595595383560122	0.00466818003330917	0.00434623658273605	0.00418526485744942	0.0125638589558589	0.00123936700658779	0.0011268020770057	0.000449552494367309	0	0.000235543529033649	0
"Ctenophthalmus_dolichus"	4.7092215064983	0.0212819479073064	0.00420136202997817	0.000941684592926142	0.000845518351041408	0	0.000350085883612739	0	3.62513029138841	0.204991242353926	0.166167064602952	0.110725196599931	0.0759082060445839	0.016419115979225	1.0216281403678	0.0100659269636301	0.00788951032284535	0.007345406162649	0.00707335408255072	0.00465761485568557	0.00209460618967108	0.00190436456068688	0.00075977126410387	0	0.000398082998198573	0
"Rhadinopsylla_cedestis"	4.7092215064983	0.0212819479073064	0.00420136202997817	0.000941684592926142	0.000845518351041408	0	0.000350085883612739	0	3.62513029138841	0.204991242353926	0.166167064602952	0.110725196599931	0.0759082060445839	0.016419115979225	0.0216281403677999	1.01006592696363	0.00788951032284535	0.007345406162649	0.00707335408255072	0.00465761485568557	0.00209460618967108	0.00190436456068688	0.00075977126410387	0	0.000398082998198573	0
"Xenopsylla_hirtipes"	4.7092215064983	0.0212819479073064	0.00420136202997817	0.000941684592926142	0.000845518351041408	0	0.000350085883612739	0	3.62513029138841	0.204991242353926	0.166167064602952	0.110725196599931	0.0759082060445839	0.016419115979225	0.0216281403677999	0.0100659269636301	1.00788951032285	0.007345406162649	0.00707335408255072	0.00465761485568557	0.00209460618967108	0.00190436456068688	0.00075977126410387	0	0.000398082998198573	0
"Stenoponia_conspecta"	4.7092215064983	0.0212819479073064	0.00420136202997817	0.000941684592926142	0.000845518351041408	0	0.000350085883612739	0	3.62513029138841	0.204991242353926	0.166167064602952	0.110725196599931	0.0759082060445839	0.016419115979225	0.0216281403677999	0.0100659269636301	0.0078895103228453	1.00734540616265	0.00707335408255072	0.00465761485568557	0.00209460618967108	0.00190436456068688	0.00075977126410387	0	0.000398082998198573	0
"Stenoponia_vlasovi"	4.7092215064983	0.0212819479073064	0.00420136202997817	0.000941684592926142	0.000845518351041408	0	0.000350085883612739	0	3.62513029138841	0.204991242353926	0.166167064602952	0.110725196599931	0.0759082060445839	0.016419115979225	0.0216281403677999	0.0100659269636301	0.0078895103228453	0.00734540616264904	1.00707335408255	0.00465761485568557	0.00209460618967108	0.00190436456068688	0.00075977126410387	0	0.000398082998198573	0
"Paradoxopsyllus_teretifrons"	4.60704646582384	0.105687959212097	0.0187380982141667	0.00419991856524425	0.000827173307855514	0	0.000342490139953553	0	3.55421560436129	0.200543588214804	0.165590091917084	0.10832281407223	0.0981513287488402	0.0732293493427203	0.0211588789158289	0.00984752855202096	0.00771833318942194	0.00718603434877205	0.00691988492844706	1.00522951973748	0.00204915993654171	0.00186304594227434	0.000743286658377431	0	0.000389445870708048	0
"Neopsylla_teratura"	4.26560389920076	0.0192771480064646	0.00380558574964017	0.000852976116298658	0.36894354121688	0	0.0783589549731157	0	3.28363613491511	0.185680678107901	0.150513811616424	0.100294672846604	0.0687575089084906	0.0148724040790535	0.0195907284798649	0.00911769753150947	0.0071463034706426	0.00665345495542584	0.00640703069781737	0.00421885869288	1.08473726657706	0.00172496980325871	0.291350726006877	0	0.0284556480479299	0
"Nosopsyllus_tersus"	4.7092215064983	0.0212819479073064	0.00420136202997817	0.000941684592926142	0.000845518351041408	0	0.000350085883612739	0	3.62513029138841	0.204991242353926	0.166167064602952	0.110725196599931	0.0759082060445839	0.016419115979225	0.0216281403677999	0.0100659269636301	0.0078895103228453	0.00734540616264904	0.0070733540825508	0.00465761485568557	0.00209460618967108	1.00190436456069	0.00075977126410387	0	0.000398082998198573	0
"Pectinoctenus_lauta"	2.19194009693955	0.00990583154660122	0.00195555335049769	0.000438313682008103	1.83049094237757	0	0.702111367366925	0	1.68734225632826	0.0954146079170395	0.07734362276044	0.0515378174150432	0.0353320055738035	0.00764239240424384	0.0100669692493758	0.00468525612864032	0.0036722277765019	0.00341897068846726	0.0032923421444499	0.0021679194202674	0.412746861843075	0.000886399808121162	2.614721524483	0	0.25288672079611	0
"Neopsylla_setosa"	0	0	0	0	0	4.73684210526316	0	0	0	0	0	0	0	0	0	0	0	0	0	0	0	0	0	5.26315789473684	0	0
"Neopsylla_mana"	3.44540834940986	0.0155705143430517	0.00307384305389024	0.000688964822423675	0.531303172044476	0	0.740797261589462	0	2.65225455129113	0.149977769571365	0.121572831303416	0.081009890133438	0.0555367307598165	0.0120127199807205	0.0158237991783989	0.00736453546667622	0.0057722034738814	0.00537412047568265	0.00517507897658321	0.00340765136869662	0.120936504203703	0.00139329049369553	0.758660162388331	0	1.26688605567131	0
"Mesopsylla_hebes"	0	0	0	0	0	0	0	4.73684210526316	0	0	0	0	0	0	0	0	0	0	0	0	0	0	0	0	0	5.26315789473684
