"Clethrionomys_glareolus"	"Apodemus_uralensis"	"Microtus_arvalis"	"Sorex_araneus"	"Crocidura_suaveolens"	"Arvicola_terrestris"	"Cricetus_cricetus"	"Microtus_oeconomus"	"Allocricetulus_eversmanni"	"Micromys_minutus"	"Lagurus_lagurus"	"Sicista_subtilis"	"Ctenophthalmus_wagneri"	"Nosopsyllus_consimilis"	"Megabothris_turbidus"	"Amphipsylla_rossica"	"Nosopsyllus_mokrzeckyi"	"Leptopsylla_taschenbergi"	"Amalaraeus_penicilliger"	"Peromyscopsylla_bidentata"	"Ctenophthalmus_breviatus"	"Palaeopsylla_soricis"	"Corrodopsylla_birulai"	"Megabothris_walkeri"	"Leptopsylla_segnis"	"Hystrichopsylla_talpae"
"Clethrionomys_glareolus"	2.76106698926871	1.65852852350422	0.570402384361583	0.183020285893095	0.0334080902775021	0.0218015436992517	0.0113659522657352	0.0118443942294922	0.00470493980646023	0.00371109887844614	0.00210400967122659	0.00119968288111685	2.45779024538989	0.808876088633693	0.899762160837634	0.223566063422131	0.0670899261026195	0.0516742465085466	0.0537133522548588	0.0381481970014817	0.0358884742597495	0.0235854808254531	0.0202342495715615	0.0264222578926261	0.01739404118293	0.0126973213799824
"Apodemus_uralensis"	1.68203102109977	2.74643387058924	0.566614339840623	0.177063646639981	0.0350252635002448	0.0211081065840175	0.0115515152175455	0.0109038342663334	0.00516110474540063	0.00394871757685969	0.00227745558056508	0.00103901909625756	2.35794312328678	0.98674844550693	0.779264322193168	0.191325944836345	0.102745600421743	0.0797876380408976	0.0482220059146253	0.0484588038398591	0.0407979676174702	0.0276215201744996	0.0187662022951883	0.0213680155142406	0.0202682672399657	0.0135242483814459
"Microtus_arvalis"	1.69612569249729	1.6613196649718	1.63489033394439	0.179100057352356	0.0344770776716172	0.0225726116019356	0.0112812353648284	0.0116278206930818	0.00485218960895435	0.00376851986615581	0.00215517736877754	0.00098751379565904	2.37219882751464	0.881986762888805	0.74063534674428	0.339888213503912	0.0722937621611567	0.0496213540922642	0.0506008204838038	0.0780106524852422	0.0429639484190011	0.0242367994319616	0.0189639449295501	0.0221542953503779	0.0204008539851413	0.0228865232730268
"Sorex_araneus"	1.69011988351131	1.612265756062	0.556208096000427	1.31247040018257	0.0358086783130886	0.0218063971494579	0.0115965511063279	0.0116968793512668	0.00453468889243696	0.00366239496398097	0.00204927096410448	0.000938898239875639	2.60569638169957	0.709950336215575	0.704173679906729	0.188716780086937	0.0632417068949603	0.048244360324988	0.0490269704574841	0.0372434938816414	0.0373387732647477	0.0969389814452934	0.126664619227173	0.0252019049472037	0.0146450444625359	0.0297590724483249
"Crocidura_suaveolens"	1.66987422672784	1.72624512965492	0.57954325800385	0.193821576266083	1.03766130256401	0.019958292769866	0.0122199068366229	0.0109928885376085	0.00541653583641854	0.0041570376352117	0.00239339336790756	0.000874346536505526	2.51031791072354	1.02509159153779	0.655759902379144	0.18075340755946	0.0673243553334976	0.0513754561138003	0.0408817425855835	0.0678306816883892	0.0321389030703657	0.0237117837643874	0.0346713998952529	0.0192695967869794	0.0152793809679126	0.0124359928570595
"Arvicola_terrestris"	1.71632652772359	1.63851677358436	0.597609892161245	0.185899535699129	0.0314343111125389	1.05763165059481	0.0107823886769476	0.0142637220819511	0.00432320055924502	0.00345514541790736	0.0019445864942881	0.000970160630837899	2.38332080083749	0.706500434477596	0.727620473128424	0.254579972522522	0.0644887009978277	0.0490272533541099	0.0876183809383698	0.0389177777991932	0.265193005466183	0.0228273208867434	0.0195838474780824	0.0897245059712331	0.0150454312005133	0.0123942002048677
"Cricetus_cricetus"	1.70435160403811	1.70797403573708	0.568896583397775	0.188305901297991	0.0366597205098686	0.020537883194186	1.01241667950932	0.0114221908400793	0.00525992526495898	0.00411018905822295	0.00234252858079548	0.000880653308463933	2.64070978368163	0.935757523815712	0.66048998134795	0.180371385509836	0.0666854303521814	0.050936019717622	0.0410559363236247	0.038657750224487	0.0321061343195764	0.0232692798807143	0.0198768687197843	0.0194788227708373	0.0152138909577054	0.0122332976415045
"Microtus_oeconomus"	1.776095115651	1.61220978080787	0.586374386379695	0.189935040894379	0.0329786656128254	0.0271689944418116	0.0114221908400793	1.01579706867279	0.00447841103354811	0.00361288392766636	0.00202282374030362	0.00106253273487606	2.56212616009507	0.704442894509318	0.796899551157048	0.27136915961308	0.0636168615904761	0.0484148078217623	0.0417183822157758	0.0382901322154208	0.033246563423404	0.022996113873599	0.0200405883373581	0.10634616135068	0.0149951683080899	0.0123395607520814
"Allocricetulus_eversmanni"	1.64620616117147	1.78058113716322	0.570940977320294	0.171814323591223	0.0379157508549298	0.0192142247077557	0.0122731589515709	0.0104496257449456	1.00591487588126	0.00439669660479824	0.00257789312151498	0.000873069623859404	2.34608870696134	1.23562924445496	0.654802217894553	0.17880193667912	0.0691084664964932	0.0528400634203682	0.0406964583807104	0.0394645871065049	0.0321363913785378	0.0224925201620024	0.018278015538353	0.0189893719122958	0.0154491436777219	0.0120649812001998
"Micromys_minutus"	1.66946433831813	1.75153829659276	0.570123219751287	0.17841095467393	0.0374133387169053	0.0197436881023278	0.0123305671746689	0.0108386517829991	0.00565289563474059	1.00428209358617	0.00248374730522718	0.000876103097701216	2.46393713764945	1.11568055619926	0.657077323275912	0.179429716211406	0.0681392520387685	0.0520784459392697	0.0408402495578762	0.0391418523536977	0.0321242885549532	0.0228032240494872	0.0189175568109255	0.0191851522557124	0.0153550425897153	0.0121323077767217
"Lagurus_lagurus"	1.65638161367313	1.76787489441364	0.570583208383854	0.174700349689907	0.0376959455445441	0.019445864942881	0.0122982750491763	0.010619824636594	0.0058002595234087	0.00434655778414756	1.00253670432689	0.000874396768665197	2.39764739538739	1.18315169334309	0.655797576498898	0.179076590224495	0.0686844351712386	0.0525068557723876	0.0407593670207204	0.0393233906521518	0.0321310963932195	0.022628453112777	0.0185578148451035	0.0190750258125406	0.015407974451719	0.0120944365774281
"Sicista_subtilis"	1.88890069631847	1.61307714693986	0.522888554801461	0.160082149898796	0.0275419158999241	0.019403212616758	0.0092468597388713	0.0111565937161987	0.00392881330736732	0.00306636084195426	0.00174879353733039	1.00211679711985	1.96226065088364	0.701940478794521	1.58759783988735	0.179520839991362	0.0634410819377988	0.0486646260338446	0.041931679062607	0.0357691186163287	0.0311206498119121	0.0210194355905721	0.0172231793169206	0.0201337763258181	0.0149336417066704	0.0112851073038077
"Ctenophthalmus_wagneri"	1.94217854020898	1.83724301074165	0.630403653284317	0.222971760642297	0.0396863308345252	0.0239229189544541	0.0139159110306936	0.0135017940682551	0.00529856922525773	0.00432812044254609	0.00240667241695096	0.000984823413241478	3.17963954580204	0.789837481484751	0.738617559931108	0.201720524592082	0.0720757258266083	0.0550088743784026	0.0459172719786782	0.0422806917366373	0.035648268361506	0.0265020551886091	0.0234177873398419	0.0220510121274928	0.0167082793529922	0.0137328166360924
"Nosopsyllus_consimilis"	1.73866949017577	2.09136786573312	0.637559032013136	0.165251238668608	0.0440824370422395	0.019290114251948	0.013413589078587	0.0100978162352872	0.00759089638231716	0.00533089685555961	0.00323044830946919	0.000958280517125626	2.14846577728104	1.83938850372212	0.71871038784422	0.196227453684574	0.0805563523316997	0.0616730273380143	0.0446590991784783	0.0451046208237	0.0357541680678707	0.0237833961731176	0.0178218012048325	0.0203379341225974	0.0175316638730499	0.0131437090915256
"Megabothris_turbidus"	2.09877855146497	1.79230794104429	0.580987283112735	0.177869055443107	0.0306021287776934	0.0215591251297311	0.0102742885987459	0.0123962152402207	0.00436534811929702	0.00340706760217139	0.0019431039303671	0.00235199679983311	2.18028961209294	0.779933865327246	1.76399759987484	0.199467599990402	0.0704900910419986	0.0540718067042717	0.0465907545140078	0.0397434651292541	0.0345784997910134	0.023354928433969	0.0191368659076895	0.0223708625842423	0.0165929352296337	0.0125390081153419
"Amphipsylla_rossica"	1.89759982133771	1.60125891837427	0.97019304070254	0.173456663098775	0.0306939748685875	0.0274479754741264	0.0102097010665945	0.0153605184686649	0.0043375132887118	0.00338546634361144	0.00193074490808081	0.000967767331489821	2.16672854582061	0.774860430317793	0.725825498617366	1.24806871271313	0.0660885805366925	0.0483531747531528	0.0466024608725559	0.0524725335579552	0.0374960451885957	0.0226114330552533	0.0185464423527225	0.0222813740135808	0.0171761697184813	0.0160464932189625
"Nosopsyllus_mokrzeckyi"	1.56493464664555	2.36314880970009	0.567104400953073	0.159743867045789	0.0314180324889655	0.0191077632586156	0.0103732891658949	0.0098959562474074	0.00460723109976621	0.00353314640201022	0.00203509437544411	0.000939867880559981	2.1275686475484	0.874185601229185	0.704900910419986	0.181621210215651	1.08918301087078	0.0688880474880377	0.0437829382627298	0.044707860397836	0.0366045801417778	0.0244905012144921	0.0169686372123995	0.0195090135317352	0.0181143812597168	0.0126325549441173
"Leptopsylla_taschenbergi"	1.57982720636324	2.40524870016492	0.510184601783571	0.159721620105057	0.0314238226715477	0.019039710040431	0.0103850137288355	0.00987098023550493	0.00461709292022634	0.00353931185995037	0.00203910119504418	0.000944944194831933	2.12825596502849	0.877194029613505	0.70870814612395	0.174165318771065	0.0902901593289815	1.070089317279	0.0437356837886333	0.042982274688089	0.0364178814561732	0.0246125036143409	0.0169793752485933	0.019540356943242	0.018065638339665	0.0121212445131147
"Amalaraeus_penicilliger"	2.0136112648875	1.78249200434418	0.637931772527955	0.199026153880977	0.0306613069391876	0.0417230385420809	0.0102639840809062	0.010429595553944	0.00436033482650469	0.00340335412982301	0.00194092223908193	0.000998373311014452	2.1783372480361	0.778875955910366	0.748779983260839	0.205827535520455	0.0703654364936729	0.0536282789313004	1.04708018921495	0.0417806333747268	0.0394088501458029	0.0247263220684062	0.0210749221694956	0.023240458423684	0.0166402054445392	0.0133918757425006
"Peromyscopsylla_bidentata"	1.52061610579324	1.90461501168054	1.04573773394774	0.160759891311895	0.0540928221059306	0.0197052039489586	0.0102761108191674	0.0101783895762511	0.00449596561972841	0.00346826539842891	0.00199105775453933	0.000905547306742498	2.13276653886708	0.83643379122431	0.679160480056874	0.246421644936726	0.0763995082747831	0.0560401809224451	0.0444249772592031	1.05886763974049	0.0376066078627591	0.0230736407273951	0.0173511005973257	0.0195775370995503	0.0181942308934281	0.0168400162744748
"Ctenophthalmus_breviatus"	1.71231523399926	1.91935893109462	0.689376081450337	0.192916995201196	0.0306780438398945	0.160723033615869	0.0102155881925925	0.0105784519983558	0.00438223518798242	0.00340712151340413	0.00194733917534664	0.000943049994300367	2.15239923364548	0.793634185142887	0.707287495725275	0.210773223711651	0.0748730048354547	0.056833966514937	0.0501567183673856	0.045013970017545	1.06670726647958	0.0248267468281764	0.02023636586428	0.0296817574953871	0.0168880491012136	0.0138459110075911
"Palaeopsylla_soricis"	1.58022721530536	1.82478340727279	0.546101502094624	0.703323248358405	0.0317838803650299	0.0194275071376539	0.0103969122871277	0.0102748593903315	0.00430707832889408	0.00339622485843426	0.00192582579683208	0.000894444067683921	2.24703595588526	0.741333519013134	0.670833050762941	0.178485992840404	0.070345056679924	0.0539380398356833	0.0441917245477899	0.0387833535630684	0.0348630912906307	1.05768177400841	0.0686349872860464	0.0213870495025688	0.0153894348413978	0.0202548646795922
"Corrodopsylla_birulai"	1.59294129752118	1.45672645316399	0.502070442009839	1.07981587891165	0.0546074548350233	0.0195838474780824	0.0104353560778867	0.010521308877113	0.00411255349612942	0.00331057244191196	0.00185578148451035	0.000861158965846029	2.33299706373175	0.65272346912699	0.645869224384522	0.172018252821501	0.0572691505918484	0.0437218912651277	0.0442573365559407	0.0342684236797183	0.0333900036760619	0.0806461100611045	1.10474425991773	0.0226306113426943	0.0133803698662799	0.0252417277155758
"Megabothris_walkeri"	2.08009225259699	1.65869220429293	0.586534969401254	0.214846239674912	0.0303496149394926	0.0897245059712331	0.0102263819546896	0.055831734709107	0.00427260868026655	0.00335740164474967	0.00190750258125406	0.0010066888162909	2.19683208320147	0.74487683724013	0.755016612218178	0.206659743975962	0.0658429206696062	0.0503164191288483	0.0488049626897363	0.0386656357716118	0.0489748998673887	0.0251297831655184	0.0226306113426943	1.03051046297554	0.0159201022271707	0.0129768202629948
"Leptopsylla_segnis"	1.76689792532408	2.03009579935786	0.696919495814989	0.161095489087894	0.0310516451928546	0.0194134596135655	0.0103061841971553	0.0101580172409641	0.00448523526127409	0.00346726768154861	0.00198812573570567	0.000963460755269056	2.14782236198949	0.828512502387682	0.722595566451792	0.205559966630857	0.0788852087116701	0.0600245402898547	0.0450895889464932	0.0463659432445426	0.0359552013122612	0.023332368953087	0.017264993375845	0.0205420673898977	1.01759697409059	0.0136106109627851
"Hystrichopsylla_talpae"	1.59935460102258	1.67971164897558	0.969473125845417	0.405913748195152	0.03133870199979	0.0198307203277884	0.0102759700188638	0.0103652310317484	0.00434339323207191	0.00339704617748207	0.0019351098523885	0.000902808584304616	2.18901097179312	0.770221352763401	0.677106438228462	0.238129959369404	0.0682157966982334	0.0499395273940325	0.0449967024948022	0.0532144514273405	0.0365532050600406	0.0380791455976333	0.0403867643449213	0.0207629124207916	0.0168771575938536	1.0196635095508
