"Nephrosperma_vanhoutteanum"	"Chrysobalanus_icaco"	"Paragenipa_wrightii"	"Phoenicophorium_borsigianum"	"Cinnamomum_verum"	"Dillenia_ferruginea"	"Nepenthes_pervillei"	"Apis_mellifera"	"Lasioglossum_mahense"	"Hemipyrellia_germana"	"Ornidia_obesa"	"Unidentified_sp1_M_PL_122"	"Neophyllomyza_approximatonervis"	"Cratopus_aurostriatus"	"Scaptodrosophila_sp1_M_PL_122"	"Rhiparida_seychellensis"	"Dichaetomyia_fasciculifera"	"Phelsuma_sp1_M_PL_122"	"Unidentified_sp3_M_PL_122"	"Megachile_seychellensis"	"Pachycerina_seychellensis"	"Plagiostenopterina_cyanosoma"	"Simosyrphus_aegyptius"	"Eristalinus_vicarians"	"Eristalodes_seychellarum"	"Nectarinia_dussumieri"	"Physiphoa_azurea"	"Polistes_olivaceus"	"Unidentified_sp2_M_PL_122"	"Xylocopa_caffra"
"Nephrosperma_vanhoutteanum"	2.42598918185411	0.66119427543359	0.667257671082979	0.519011153208256	0.363270316818328	0.35214438260662	0.274290913732959	1.75530332926045	1.25330766490542	0.216308429277871	0.148305224287326	0.338271730990925	0.238774478560946	0.105972618815326	0.106092304236151	0.122439730857313	0.0470212994970787	0.0919702707756321	0.0461947618442062	0.0615039510892592	0.0307965078961375	0.0458200412829338	0.0235106497485393	0.0150919021117123	0.0150919021117123	0.0148768711972553	0.0148610584152955	0.0148610584152951	0.0153982539480686	0.015068065738304
"Chrysobalanus_icaco"	1.17361983889462	2.01054959426724	0.657198112038316	0.392816681427043	0.432637795257222	0.432326999129165	0.164008873723232	2.64102900319389	0.90377011654925	0.169720151017351	0.0851663885072125	0.163645583169814	0.118196001842782	0.127103492223541	0.0718986475334395	0.0816872135171243	0.0281158069239827	0.0563242079395555	0.0454983308334218	0.0297537423945116	0.0303322205556146	0.0262812264644925	0.0140579034619913	0.0185282999626785	0.0185282999626785	0.0452373658710122	0.0176988188968867	0.0176988188968861	0.0151661102778071	0.0114043552672364
"Paragenipa_wrightii"	1.21475114479209	0.674049345680323	1.9097014263068	0.553224254813011	0.392702677224019	0.338396295546686	0.180332750373913	1.79688826423657	1.5396206818207	0.197646256040998	0.0926837183940316	0.169380793428756	0.123244870525674	0.0901338087008737	0.0957050006144737	0.0752001586053508	0.0309141857783851	0.0909278901441907	0.132210098744317	0.0307965078961375	0.0881400658295446	0.0314596032813497	0.0154570928891926	0.0145026983805722	0.0145026983805722	0.0151661102778068	0.016065109522801	0.0160651095228006	0.0440700329147721	0.0160613493332808
"Phoenicophorium_borsigianum"	1.18870296379955	0.50686023409941	0.695991804442176	1.86876824386477	0.37063990718341	0.31821300799993	0.313981733347595	1.32875083823884	1.50040281892359	0.47918186282858	0.149631665744416	0.165748723121346	0.132389180169352	0.121640083952758	0.286340875331577	0.0724795979006209	0.0538254400024448	0.100452042728544	0.0481840479998429	0.0301361314766084	0.0321226986665619	0.0693226276569588	0.0269127200012224	0.0136377003428541	0.0136377003428541	0.0114043552672364	0.0151625416575033	0.015162541657503	0.0160613493332809	0.0542545619186544
"Cinnamomum_verum"	1.17237238609551	0.786614173194948	0.696154745988033	0.52226532375844	1.49278029225429	0.372394980142535	0.220575993303085	2.10095825042732	1.22912821979225	0.287454974814868	0.10939362697376	0.163471642568247	0.12293392261876	0.0956017735594391	0.0906737667028108	0.0765027449723887	0.0378130274233861	0.0609497680108943	0.0481953285684022	0.0297221168305905	0.0321302190456015	0.0300236000727983	0.018906513711693	0.0159597848632515	0.0159597848632515	0.0176988188968857	0.0610682846831302	0.0610682846831298	0.0160651095228006	0.0151625416575029
"Dillenia_ferruginea"	1.19058338881286	0.823479998341265	0.628450263158131	0.46974301180942	0.390128074435037	1.56426677154252	0.196506386637613	2.13763289163795	1.01265853281452	0.234780485586281	0.0993089249564034	0.166010923228835	0.122486719350924	0.248377915901283	0.083280403825983	0.179355715324496	0.0336868091378765	0.0583242029468509	0.0435080951417167	0.0301838042234246	0.0290053967611445	0.0287296024545664	0.0168434045689382	0.0670400044946794	0.0670400044946794	0.0185282999626779	0.0159597848632518	0.0159597848632513	0.0145026983805721	0.0136377003428539
"Nepenthes_pervillei"	0.927364517859051	0.312397854710919	0.334903679265839	0.463496844465497	0.231079612031804	0.196506386637613	2.79740899976612	0.826238712872583	0.651629412089893	0.492944932273211	1.21064489620261	0.129308573616966	0.322065188385555	0.0575057434592839	0.0790371248773257	0.0521093791917472	0.479555828531335	0.0446955561937468	0.0231856393337888	0.0235106497485393	0.0154570928891926	0.0252116848748809	0.239777914265667	0.00842170228446911	0.00842170228446911	0.00702895173099548	0.00945325685584662	0.00945325685584646	0.00772854644459622	0.0134563600006111
"Apis_mellifera"	1.31185827765781	1.11201221187111	0.737669919002383	0.433592378793728	0.486537700098958	0.472529376046284	0.182642241792887	2.97845903760267	1.00920655791591	0.188287813213036	0.0949044359177648	0.182921083786089	0.132059375342226	0.114991406958382	0.0795700186148337	0.0903900862521213	0.0313100985930663	0.0628696966831229	0.0510694559309341	0.033258378870198	0.0340463039539561	0.0292173552710459	0.0156550492965332	0.0202512589734122	0.0202512589734122	0.0250202747670991	0.0199038150040487	0.0199038150040481	0.0170231519769778	0.0125881658359466
"Lasioglossum_mahense"	1.43523942271427	0.583077494547903	0.968471074048507	0.750201409461797	0.436142271539184	0.342997244985562	0.220713187965932	1.54636488712922	2.25222360492664	0.24941512170057	0.112784542051999	0.200124933589737	0.146270503720419	0.0971921061119295	0.127093380380178	0.0839792911985608	0.0378365465084454	0.0805157249596714	0.0670479974341274	0.0363863515617703	0.044698664956085	0.0399732167007438	0.0189182732542227	0.0146998819279527	0.0146998819279527	0.0131192436273274	0.0178421838356941	0.0178421838356938	0.0223493324780423	0.0217800409198585
"Hemipyrellia_germana"	1.09699274848063	0.484914717192431	0.550585998971352	1.06104555340614	0.451714960423364	0.352170728379422	0.739417398409817	1.2776673039456	1.10455268181681	1.3766568593573	0.330798712629213	0.152960960703637	0.160717427324455	0.100899764992456	0.167928283505621	0.0719026880789684	0.126757268298826	0.0713214628344848	0.0381174922364782	0.0278110837642977	0.0254116614909855	0.0447100902068433	0.0633786341494129	0.0150930312162609	0.0150930312162609	0.0109105811368294	0.018479248380956	0.0184792483809557	0.0127058307454926	0.0308045483246943
"Ornidia_obesa"	0.957242811309105	0.309695958208045	0.328605910669748	0.421689239825173	0.218787253947521	0.189589765825861	2.3112311654777	0.819629219289786	0.63569469156581	0.421016543346271	2.00266170615291	0.133474701858594	0.283043975106804	0.0557206407333953	0.073347017973497	0.0526527427724825	0.396211056939035	0.0440939317674355	0.0227496399694441	0.0242681276106534	0.0151664266462961	0.0243766546389608	0.198105528469517	0.00812527567825119	0.00812527567825119	0.00696815905968083	0.00895038766148959	0.00895038766148943	0.00758321332314797	0.012242590833634
"Unidentified_sp1_M_PL_122"	2.1833902636687	0.595074847890231	0.600531903974681	0.46711003788743	0.326943285136495	0.316929944345958	0.246861822359663	1.5797729963344	1.12797689841488	0.194677586350084	0.133474701858594	1.30444455789183	0.214897030704852	0.0953753569337937	0.0954830738125356	0.110195757771582	0.0423191695473708	0.0827732436980689	0.0415752856597856	0.0553535559803333	0.0277168571065238	0.0412380371546404	0.0211595847736854	0.013582711900541	0.013582711900541	0.0133891840775299	0.0133749525737659	0.0133749525737656	0.0138584285532617	0.0135612591644736
"Neophyllomyza_approximatonervis"	1.88366533086969	0.525315563745697	0.534061105611253	0.456007176138878	0.30050514417919	0.285802345152156	0.751485439566295	1.39396007305683	1.00764124785177	0.250004886949152	0.34594263624165	0.262651926417041	1.23155517266977	0.0856819818625852	0.0900720379407706	0.0961296874384688	0.128826075354222	0.0733183007816918	0.0369734611577021	0.0477548957121893	0.0246489741051348	0.0371163658730298	0.064413037677111	0.0122486719350924	0.0122486719350924	0.011819600184278	0.0122933922618761	0.0122933922618759	0.0123244870525673	0.013238918016935
"Cratopus_aurostriatus"	1.25400932264803	0.847356614823605	0.58586975655568	0.628473767089249	0.35053983638461	0.869322705654491	0.201270102107494	1.82069727684105	1.00431842982327	0.235432784982397	0.102154508011225	0.174854821045288	0.128522972793878	1.16497749140432	0.107125955786867	0.122201053237282	0.0345034460755703	0.0635578695426426	0.0405602139153932	0.0317917856445979	0.0270401426102621	0.0341419054152127	0.0172517230377852	0.0372566873851925	0.0372566873851925	0.0190655238335307	0.0143402660339161	0.0143402660339157	0.0135200713051309	0.0182460125929135
"Scaptodrosophila_sp1_M_PL_122"	1.25542560012778	0.479324316889596	0.622082503994078	1.47942785587981	0.332470477910306	0.291481413390941	0.27662993707064	1.2598586280682	1.31329826392851	0.391832661513116	0.134469532951411	0.175052301989648	0.135108056911156	0.107125955786867	1.23066950213411	0.0727256580540627	0.0474222749263954	0.0891345726627528	0.0430672502765131	0.0318276912708452	0.0287115001843421	0.0588649769351591	0.0237111374631977	0.0124920605738974	0.0124920605738974	0.0107847971300155	0.0136010650054218	0.0136010650054215	0.0143557500921709	0.0429511312997364
"Rhiparida_seychellensis"	1.73864417817385	0.653497708136994	0.586561237121736	0.44937350698385	0.33661207787851	0.753294004362882	0.218859392605338	1.7174116387903	1.04134321086215	0.201327526621111	0.115836034099461	0.24243066709748	0.173033437389244	0.146641263884738	0.0872707896648752	1.13068551217977	0.037518753018058	0.0706606592797076	0.0406080856468894	0.0440783031086328	0.0270720570979263	0.0350854791764282	0.018759376509029	0.0322840287584092	0.0322840287584092	0.0147036984330822	0.0137704940950302	0.0137704940950298	0.013536028548963	0.0130463276221116
"Dichaetomyia_fasciculifera"	0.834628066073146	0.281158069239827	0.301413311339255	0.417147160018947	0.207971650828623	0.176855747973851	2.51766809978951	0.743614841585325	0.586466470880904	0.44365043904589	1.08958040658235	0.11637771625527	0.289858669547	0.0517551691133555	0.0711334123895931	0.0468984412725725	1.4316002456782	0.0402260005743721	0.02086707540041	0.0211595847736854	0.0139113836002733	0.0226905163873928	0.215800122839101	0.0075795320560222	0.0075795320560222	0.00632605655789589	0.00850793117026196	0.00850793117026181	0.00695569180013659	0.01211072400055
"Phelsuma_sp1_M_PL_122"	1.63247230626747	0.563242079395555	0.88654692890586	0.778503331146215	0.335223724059919	0.306202065470967	0.234651670017171	1.49315529622417	1.24799373687491	0.249625119920697	0.121258312360448	0.227626420169689	0.164966176758807	0.0953368043139639	0.133701858994129	0.0883258240996346	0.0402260005743721	1.0844471067454	0.0613763258473288	0.0413866218490345	0.0409175505648859	0.0432950205384396	0.0201130002871861	0.0131229456630415	0.0131229456630415	0.0126729467863998	0.0137136978024514	0.0137136978024511	0.0204587752824428	0.0226017096139222
"Unidentified_sp3_M_PL_122"	1.09327603031288	0.606644411112291	1.71873128367612	0.49790182933171	0.353432409501617	0.304556665992017	0.162299475336522	1.61719943781291	1.38565861363863	0.177881630436898	0.0834153465546284	0.152442714085881	0.110920383473106	0.0811204278307864	0.0861345005530263	0.0676801427448157	0.0278227672005466	0.0818351011297717	1.11898908886989	0.0277168571065238	0.0793260592465901	0.0283136429532148	0.0139113836002733	0.013052428542515	0.013052428542515	0.0136494992500261	0.0144585985705209	0.0144585985705206	0.0396630296232949	0.0144552143999527
"Megachile_seychellensis"	2.1833902636687	0.595074847890231	0.600531903974681	0.46711003788743	0.326943285136495	0.316929944345958	0.246861822359663	1.5797729963344	1.12797689841488	0.194677586350084	0.133474701858594	0.304444557891833	0.214897030704852	0.0953753569337937	0.0954830738125356	0.110195757771582	0.0423191695473708	0.0827732436980689	0.0415752856597856	1.05535355598033	0.0277168571065238	0.0412380371546404	0.0211595847736854	0.013582711900541	0.013582711900541	0.0133891840775299	0.0133749525737659	0.0133749525737656	0.0138584285532617	0.0135612591644736
"Pachycerina_seychellensis"	1.09327603031288	0.606644411112291	1.71873128367612	0.49790182933171	0.353432409501617	0.304556665992017	0.162299475336522	1.61719943781292	1.38565861363863	0.177881630436898	0.0834153465546284	0.152442714085881	0.110920383473106	0.0811204278307864	0.0861345005530263	0.0676801427448157	0.0278227672005466	0.0818351011297717	0.118989088869885	0.0277168571065238	1.07932605924659	0.0283136429532148	0.0139113836002733	0.013052428542515	0.013052428542515	0.0136494992500263	0.0144585985705209	0.0144585985705206	0.0396630296232949	0.0144552143999527
"Plagiostenopterina_cyanosoma"	1.62661146554415	0.52562452928985	0.61346226398632	1.07450072868286	0.330259600800782	0.301660825772947	0.264722691186249	1.38782437537468	1.23916971772306	0.312970631447903	0.134071600514284	0.226809204350522	0.167023646428634	0.102425716245638	0.176594930805478	0.0877136979410704	0.0453810327747856	0.0865900410768792	0.0424704644298221	0.0412380371546404	0.0283136429532148	1.05181420102295	0.0226905163873928	0.0129283211045549	0.0129283211045549	0.0118265519090214	0.0135106200327594	0.0135106200327592	0.0141568214766073	0.0311951824456313
"Simosyrphus_aegyptius"	0.834628066073146	0.281158069239827	0.301413311339255	0.417147160018947	0.207971650828623	0.176855747973851	2.51766809978951	0.743614841585325	0.586466470880904	0.44365043904589	1.08958040658235	0.11637771625527	0.289858669547	0.0517551691133555	0.0711334123895931	0.0468984412725725	0.431600245678201	0.0402260005743721	0.02086707540041	0.0211595847736854	0.0139113836002733	0.0226905163873928	1.2158001228391	0.0075795320560222	0.0075795320560222	0.00632605655789591	0.00850793117026196	0.00850793117026181	0.00695569180013659	0.01211072400055
"Eristalinus_vicarians"	1.07152504993157	0.741131998507139	0.565605236842318	0.422768710628478	0.351115266991533	1.40784009438827	0.176855747973851	1.92386960247416	0.911392679533064	0.211302437027653	0.0893780324607631	0.149409830905951	0.110238047415832	0.223540124311155	0.0749523634433847	0.161420143792046	0.0303181282240888	0.0524917826521658	0.0391572856275451	0.0271654238010821	0.0261048570850301	0.0258566422091098	0.0151590641120444	1.06033600404521	0.0603360040452114	0.0166754699664099	0.0143638063769266	0.0143638063769262	0.0130524285425149	0.0122739303085685
"Eristalodes_seychellarum"	1.07152504993157	0.741131998507139	0.565605236842318	0.422768710628478	0.351115266991533	1.40784009438827	0.176855747973851	1.92386960247416	0.911392679533064	0.211302437027653	0.0893780324607631	0.149409830905951	0.110238047415832	0.223540124311155	0.0749523634433847	0.161420143792046	0.0303181282240888	0.0524917826521658	0.0391572856275451	0.0271654238010821	0.0261048570850301	0.0258566422091098	0.0151590641120444	0.0603360040452114	1.06033600404521	0.0166754699664098	0.0143638063769266	0.0143638063769262	0.0130524285425149	0.0122739303085685
"Nectarinia_dussumieri"	1.05625785500516	1.80949463484052	0.591478300834484	0.353535013284339	0.389374015731499	0.389094299216248	0.147607986350909	2.3769261028745	0.813393104894325	0.152748135915616	0.0766497496564912	0.147281024852832	0.106376401658504	0.114393143001187	0.0647087827800955	0.0735184921654119	0.0253042262315844	0.0506917871456	0.0409484977500797	0.0267783681550604	0.0272989985000531	0.0236531038180433	0.0126521131157922	0.0166754699664106	0.0166754699664106	1.04071362928391	0.015928937007198	0.0159289370071975	0.0136494992500264	0.0102639197405128
"Physiphoa_azurea"	1.05513514748596	0.707952755875453	0.62653927138923	0.470038791382597	1.34350226302886	0.335155482128282	0.198518393972777	1.89086242538459	1.10621539781302	0.258709477333381	0.0984542642763844	0.147124478311423	0.110640530356884	0.0860415962034952	0.0816063900325298	0.0688524704751498	0.0340317246810475	0.0548547912098049	0.043375795711562	0.0267499051475314	0.0289171971410414	0.0270212400655185	0.0170158623405237	0.0143638063769264	0.0143638063769264	0.0159289370071971	1.05496145621482	0.0549614562148169	0.0144585985705205	0.0136462874917526
"Polistes_olivaceus"	1.05513514748596	0.707952755875453	0.62653927138923	0.470038791382597	1.34350226302886	0.335155482128282	0.198518393972777	1.89086242538459	1.10621539781302	0.258709477333381	0.0984542642763844	0.147124478311423	0.110640530356884	0.0860415962034952	0.0816063900325298	0.0688524704751498	0.0340317246810475	0.0548547912098049	0.043375795711562	0.0267499051475314	0.0289171971410414	0.0270212400655185	0.0170158623405237	0.0143638063769264	0.0143638063769264	0.0159289370071971	0.054961456214817	1.05496145621482	0.0144585985705205	0.0136462874917526
"Unidentified_sp2_M_PL_122"	1.09327603031288	0.606644411112291	1.71873128367612	0.49790182933171	0.353432409501616	0.304556665992017	0.162299475336522	1.61719943781292	1.38565861363863	0.177881630436898	0.0834153465546284	0.152442714085881	0.110920383473106	0.0811204278307863	0.0861345005530263	0.0676801427448157	0.0278227672005466	0.0818351011297717	0.118989088869885	0.0277168571065238	0.0793260592465901	0.0283136429532147	0.0139113836002733	0.013052428542515	0.013052428542515	0.0136494992500261	0.0144585985705208	0.0144585985705206	1.03966302962329	0.0144552143999527
"Xylocopa_caffra"	1.0698326674196	0.456174210689469	0.626392623997958	1.68189141947829	0.333575916465068	0.286391707199937	0.282583560012835	1.19587575441496	1.35036253703123	0.431263676545722	0.134668499169975	0.149173850809212	0.119150262152417	0.109476075557482	0.257706787798419	0.0652316381105588	0.0484428960022003	0.0904068384556895	0.0433656431998586	0.0271225183289476	0.0289104287999058	0.0623903648912629	0.0242214480011002	0.0122739303085687	0.0122739303085687	0.0102639197405128	0.0136462874917528	0.0136462874917528	0.0144552143999529	1.04882910572679
