"Geissomeria_schottiana"	"Justicia_scheidweileri"	"Ruellia_brevifolia"	"Passiflora_speciosa"	"Mendoncia_velloziana"	"Fridericia_speciosa"	"Corymborkis_flava"	"Heliconia_simulans"	"Mutisia_speciosa"	"Lantana_camara"	"Rubus_rosaefolius"	"Passiflora_kermesina"	"Hyptis_asperrima"	"Ruellia_subsessilis"	"Thalurania_glucopis"	"Phaethornis_squalidus"	"Phaethornis_ruber"	"Calliphlox_amethystina"	"Chlorostilbon_aureoventris"	"Phaethornis_pretrei"	"Amazilia_fimbriata"	"Amazilia_lactea"
"Geissomeria_schottiana"	2.49955693357358	0.83344302756197	0.431130524488346	0.248371950108952	0.284667996995189	0.14694069761355	0.163661120519042	0.178029686402604	0.13270223606498	0.105652729165163	0.0984091173717117	0.0758298491799888	0.0268471011017716	0.0379149245899944	2.08950700979196	1.37984416727195	0.990000808738743	0.0708574745412173	0.0782930871352918	0.0610601558282019	0.0416592822262263	0.0256201197295668
"Justicia_scheidweileri"	1.36381586328322	1.87352510361853	0.443942639534669	0.215702929355295	0.270309982891624	0.127613198281246	0.142134339654867	0.210242576328506	0.189411895540055	0.112945756082369	0.127844726094149	0.108235368880031	0.0233158307522633	0.0541176844400157	1.9061213871609	1.19834960752942	1.4130728714893	0.0615374031510168	0.0679949899171126	0.0427076831671138	0.0227302643880537	0.0243278984602459
"Ruellia_brevifolia"	1.16405241611853	0.732505355232203	1.58683336766993	0.33034541249995	0.179510392244795	0.195437469266901	0.21767635332553	0.197211875152133	0.185592785217416	0.143120713471196	0.136084421260597	0.106053020124238	0.0357078030912999	0.0530265100621189	1.19226684963865	1.83525229166639	1.38458109606644	0.0942434990978454	0.104133184742709	0.0908083751471224	0.0194008736019756	0.0161559353020314
"Passiflora_speciosa"	1.21928048235303	0.647108788065884	0.600628022727181	1.42074908877496	0.166098487817587	0.248921686195798	0.277246554194506	0.158057909685546	0.120321695712983	0.149127378830648	0.107005171854493	0.068755254693133	0.0454797464845151	0.0343776273465665	1.16642405432318	2.33749493763869	0.89763804738257	0.120034560396351	0.132630697850955	0.0473496023952737	0.0203213413725506	0.0149488639035827
"Mendoncia_velloziana"	1.53720718377402	0.89202294354236	0.359020784489591	0.182708336599346	1.40910664805608	0.108093085503183	0.120393027807296	0.185965105191968	0.140903374344267	0.090087653300781	0.0971260626927685	0.0805162139110099	0.0197493685686626	0.0402581069555049	2.3666773996276	1.01504631444081	1.05118390383818	0.0521244500571713	0.0575942642131763	0.0417760550315987	0.0256201197295671	0.126819598325047
"Fridericia_speciosa"	0.881644185681301	0.467915060364568	0.43430548725978	0.304237616461531	0.12010342833687	1.94454899358812	0.380339469874709	0.114289401898959	0.0870028881557631	0.107831863443103	0.0773739012218739	0.0497159360890075	0.268991694316757	0.0248579680445037	0.843424462555356	1.69020898034184	0.649069165606486	0.898865859877787	0.595532441881973	0.0342378166880451	0.014694069761355	0.0108093085503181
"Corymborkis_flava"	1.10471256350354	0.586304151076325	0.544190883313824	0.381214012017446	0.150491284759119	0.427881903609048	1.3693108522213	0.143206227867899	0.109015842408683	0.135114841368278	0.0969505863649893	0.0622947670906761	0.121322595590382	0.031147383545338	1.05682271293051	2.11785562231915	0.813292792572715	0.225747929459291	0.448266490487273	0.0429004658075143	0.0184118760583923	0.0135442156283206
"Heliconia_simulans"	1.20170038321758	0.867250627355086	0.493029687880333	0.217329625817626	0.232456381489959	0.128575577136328	0.143206227867899	1.23394902688186	0.236946219298305	0.126970635931596	0.155155078309724	0.135397839599031	0.0234916641519969	0.0676989197995156	1.54808794315971	1.20738681009792	1.76769401698735	0.06200147972293	0.0685077655659415	0.042214675674908	0.020028339720293	0.0209210743340961
"Mutisia_speciosa"	1.02370296392985	0.892941793260259	0.530265100621189	0.189076950406116	0.201290534777524	0.111860856200267	0.124589534181352	0.270795679198062	1.30558369602474	0.138876068455489	0.191808068544561	0.174619254871278	0.0204377668305174	0.0873096274356391	1.21701856111791	1.0504275022562	2.27975138304169	0.0539413375538395	0.0596018115045904	0.040923645593451	0.0170617160654975	0.018116148129977
"Lantana_camara"	1.14104947498376	0.745441990143634	0.572482853884784	0.328080233427425	0.180175306601562	0.194097354197585	0.216183746189245	0.203153017490553	0.194426495837684	1.14502685468058	0.140926330530521	0.111100854764391	0.035462954622916	0.0555504273821956	1.18666185704107	1.82266796348569	1.45048338164622	0.0935972712593464	0.103419143312409	0.0447792196745446	0.0190174912497294	0.0162157775941404
"Rubus_rosaefolius"	1.06281846761449	0.843775192221384	0.544337685042387	0.235411378079886	0.194252125385537	0.139273022199373	0.155120938183983	0.248248125295559	0.268531295962386	0.140926330530521	1.17484748920655	0.153446454835649	0.0254461627613169	0.0767232274178246	1.20689965975897	1.3078409893327	2.00332871590986	0.0671599821223418	0.0742075887738634	0.0422088369538155	0.0177136411269081	0.0174826912846981
"Passiflora_kermesina"	1.02370296392985	0.892941793260259	0.530265100621189	0.189076950406116	0.201290534777524	0.111860856200267	0.124589534181352	0.270795679198062	0.305583696024737	0.138876068455489	0.191808068544561	1.17461925487128	0.0204377668305174	0.0873096274356391	1.21701856111791	1.0504275022562	2.27975138304169	0.0539413375538395	0.0596018115045904	0.040923645593451	0.0170617160654975	0.018116148129977
"Hyptis_asperrima"	0.724871729747834	0.384711207412344	0.357078030912999	0.250138605664833	0.0987468428433128	1.21046262442541	0.485290382361526	0.0939666566079875	0.0715321839068109	0.0886573865572901	0.0636154069032923	0.0408755336610348	1.37277353690165	0.0204377668305174	0.6934481721917	1.38965892036018	0.533652800574621	1.10193314137591	0.969030952522169	0.0281497068868822	0.0120811954957972	0.00888721585589802
"Ruellia_subsessilis"	1.02370296392985	0.892941793260259	0.530265100621189	0.189076950406116	0.201290534777524	0.111860856200267	0.124589534181352	0.270795679198062	0.305583696024737	0.138876068455489	0.191808068544561	0.174619254871278	0.0204377668305174	1.08730962743564	1.21701856111791	1.0504275022562	2.27975138304169	0.0539413375538395	0.0596018115045904	0.040923645593451	0.0170617160654975	0.018116148129977
"Thalurania_glucopis"	1.81989320207686	1.01454848026306	0.384602209560855	0.206946203186371	0.381722161230258	0.122432583274165	0.136364221023291	0.19975328298835	0.137405321416539	0.0956985368581512	0.0973306177224974	0.0785173265237364	0.0223692958771516	0.0392586632618682	2.8517703807583	1.14970112881317	1.02508731850434	0.059039216454384	0.0652346495297916	0.0476386527981862	0.0303315533679478	0.034354994510723
"Phaethornis_squalidus"	1.35475609150337	0.719009764517649	0.667364469696867	0.467498987527738	0.184553875352874	0.276579651328664	0.308051726882785	0.175619899650607	0.133690773014425	0.165697087589609	0.118894635393882	0.0763947274368145	0.0505330516494612	0.0381973637184072	1.29602672702576	2.59721659737632	0.997375608202856	0.133371733773723	0.147367442056617	0.0526106693280819	0.0225792681917229	0.0166098487817585
"Phaethornis_ruber"	1.13744773769983	0.992157548066955	0.589183445134654	0.21008550045124	0.223656149752805	0.124289840222519	0.138432815757058	0.300884087997847	0.339537440027485	0.154306742728321	0.213120076160624	0.19402139430142	0.022708629811686	0.0970106971507101	1.35224284568657	1.16714166917355	2.53305709226854	0.0599348195042662	0.0662242350051004	0.0454707173260566	0.0189574622949972	0.0201290534777522
"Calliphlox_amethystina"	0.765260725045147	0.406146860796711	0.376973996391382	0.264076032871972	0.104248900114343	1.61795854778002	0.361196687134865	0.099202367556688	0.0755178725753754	0.0935972712593464	0.0671599821223418	0.0431530700430716	0.440773256550363	0.0215765350215358	0.732086284034362	1.46708907151096	0.563387303340102	1.84553138455967	0.603208929609011	0.0297181752550313	0.0127543454174191	0.00938240101029069
"Chlorostilbon_aureoventris"	0.845565341061151	0.448766933452944	0.416532738970837	0.291787535272102	0.115188528426352	1.07195839538755	0.717226384779637	0.109612424905506	0.0834425361064266	0.103419143312409	0.0742075887738634	0.0476814492036723	0.387612381008868	0.0238407246018362	0.808909654169416	1.62104186262279	0.622507809047944	0.603208929609011	1.55019318710692	0.0328367289380402	0.0140927556843525	0.0103669675583716
"Phaethornis_pretrei"	1.64862420736145	0.704676772257378	0.908083751471224	0.260422813174006	0.208880275157993	0.154070175096203	0.171601863230057	0.168858702699632	0.143232759577078	0.111948049186362	0.105522092384539	0.081847291186902	0.0281497068868822	0.040923645593451	1.47679823674377	1.44679340652225	1.06856185716233	0.0742954381375782	0.0820918223451005	1.0683408389389	0.0274770701226908	0.0187992247642192
"Amazilia_fimbriata"	2.24960124021622	0.750098724805773	0.388017472039511	0.223534755098057	0.25620119729567	0.132246627852195	0.147295008467138	0.160226717762344	0.119432012458482	0.0950874562486468	0.0885682056345405	0.0682468642619899	0.0241623909915945	0.034123432130995	1.88055630881276	1.24185975054476	0.891000727864869	0.0637717270870956	0.0704637784217626	0.0549541402453817	1.0374933540036	0.0230581077566102
"Amazilia_lactea"	1.38348646539662	0.802820649188124	0.323118706040632	0.164437502939411	1.26819598325047	0.0972837769528647	0.108353725026566	0.167368594672771	0.12681303690984	0.0810788879707029	0.0874134564234917	0.0724645925199089	0.0177744317117963	0.0362322962599544	2.13000965966484	0.913541682996729	0.946065513454366	0.0469120050514542	0.0518348377918587	0.0375984495284388	0.0230581077566104	1.11413763849254
