"Arvicola_terrestris"	"Sorex_araneus"	"Clethrionomys_rutilus"	"Microtus_gregalis"	"Lagurus_lagurus"	"Apodemus_agrarius"	"Neomys_fodiens"	"Sicista_betulina"	"Microtus_agrestis"	"Talpa_europaea"	"Myospalax_aspalax"	"Spermophilus_erythrogenys"	"Microtus_oeconomus"	"Phodopus_campbelli"	"Tamias_sibiricus"	"Clethrionomys_glareolus"	"Cricetus_cricetus"	"Microtus_arvalis"	"Myopus_schisticolor"	"Cricetulus_barabensis"	"Clethrionomys_rufocanus"	"Micromys_minutus"	"Sicista_subtilis"	"Pteromys_volans"	"Sciurus_vulgaris"	"Ctenophthalmus_assimilis"	"Megabothris_walkeri"	"Palaeopsylla_soricis"	"Amalaraeus_penicilliger"	"Corrodopsylla_birulai"	"Megabothris_rectangulatus"	"Megabothris_turbidus"	"Hystrichopsylla_talpae"	"Ctenophthalmus_arvalis"	"Amphipsylla_sibirica"	"Ctenophthalmus_dilatatus"	"Ceratophyllus_indages"	"Pectinoctenus_pavlovskii"	"Frontopsylla_elata"	"Citellophilus_tesquorum"	"Leptopsylla_sicistae"	"Peromyscopsylla_silvatica"	"Megabothris_calcarifer"	"Neopsylla_pleskei"	"Amphipsylla_kuznetzovi"	"Peromyscopsylla_bidentata"	"Neopsylla_acanthina"	"Neopsylla_mana"	"Ctenophthalmus_pisticus"	"Tarsopsylla_octodecimdentata"	"Amphipsylla_vinogradovi"	"Oropsylla_ilovaiskii"	"Ctenophthalmus_uncinatus"	"Amphipsylla_prima"	"Catallagia_dacenkoi"	"Rhadinopsylla_integella"
"Arvicola_terrestris"	0	0	0	0	0	0	0	0	0	0	0	0	0	0	0	0	0	0	0	0	0	0	0	0	0	0.0529411764705882	0.0529411764705882	0.0529411764705882	0.0529411764705882	0.0529411764705882	0.0529411764705882	0.0529411764705882	0.0529411764705882	0.0529411764705882	0.0529411764705882	0	0	0.0529411764705882	0	0	0	0	0	0.0529411764705882	0.0529411764705882	0.0529411764705882	0.0529411764705882	0.0529411764705882	0	0	0	0	0	0.0529411764705882	0	0
"Sorex_araneus"	0	0	0	0	0	0	0	0	0	0	0	0	0	0	0	0	0	0	0	0	0	0	0	0	0	0.0642857142857143	0.0642857142857143	0.0642857142857143	0.0642857142857143	0.0642857142857143	0.0642857142857143	0.0642857142857143	0.0642857142857143	0.0642857142857143	0.0642857142857143	0	0	0	0.0642857142857143	0.0642857142857143	0	0	0.0642857142857143	0	0	0.0642857142857143	0	0	0	0	0	0	0	0	0	0
"Clethrionomys_rutilus"	0	0	0	0	0	0	0	0	0	0	0	0	0	0	0	0	0	0	0	0	0	0	0	0	0	0.0529411764705882	0.0529411764705882	0.0529411764705882	0.0529411764705882	0.0529411764705882	0.0529411764705882	0.0529411764705882	0.0529411764705882	0.0529411764705882	0.0529411764705882	0	0.0529411764705882	0	0.0529411764705882	0.0529411764705882	0	0.0529411764705882	0.0529411764705882	0	0.0529411764705882	0	0	0	0	0	0	0	0	0	0.0529411764705882	0
"Microtus_gregalis"	0	0	0	0	0	0	0	0	0	0	0	0	0	0	0	0	0	0	0	0	0	0	0	0	0	0.0692307692307692	0.0692307692307692	0.0692307692307692	0.0692307692307692	0.0692307692307692	0.0692307692307692	0.0692307692307692	0.0692307692307692	0	0	0	0	0	0.0692307692307692	0	0	0.0692307692307692	0.0692307692307692	0.0692307692307692	0.0692307692307692	0	0	0	0	0	0	0	0	0	0	0
"Lagurus_lagurus"	0	0	0	0	0	0	0	0	0	0	0	0	0	0	0	0	0	0	0	0	0	0	0	0	0	0.15	0	0	0	0	0	0	0	0.15	0	0	0	0.15	0	0.15	0	0.15	0	0.15	0	0	0	0	0	0	0	0	0	0	0	0
"Apodemus_agrarius"	0	0	0	0	0	0	0	0	0	0	0	0	0	0	0	0	0	0	0	0	0	0	0	0	0	0.0818181818181818	0.0818181818181818	0	0.0818181818181818	0.0818181818181818	0.0818181818181818	0.0818181818181818	0.0818181818181818	0	0.0818181818181818	0	0	0	0.0818181818181818	0	0	0	0	0	0	0.0818181818181818	0	0.0818181818181818	0	0	0	0	0	0	0	0
"Neomys_fodiens"	0	0	0	0	0	0	0	0	0	0	0	0	0	0	0	0	0	0	0	0	0	0	0	0	0	0.15	0.15	0.15	0	0.15	0	0	0.15	0	0	0	0	0	0	0	0	0	0	0	0	0	0	0.15	0	0	0	0	0	0	0	0
"Sicista_betulina"	0	0	0	0	0	0	0	0	0	0	0	0	0	0	0	0	0	0	0	0	0	0	0	0	0	0.09	0	0.09	0.09	0.09	0.09	0.09	0.09	0	0	0	0	0	0.09	0	0.09	0	0	0	0	0	0	0.09	0	0	0	0	0	0	0	0
"Microtus_agrestis"	0	0	0	0	0	0	0	0	0	0	0	0	0	0	0	0	0	0	0	0	0	0	0	0	0	0.1125	0.1125	0	0.1125	0.1125	0.1125	0	0.1125	0	0	0	0	0	0	0	0	0	0.1125	0.1125	0	0	0	0	0	0	0	0	0	0	0	0
"Talpa_europaea"	0	0	0	0	0	0	0	0	0	0	0	0	0	0	0	0	0	0	0	0	0	0	0	0	0	0.18	0	0.18	0.18	0	0.18	0	0	0	0	0	0	0	0.18	0	0	0	0	0	0	0	0	0	0	0	0	0	0	0	0	0
"Myospalax_aspalax"	0	0	0	0	0	0	0	0	0	0	0	0	0	0	0	0	0	0	0	0	0	0	0	0	0	0	0	0	0	0	0	0	0	0	0	0.45	0	0	0	0	0	0	0	0	0	0	0	0	0	0	0	0	0	0	0	0.45
"Spermophilus_erythrogenys"	0	0	0	0	0	0	0	0	0	0	0	0	0	0	0	0	0	0	0	0	0	0	0	0	0	0	0	0	0	0	0	0	0	0.225	0	0	0.225	0	0	0.225	0	0	0	0	0	0	0	0	0	0	0	0.225	0	0	0	0
"Microtus_oeconomus"	0	0	0	0	0	0	0	0	0	0	0	0	0	0	0	0	0	0	0	0	0	0	0	0	0	0.1	0.1	0	0.1	0.1	0.1	0	0.1	0	0	0	0	0	0.1	0	0	0.1	0.1	0	0	0	0	0	0	0	0	0	0	0	0	0
"Phodopus_campbelli"	0	0	0	0	0	0	0	0	0	0	0	0	0	0	0	0	0	0	0	0	0	0	0	0	0	0.18	0	0	0	0	0	0	0	0	0	0	0	0.18	0.18	0.18	0	0	0	0.18	0	0	0	0	0	0	0	0	0	0	0	0
"Tamias_sibiricus"	0	0	0	0	0	0	0	0	0	0	0	0	0	0	0	0	0	0	0	0	0	0	0	0	0	0.225	0	0	0	0	0	0	0	0	0	0	0.225	0	0	0	0	0	0	0	0	0	0.225	0	0.225	0	0	0	0	0	0	0
"Clethrionomys_glareolus"	0	0	0	0	0	0	0	0	0	0	0	0	0	0	0	0	0	0	0	0	0	0	0	0	0	0.128571428571429	0.128571428571429	0	0.128571428571429	0.128571428571429	0.128571428571429	0.128571428571429	0	0	0	0	0	0	0	0	0	0	0	0	0	0	0	0	0	0	0	0	0.128571428571429	0	0	0
"Cricetus_cricetus"	0	0	0	0	0	0	0	0	0	0	0	0	0	0	0	0	0	0	0	0	0	0	0	0	0	0.1125	0.1125	0.1125	0.1125	0	0	0	0.1125	0	0.1125	0	0	0	0	0	0	0	0	0.1125	0	0	0	0.1125	0	0	0	0	0	0	0	0
"Microtus_arvalis"	0	0	0	0	0	0	0	0	0	0	0	0	0	0	0	0	0	0	0	0	0	0	0	0	0	0.15	0	0	0	0	0	0	0.15	0	0	0	0	0	0.15	0	0.15	0	0	0.15	0	0	0	0	0	0	0.15	0	0	0	0	0
"Myopus_schisticolor"	0	0	0	0	0	0	0	0	0	0	0	0	0	0	0	0	0	0	0	0	0	0	0	0	0	0	0	0	0.3	0	0.3	0	0	0	0	0	0	0	0	0	0	0	0.3	0	0	0	0	0	0	0	0	0	0	0	0	0
"Cricetulus_barabensis"	0	0	0	0	0	0	0	0	0	0	0	0	0	0	0	0	0	0	0	0	0	0	0	0	0	0	0	0.15	0	0.15	0	0	0.15	0	0	0	0	0.15	0.15	0	0	0	0	0	0	0	0	0	0	0	0.15	0	0	0	0	0
"Clethrionomys_rufocanus"	0	0	0	0	0	0	0	0	0	0	0	0	0	0	0	0	0	0	0	0	0	0	0	0	0	0	0.3	0	0	0	0.3	0	0.3	0	0	0	0	0	0	0	0	0	0	0	0	0	0	0	0	0	0	0	0	0	0	0
"Micromys_minutus"	0	0	0	0	0	0	0	0	0	0	0	0	0	0	0	0	0	0	0	0	0	0	0	0	0	0.18	0	0.18	0	0	0	0.18	0	0	0	0	0	0	0.18	0	0	0	0	0	0	0.18	0	0	0	0	0	0	0	0	0	0
"Sicista_subtilis"	0	0	0	0	0	0	0	0	0	0	0	0	0	0	0	0	0	0	0	0	0	0	0	0	0	0.3	0	0	0	0	0	0	0.3	0	0	0	0	0	0.3	0	0	0	0	0	0	0	0	0	0	0	0	0	0	0	0	0
"Pteromys_volans"	0	0	0	0	0	0	0	0	0	0	0	0	0	0	0	0	0	0	0	0	0	0	0	0	0	0	0	0	0	0	0	0	0	0	0	0	0	0	0	0	0	0	0	0	0	0	0	0	0	0.9	0	0	0	0	0	0
"Sciurus_vulgaris"	0	0	0	0	0	0	0	0	0	0	0	0	0	0	0	0	0	0	0	0	0	0	0	0	0	0	0	0	0	0	0	0	0	0	0	0	0	0	0	0	0	0	0	0	0	0	0	0	0	0.9	0	0	0	0	0	0
"Ctenophthalmus_assimilis"	0.05	0.05	0.05	0.05	0.05	0.05	0.05	0.05	0.05	0.05	0	0	0.05	0.05	0.05	0.05	0.05	0.05	0	0	0	0.05	0.05	0	0	0	0	0	0	0	0	0	0	0	0	0	0	0	0	0	0	0	0	0	0	0	0	0	0	0	0	0	0	0	0	0
"Megabothris_walkeri"	0.0818181818181818	0.0818181818181818	0.0818181818181818	0.0818181818181818	0	0.0818181818181818	0.0818181818181818	0	0.0818181818181818	0	0	0	0.0818181818181818	0	0	0.0818181818181818	0.0818181818181818	0	0	0	0.0818181818181818	0	0	0	0	0	0	0	0	0	0	0	0	0	0	0	0	0	0	0	0	0	0	0	0	0	0	0	0	0	0	0	0	0	0	0
"Palaeopsylla_soricis"	0.09	0.09	0.09	0.09	0	0	0.09	0.09	0	0.09	0	0	0	0	0	0	0.09	0	0	0.09	0	0.09	0	0	0	0	0	0	0	0	0	0	0	0	0	0	0	0	0	0	0	0	0	0	0	0	0	0	0	0	0	0	0	0	0	0
"Amalaraeus_penicilliger"	0.075	0.075	0.075	0.075	0	0.075	0	0.075	0.075	0.075	0	0	0.075	0	0	0.075	0.075	0	0.075	0	0	0	0	0	0	0	0	0	0	0	0	0	0	0	0	0	0	0	0	0	0	0	0	0	0	0	0	0	0	0	0	0	0	0	0	0
"Corrodopsylla_birulai"	0.0818181818181818	0.0818181818181818	0.0818181818181818	0.0818181818181818	0	0.0818181818181818	0.0818181818181818	0.0818181818181818	0.0818181818181818	0	0	0	0.0818181818181818	0	0	0.0818181818181818	0	0	0	0.0818181818181818	0	0	0	0	0	0	0	0	0	0	0	0	0	0	0	0	0	0	0	0	0	0	0	0	0	0	0	0	0	0	0	0	0	0	0	0
"Megabothris_rectangulatus"	0.075	0.075	0.075	0.075	0	0.075	0	0.075	0.075	0.075	0	0	0.075	0	0	0.075	0	0	0.075	0	0.075	0	0	0	0	0	0	0	0	0	0	0	0	0	0	0	0	0	0	0	0	0	0	0	0	0	0	0	0	0	0	0	0	0	0	0
"Megabothris_turbidus"	0.1125	0.1125	0.1125	0.1125	0	0.1125	0	0.1125	0	0	0	0	0	0	0	0.1125	0	0	0	0	0	0.1125	0	0	0	0	0	0	0	0	0	0	0	0	0	0	0	0	0	0	0	0	0	0	0	0	0	0	0	0	0	0	0	0	0	0
"Hystrichopsylla_talpae"	0.0642857142857143	0.0642857142857143	0.0642857142857143	0.0642857142857143	0	0.0642857142857143	0.0642857142857143	0.0642857142857143	0.0642857142857143	0	0	0	0.0642857142857143	0	0	0	0.0642857142857143	0.0642857142857143	0	0.0642857142857143	0.0642857142857143	0	0.0642857142857143	0	0	0	0	0	0	0	0	0	0	0	0	0	0	0	0	0	0	0	0	0	0	0	0	0	0	0	0	0	0	0	0	0
"Ctenophthalmus_arvalis"	0.18	0.18	0.18	0	0.18	0	0	0	0	0	0	0.18	0	0	0	0	0	0	0	0	0	0	0	0	0	0	0	0	0	0	0	0	0	0	0	0	0	0	0	0	0	0	0	0	0	0	0	0	0	0	0	0	0	0	0	0
"Amphipsylla_sibirica"	0.18	0.18	0.18	0	0	0.18	0	0	0	0	0	0	0	0	0	0	0.18	0	0	0	0	0	0	0	0	0	0	0	0	0	0	0	0	0	0	0	0	0	0	0	0	0	0	0	0	0	0	0	0	0	0	0	0	0	0	0
"Ctenophthalmus_dilatatus"	0	0	0	0	0	0	0	0	0	0	0.9	0	0	0	0	0	0	0	0	0	0	0	0	0	0	0	0	0	0	0	0	0	0	0	0	0	0	0	0	0	0	0	0	0	0	0	0	0	0	0	0	0	0	0	0	0
"Ceratophyllus_indages"	0	0	0.3	0	0	0	0	0	0	0	0	0.3	0	0	0.3	0	0	0	0	0	0	0	0	0	0	0	0	0	0	0	0	0	0	0	0	0	0	0	0	0	0	0	0	0	0	0	0	0	0	0	0	0	0	0	0	0
"Pectinoctenus_pavlovskii"	0.225	0	0	0	0.225	0	0	0	0	0	0	0	0	0.225	0	0	0	0	0	0.225	0	0	0	0	0	0	0	0	0	0	0	0	0	0	0	0	0	0	0	0	0	0	0	0	0	0	0	0	0	0	0	0	0	0	0	0
"Frontopsylla_elata"	0	0.075	0.075	0.075	0	0.075	0	0.075	0	0.075	0	0	0.075	0.075	0	0	0	0.075	0	0.075	0	0.075	0.075	0	0	0	0	0	0	0	0	0	0	0	0	0	0	0	0	0	0	0	0	0	0	0	0	0	0	0	0	0	0	0	0	0
"Citellophilus_tesquorum"	0	0.18	0.18	0	0.18	0	0	0	0	0	0	0.18	0	0.18	0	0	0	0	0	0	0	0	0	0	0	0	0	0	0	0	0	0	0	0	0	0	0	0	0	0	0	0	0	0	0	0	0	0	0	0	0	0	0	0	0	0
"Leptopsylla_sicistae"	0	0	0	0	0	0	0	0.45	0	0	0	0	0	0	0	0	0	0.45	0	0	0	0	0	0	0	0	0	0	0	0	0	0	0	0	0	0	0	0	0	0	0	0	0	0	0	0	0	0	0	0	0	0	0	0	0	0
"Peromyscopsylla_silvatica"	0	0	0.225	0.225	0.225	0	0	0	0	0	0	0	0.225	0	0	0	0	0	0	0	0	0	0	0	0	0	0	0	0	0	0	0	0	0	0	0	0	0	0	0	0	0	0	0	0	0	0	0	0	0	0	0	0	0	0	0
"Megabothris_calcarifer"	0	0.15	0.15	0.15	0	0	0	0	0.15	0	0	0	0.15	0	0	0	0	0	0.15	0	0	0	0	0	0	0	0	0	0	0	0	0	0	0	0	0	0	0	0	0	0	0	0	0	0	0	0	0	0	0	0	0	0	0	0	0
"Neopsylla_pleskei"	0.128571428571429	0	0	0.128571428571429	0.128571428571429	0	0	0	0.128571428571429	0	0	0	0	0.128571428571429	0	0	0.128571428571429	0.128571428571429	0	0	0	0	0	0	0	0	0	0	0	0	0	0	0	0	0	0	0	0	0	0	0	0	0	0	0	0	0	0	0	0	0	0	0	0	0	0
"Amphipsylla_kuznetzovi"	0.3	0	0.3	0.3	0	0	0	0	0	0	0	0	0	0	0	0	0	0	0	0	0	0	0	0	0	0	0	0	0	0	0	0	0	0	0	0	0	0	0	0	0	0	0	0	0	0	0	0	0	0	0	0	0	0	0	0
"Peromyscopsylla_bidentata"	0.225	0.225	0	0	0	0.225	0	0	0	0	0	0	0	0	0	0	0	0	0	0	0	0.225	0	0	0	0	0	0	0	0	0	0	0	0	0	0	0	0	0	0	0	0	0	0	0	0	0	0	0	0	0	0	0	0	0	0
"Neopsylla_acanthina"	0.45	0	0	0	0	0	0	0	0	0	0	0	0	0	0.45	0	0	0	0	0	0	0	0	0	0	0	0	0	0	0	0	0	0	0	0	0	0	0	0	0	0	0	0	0	0	0	0	0	0	0	0	0	0	0	0	0
"Neopsylla_mana"	0.18	0	0	0	0	0.18	0.18	0.18	0	0	0	0	0	0	0	0	0.18	0	0	0	0	0	0	0	0	0	0	0	0	0	0	0	0	0	0	0	0	0	0	0	0	0	0	0	0	0	0	0	0	0	0	0	0	0	0	0
"Ctenophthalmus_pisticus"	0	0	0	0	0	0	0	0	0	0	0	0	0	0	0.9	0	0	0	0	0	0	0	0	0	0	0	0	0	0	0	0	0	0	0	0	0	0	0	0	0	0	0	0	0	0	0	0	0	0	0	0	0	0	0	0	0
"Tarsopsylla_octodecimdentata"	0	0	0	0	0	0	0	0	0	0	0	0	0	0	0	0	0	0	0	0	0	0	0	0.45	0.45	0	0	0	0	0	0	0	0	0	0	0	0	0	0	0	0	0	0	0	0	0	0	0	0	0	0	0	0	0	0	0
"Amphipsylla_vinogradovi"	0	0	0	0	0	0	0	0	0	0	0	0	0	0	0	0	0	0.45	0	0.45	0	0	0	0	0	0	0	0	0	0	0	0	0	0	0	0	0	0	0	0	0	0	0	0	0	0	0	0	0	0	0	0	0	0	0	0
"Oropsylla_ilovaiskii"	0	0	0	0	0	0	0	0	0	0	0	0.9	0	0	0	0	0	0	0	0	0	0	0	0	0	0	0	0	0	0	0	0	0	0	0	0	0	0	0	0	0	0	0	0	0	0	0	0	0	0	0	0	0	0	0	0
"Ctenophthalmus_uncinatus"	0	0	0	0	0	0	0	0	0	0	0	0	0	0	0	0.9	0	0	0	0	0	0	0	0	0	0	0	0	0	0	0	0	0	0	0	0	0	0	0	0	0	0	0	0	0	0	0	0	0	0	0	0	0	0	0	0
"Amphipsylla_prima"	0.9	0	0	0	0	0	0	0	0	0	0	0	0	0	0	0	0	0	0	0	0	0	0	0	0	0	0	0	0	0	0	0	0	0	0	0	0	0	0	0	0	0	0	0	0	0	0	0	0	0	0	0	0	0	0	0
"Catallagia_dacenkoi"	0	0	0.9	0	0	0	0	0	0	0	0	0	0	0	0	0	0	0	0	0	0	0	0	0	0	0	0	0	0	0	0	0	0	0	0	0	0	0	0	0	0	0	0	0	0	0	0	0	0	0	0	0	0	0	0	0
"Rhadinopsylla_integella"	0	0	0	0	0	0	0	0	0	0	0.9	0	0	0	0	0	0	0	0	0	0	0	0	0	0	0	0	0	0	0	0	0	0	0	0	0	0	0	0	0	0	0	0	0	0	0	0	0	0	0	0	0	0	0	0	0
