"Clethrionomys_glareolus"	"Sorex_araneus"	"Apodemus_flavicollis"	"Microtus_arvalis"	"Apodemus_uralensis"	"Spermophilus_pygmaeus"	"Talpa_europaea"	"Spermophilus_major"	"Sorex_minutus"	"Arvicola_terrestris"	"Sicista_betulina"	"Apodemus_agrarius"	"Clethrionomys_rutilus"	"Sciurus_vulgaris"	"Microtus_agrestis"	"Neomys_fodiens"	"Microtus_oeconomus"	"Allactaga_major"	"Tamias_sibiricus"	"Marmota_bobak"	"Dryomys_nitedula"	"Allocricetulus_eversmanni"	"Cricetulus_migratorius"	"Cricetus_cricetus"	"Sicista_subtilis"	"Spermophilus_suslicus"	"Myoxus_glis"	"Stenoponia_suknevi"	"Rostropsylla_daca"	"Rhadinopsylla_li"	"Xenopsylla_nubica"	"Wagnerina_tuvensis"	"Stenoponia_vlasovi"	"Tarsopsylla_octodecimdentata"	"Wagnerina_schelkovnikovi"	"Stenoponia_tripectinata"	"Xenopsylla_hirtipes"	"Rhadinopsylla_socia"	"Xenopsylla_skrjabini"	"Xenopsylla_cheopis"	"Rhadinopsylla_pentacantha"	"Xenopsylla_nuttalli"	"Xenopsylla_persica"	"Xenopsylla_conformis"	"Xenopsylla_magdalinae"	"Wagnerina_longicauda"	"Peromyscopsylla_tikhomirovae"	"Stenoponia_montana"	"Rhadinopsylla_rothschildi"	"Stenoponia_conspecta"	"Frontopsylla_semura"	"Stenoponia_ivanovi"	"Stenoponia_sidimi"	"Echidnophaga_oschanini"	"Rhadinopsylla_pseudodahurica"	"Xenopsylla_gerbilli"	"Rhadinopsylla_ucrainica"	"Megabothris_asio"	"Megabothris_calcarifer"	"Synosternus_longispinus"	"Amphipsylla_georgica"	"Neopsylla_mana"
"Clethrionomys_glareolus"	0	0	0	0	0	0	0	0	0	0	0	0	0	0	0	0	0	0	0	0	0	0	0	0	0	0	0	0.0391304347826087	0.0391304347826087	0.0391304347826087	0.0391304347826087	0.0391304347826087	0.0391304347826087	0.0391304347826087	0.0391304347826087	0.0391304347826087	0	0	0.0391304347826087	0.0391304347826087	0.0391304347826087	0.0391304347826087	0.0391304347826087	0	0.0391304347826087	0.0391304347826087	0	0	0.0391304347826087	0	0	0.0391304347826087	0	0.0391304347826087	0	0.0391304347826087	0.0391304347826087	0.0391304347826087	0.0391304347826087	0	0	0
"Sorex_araneus"	0	0	0	0	0	0	0	0	0	0	0	0	0	0	0	0	0	0	0	0	0	0	0	0	0	0	0	0.045	0.045	0.045	0.045	0.045	0.045	0.045	0.045	0.045	0	0	0.045	0.045	0.045	0.045	0.045	0	0.045	0.045	0	0	0	0.045	0	0.045	0	0	0	0.045	0.045	0	0	0	0	0
"Apodemus_flavicollis"	0	0	0	0	0	0	0	0	0	0	0	0	0	0	0	0	0	0	0	0	0	0	0	0	0	0	0	0.05625	0.05625	0.05625	0.05625	0.05625	0	0.05625	0.05625	0.05625	0	0	0.05625	0	0.05625	0.05625	0.05625	0	0	0.05625	0	0	0.05625	0.05625	0	0	0	0.05625	0	0	0	0	0	0	0	0
"Microtus_arvalis"	0	0	0	0	0	0	0	0	0	0	0	0	0	0	0	0	0	0	0	0	0	0	0	0	0	0	0	0.0473684210526316	0.0473684210526316	0.0473684210526316	0.0473684210526316	0.0473684210526316	0.0473684210526316	0.0473684210526316	0.0473684210526316	0.0473684210526316	0	0	0.0473684210526316	0.0473684210526316	0.0473684210526316	0.0473684210526316	0.0473684210526316	0	0	0.0473684210526316	0	0	0.0473684210526316	0.0473684210526316	0	0	0	0.0473684210526316	0	0	0	0.0473684210526316	0	0	0	0
"Apodemus_uralensis"	0	0	0	0	0	0	0	0	0	0	0	0	0	0	0	0	0	0	0	0	0	0	0	0	0	0	0	0.0473684210526316	0.0473684210526316	0.0473684210526316	0.0473684210526316	0.0473684210526316	0.0473684210526316	0.0473684210526316	0.0473684210526316	0.0473684210526316	0	0	0.0473684210526316	0.0473684210526316	0	0.0473684210526316	0.0473684210526316	0	0	0.0473684210526316	0	0	0.0473684210526316	0.0473684210526316	0	0	0	0	0	0.0473684210526316	0	0.0473684210526316	0	0.0473684210526316	0	0
"Spermophilus_pygmaeus"	0	0	0	0	0	0	0	0	0	0	0	0	0	0	0	0	0	0	0	0	0	0	0	0	0	0	0	0	0	0	0	0	0	0	0	0	0.18	0.18	0	0	0	0	0	0.18	0	0	0	0.18	0	0	0	0	0.18	0	0	0	0	0	0	0	0	0
"Talpa_europaea"	0	0	0	0	0	0	0	0	0	0	0	0	0	0	0	0	0	0	0	0	0	0	0	0	0	0	0	0.0692307692307692	0.0692307692307692	0.0692307692307692	0.0692307692307692	0.0692307692307692	0.0692307692307692	0.0692307692307692	0.0692307692307692	0.0692307692307692	0	0	0.0692307692307692	0	0	0	0	0	0.0692307692307692	0	0	0	0	0.0692307692307692	0	0.0692307692307692	0	0	0	0	0	0	0	0	0	0
"Spermophilus_major"	0	0	0	0	0	0	0	0	0	0	0	0	0	0	0	0	0	0	0	0	0	0	0	0	0	0	0	0	0	0	0	0	0	0	0	0	0.15	0.15	0	0	0	0	0	0.15	0	0	0	0.15	0	0	0	0	0.15	0	0	0.15	0	0	0	0	0	0
"Sorex_minutus"	0	0	0	0	0	0	0	0	0	0	0	0	0	0	0	0	0	0	0	0	0	0	0	0	0	0	0	0.09	0.09	0.09	0.09	0.09	0.09	0.09	0.09	0.09	0	0	0	0	0	0	0.09	0	0	0	0	0	0	0	0	0	0	0	0	0	0	0	0	0	0	0
"Arvicola_terrestris"	0	0	0	0	0	0	0	0	0	0	0	0	0	0	0	0	0	0	0	0	0	0	0	0	0	0	0	0.0818181818181818	0.0818181818181818	0.0818181818181818	0	0.0818181818181818	0	0.0818181818181818	0.0818181818181818	0.0818181818181818	0	0	0	0.0818181818181818	0.0818181818181818	0.0818181818181818	0.0818181818181818	0	0	0	0	0	0	0	0	0	0	0	0	0	0	0	0	0	0	0
"Sicista_betulina"	0	0	0	0	0	0	0	0	0	0	0	0	0	0	0	0	0	0	0	0	0	0	0	0	0	0	0	0.0818181818181818	0.0818181818181818	0.0818181818181818	0.0818181818181818	0.0818181818181818	0.0818181818181818	0.0818181818181818	0.0818181818181818	0.0818181818181818	0	0	0	0	0	0	0.0818181818181818	0	0	0	0	0	0	0.0818181818181818	0	0	0	0	0	0	0	0	0	0	0	0
"Apodemus_agrarius"	0	0	0	0	0	0	0	0	0	0	0	0	0	0	0	0	0	0	0	0	0	0	0	0	0	0	0	0.09	0.09	0.09	0	0.09	0	0.09	0	0.09	0	0	0	0	0.09	0.09	0	0	0	0.09	0	0	0	0	0	0	0	0.09	0	0	0	0	0	0	0	0
"Clethrionomys_rutilus"	0	0	0	0	0	0	0	0	0	0	0	0	0	0	0	0	0	0	0	0	0	0	0	0	0	0	0	0.075	0.075	0.075	0.075	0.075	0.075	0.075	0.075	0.075	0	0	0.075	0	0	0.075	0.075	0	0	0	0	0	0	0	0	0	0	0	0	0	0	0	0	0	0	0
"Sciurus_vulgaris"	0	0	0	0	0	0	0	0	0	0	0	0	0	0	0	0	0	0	0	0	0	0	0	0	0	0	0	0	0	0	0	0	0	0	0	0	0	0	0	0	0	0	0	0	0	0	0.45	0	0.45	0	0	0	0	0	0	0	0	0	0	0	0	0
"Microtus_agrestis"	0	0	0	0	0	0	0	0	0	0	0	0	0	0	0	0	0	0	0	0	0	0	0	0	0	0	0	0.0818181818181818	0.0818181818181818	0.0818181818181818	0.0818181818181818	0.0818181818181818	0.0818181818181818	0.0818181818181818	0.0818181818181818	0	0	0	0	0	0.0818181818181818	0.0818181818181818	0.0818181818181818	0	0	0	0	0	0	0	0	0	0	0	0	0	0	0	0	0	0	0
"Neomys_fodiens"	0	0	0	0	0	0	0	0	0	0	0	0	0	0	0	0	0	0	0	0	0	0	0	0	0	0	0	0	0.128571428571429	0	0.128571428571429	0	0.128571428571429	0.128571428571429	0	0.128571428571429	0	0	0	0	0	0	0	0	0	0	0	0	0	0.128571428571429	0	0	0	0	0	0	0.128571428571429	0	0	0	0	0
"Microtus_oeconomus"	0	0	0	0	0	0	0	0	0	0	0	0	0	0	0	0	0	0	0	0	0	0	0	0	0	0	0	0.09	0.09	0	0.09	0.09	0	0.09	0.09	0.09	0	0	0	0.09	0.09	0	0.09	0	0	0	0	0	0	0	0	0	0	0	0	0	0	0	0	0	0	0
"Allactaga_major"	0	0	0	0	0	0	0	0	0	0	0	0	0	0	0	0	0	0	0	0	0	0	0	0	0	0	0	0	0	0	0	0	0	0	0	0	0	0	0	0	0	0	0	0	0	0	0	0	0	0	0.9	0	0	0	0	0	0	0	0	0	0	0
"Tamias_sibiricus"	0	0	0	0	0	0	0	0	0	0	0	0	0	0	0	0	0	0	0	0	0	0	0	0	0	0	0	0	0	0	0	0	0	0	0	0.3	0	0	0	0	0	0	0	0	0	0	0	0	0.3	0	0	0	0	0	0.3	0	0	0	0	0	0	0
"Marmota_bobak"	0	0	0	0	0	0	0	0	0	0	0	0	0	0	0	0	0	0	0	0	0	0	0	0	0	0	0	0	0	0	0	0	0	0	0	0	0.45	0	0	0	0	0	0	0	0	0	0	0	0	0	0	0	0	0	0	0	0	0	0	0	0	0.45
"Dryomys_nitedula"	0	0	0	0	0	0	0	0	0	0	0	0	0	0	0	0	0	0	0	0	0	0	0	0	0	0	0	0	0	0	0	0	0	0	0	0	0	0	0	0	0	0	0	0	0	0	0	0	0.9	0	0	0	0	0	0	0	0	0	0	0	0	0
"Allocricetulus_eversmanni"	0	0	0	0	0	0	0	0	0	0	0	0	0	0	0	0	0	0	0	0	0	0	0	0	0	0	0	0	0	0	0	0.225	0	0	0	0.225	0	0	0	0	0	0	0	0	0	0	0	0	0	0	0	0	0.225	0	0	0.225	0	0	0	0	0	0
"Cricetulus_migratorius"	0	0	0	0	0	0	0	0	0	0	0	0	0	0	0	0	0	0	0	0	0	0	0	0	0	0	0	0	0	0	0	0.3	0	0	0	0.3	0	0	0	0	0	0	0	0	0	0	0	0	0	0	0	0	0	0	0	0	0	0	0	0	0.3	0
"Cricetus_cricetus"	0	0	0	0	0	0	0	0	0	0	0	0	0	0	0	0	0	0	0	0	0	0	0	0	0	0	0	0	0	0	0	0	0	0	0	0	0	0	0	0.45	0	0	0	0	0	0	0	0	0	0	0	0	0	0	0	0.45	0	0	0	0	0	0
"Sicista_subtilis"	0	0	0	0	0	0	0	0	0	0	0	0	0	0	0	0	0	0	0	0	0	0	0	0	0	0	0	0	0	0	0	0	0	0	0	0.45	0	0	0	0	0	0	0	0	0	0	0	0	0	0.45	0	0	0	0	0	0	0	0	0	0	0	0
"Spermophilus_suslicus"	0	0	0	0	0	0	0	0	0	0	0	0	0	0	0	0	0	0	0	0	0	0	0	0	0	0	0	0	0	0	0	0	0	0	0	0	0	0	0	0	0.45	0	0	0	0	0	0	0	0	0	0	0	0	0	0	0	0	0	0	0.45	0	0
"Myoxus_glis"	0	0	0	0	0	0	0	0	0	0	0	0	0	0	0	0	0	0	0	0	0	0	0	0	0	0	0	0	0	0	0	0	0	0	0	0	0	0	0	0	0	0	0	0	0	0	0	0	0.9	0	0	0	0	0	0	0	0	0	0	0	0	0
"Stenoponia_suknevi"	0.0692307692307692	0.0692307692307692	0.0692307692307692	0.0692307692307692	0.0692307692307692	0	0.0692307692307692	0	0.0692307692307692	0.0692307692307692	0.0692307692307692	0.0692307692307692	0.0692307692307692	0	0.0692307692307692	0	0.0692307692307692	0	0	0	0	0	0	0	0	0	0	0	0	0	0	0	0	0	0	0	0	0	0	0	0	0	0	0	0	0	0	0	0	0	0	0	0	0	0	0	0	0	0	0	0	0
"Rostropsylla_daca"	0.0642857142857143	0.0642857142857143	0.0642857142857143	0.0642857142857143	0.0642857142857143	0	0.0642857142857143	0	0.0642857142857143	0.0642857142857143	0.0642857142857143	0.0642857142857143	0.0642857142857143	0	0.0642857142857143	0.0642857142857143	0.0642857142857143	0	0	0	0	0	0	0	0	0	0	0	0	0	0	0	0	0	0	0	0	0	0	0	0	0	0	0	0	0	0	0	0	0	0	0	0	0	0	0	0	0	0	0	0	0
"Rhadinopsylla_li"	0.075	0.075	0.075	0.075	0.075	0	0.075	0	0.075	0.075	0.075	0.075	0.075	0	0.075	0	0	0	0	0	0	0	0	0	0	0	0	0	0	0	0	0	0	0	0	0	0	0	0	0	0	0	0	0	0	0	0	0	0	0	0	0	0	0	0	0	0	0	0	0	0	0
"Xenopsylla_nubica"	0.075	0.075	0.075	0.075	0.075	0	0.075	0	0.075	0	0.075	0	0.075	0	0.075	0.075	0.075	0	0	0	0	0	0	0	0	0	0	0	0	0	0	0	0	0	0	0	0	0	0	0	0	0	0	0	0	0	0	0	0	0	0	0	0	0	0	0	0	0	0	0	0	0
"Wagnerina_tuvensis"	0.06	0.06	0.06	0.06	0.06	0	0.06	0	0.06	0.06	0.06	0.06	0.06	0	0.06	0	0.06	0	0	0	0	0.06	0.06	0	0	0	0	0	0	0	0	0	0	0	0	0	0	0	0	0	0	0	0	0	0	0	0	0	0	0	0	0	0	0	0	0	0	0	0	0	0	0
"Stenoponia_vlasovi"	0.09	0.09	0	0.09	0.09	0	0.09	0	0.09	0	0.09	0	0.09	0	0.09	0.09	0	0	0	0	0	0	0	0	0	0	0	0	0	0	0	0	0	0	0	0	0	0	0	0	0	0	0	0	0	0	0	0	0	0	0	0	0	0	0	0	0	0	0	0	0	0
"Tarsopsylla_octodecimdentata"	0.0642857142857143	0.0642857142857143	0.0642857142857143	0.0642857142857143	0.0642857142857143	0	0.0642857142857143	0	0.0642857142857143	0.0642857142857143	0.0642857142857143	0.0642857142857143	0.0642857142857143	0	0.0642857142857143	0.0642857142857143	0.0642857142857143	0	0	0	0	0	0	0	0	0	0	0	0	0	0	0	0	0	0	0	0	0	0	0	0	0	0	0	0	0	0	0	0	0	0	0	0	0	0	0	0	0	0	0	0	0
"Wagnerina_schelkovnikovi"	0.075	0.075	0.075	0.075	0.075	0	0.075	0	0.075	0.075	0.075	0	0.075	0	0.075	0	0.075	0	0	0	0	0	0	0	0	0	0	0	0	0	0	0	0	0	0	0	0	0	0	0	0	0	0	0	0	0	0	0	0	0	0	0	0	0	0	0	0	0	0	0	0	0
"Stenoponia_tripectinata"	0.0529411764705882	0.0529411764705882	0.0529411764705882	0.0529411764705882	0.0529411764705882	0	0.0529411764705882	0	0.0529411764705882	0.0529411764705882	0.0529411764705882	0.0529411764705882	0.0529411764705882	0	0	0.0529411764705882	0.0529411764705882	0	0.0529411764705882	0	0	0.0529411764705882	0.0529411764705882	0	0.0529411764705882	0	0	0	0	0	0	0	0	0	0	0	0	0	0	0	0	0	0	0	0	0	0	0	0	0	0	0	0	0	0	0	0	0	0	0	0	0
"Xenopsylla_hirtipes"	0	0	0	0	0	0.3	0	0.3	0	0	0	0	0	0	0	0	0	0	0	0.3	0	0	0	0	0	0	0	0	0	0	0	0	0	0	0	0	0	0	0	0	0	0	0	0	0	0	0	0	0	0	0	0	0	0	0	0	0	0	0	0	0	0
"Rhadinopsylla_socia"	0	0	0	0	0	0.45	0	0.45	0	0	0	0	0	0	0	0	0	0	0	0	0	0	0	0	0	0	0	0	0	0	0	0	0	0	0	0	0	0	0	0	0	0	0	0	0	0	0	0	0	0	0	0	0	0	0	0	0	0	0	0	0	0
"Xenopsylla_skrjabini"	0.128571428571429	0.128571428571429	0.128571428571429	0.128571428571429	0.128571428571429	0	0.128571428571429	0	0	0	0	0	0.128571428571429	0	0	0	0	0	0	0	0	0	0	0	0	0	0	0	0	0	0	0	0	0	0	0	0	0	0	0	0	0	0	0	0	0	0	0	0	0	0	0	0	0	0	0	0	0	0	0	0	0
"Xenopsylla_cheopis"	0.128571428571429	0.128571428571429	0	0.128571428571429	0.128571428571429	0	0	0	0	0.128571428571429	0	0	0	0	0	0	0.128571428571429	0	0	0	0	0	0	0.128571428571429	0	0	0	0	0	0	0	0	0	0	0	0	0	0	0	0	0	0	0	0	0	0	0	0	0	0	0	0	0	0	0	0	0	0	0	0	0	0
"Rhadinopsylla_pentacantha"	0.1	0.1	0.1	0.1	0	0	0	0	0	0.1	0	0.1	0	0	0.1	0	0.1	0	0	0	0	0	0	0	0	0.1	0	0	0	0	0	0	0	0	0	0	0	0	0	0	0	0	0	0	0	0	0	0	0	0	0	0	0	0	0	0	0	0	0	0	0	0
"Xenopsylla_nuttalli"	0.1	0.1	0.1	0.1	0.1	0	0	0	0	0.1	0	0.1	0.1	0	0.1	0	0	0	0	0	0	0	0	0	0	0	0	0	0	0	0	0	0	0	0	0	0	0	0	0	0	0	0	0	0	0	0	0	0	0	0	0	0	0	0	0	0	0	0	0	0	0
"Xenopsylla_persica"	0.0818181818181818	0.0818181818181818	0.0818181818181818	0.0818181818181818	0.0818181818181818	0	0	0	0.0818181818181818	0.0818181818181818	0.0818181818181818	0	0.0818181818181818	0	0.0818181818181818	0	0.0818181818181818	0	0	0	0	0	0	0	0	0	0	0	0	0	0	0	0	0	0	0	0	0	0	0	0	0	0	0	0	0	0	0	0	0	0	0	0	0	0	0	0	0	0	0	0	0
"Xenopsylla_conformis"	0	0	0	0	0	0.45	0	0.45	0	0	0	0	0	0	0	0	0	0	0	0	0	0	0	0	0	0	0	0	0	0	0	0	0	0	0	0	0	0	0	0	0	0	0	0	0	0	0	0	0	0	0	0	0	0	0	0	0	0	0	0	0	0
"Xenopsylla_magdalinae"	0.3	0.3	0	0	0	0	0.3	0	0	0	0	0	0	0	0	0	0	0	0	0	0	0	0	0	0	0	0	0	0	0	0	0	0	0	0	0	0	0	0	0	0	0	0	0	0	0	0	0	0	0	0	0	0	0	0	0	0	0	0	0	0	0
"Wagnerina_longicauda"	0.15	0.15	0.15	0.15	0.15	0	0	0	0	0	0	0.15	0	0	0	0	0	0	0	0	0	0	0	0	0	0	0	0	0	0	0	0	0	0	0	0	0	0	0	0	0	0	0	0	0	0	0	0	0	0	0	0	0	0	0	0	0	0	0	0	0	0
"Peromyscopsylla_tikhomirovae"	0	0	0	0	0	0	0	0	0	0	0	0	0	0.9	0	0	0	0	0	0	0	0	0	0	0	0	0	0	0	0	0	0	0	0	0	0	0	0	0	0	0	0	0	0	0	0	0	0	0	0	0	0	0	0	0	0	0	0	0	0	0	0
"Stenoponia_montana"	0	0	0	0	0	0.45	0	0.45	0	0	0	0	0	0	0	0	0	0	0	0	0	0	0	0	0	0	0	0	0	0	0	0	0	0	0	0	0	0	0	0	0	0	0	0	0	0	0	0	0	0	0	0	0	0	0	0	0	0	0	0	0	0
"Rhadinopsylla_rothschildi"	0.1125	0	0.1125	0.1125	0.1125	0	0	0	0	0	0	0	0	0.1125	0	0	0	0	0.1125	0	0.1125	0	0	0	0	0	0.1125	0	0	0	0	0	0	0	0	0	0	0	0	0	0	0	0	0	0	0	0	0	0	0	0	0	0	0	0	0	0	0	0	0	0	0
"Stenoponia_conspecta"	0	0.1125	0.1125	0.1125	0.1125	0	0.1125	0	0	0	0.1125	0	0	0	0	0.1125	0	0	0	0	0	0	0	0	0.1125	0	0	0	0	0	0	0	0	0	0	0	0	0	0	0	0	0	0	0	0	0	0	0	0	0	0	0	0	0	0	0	0	0	0	0	0	0
"Frontopsylla_semura"	0	0	0	0	0	0	0	0	0	0	0	0	0	0	0	0	0	0.9	0	0	0	0	0	0	0	0	0	0	0	0	0	0	0	0	0	0	0	0	0	0	0	0	0	0	0	0	0	0	0	0	0	0	0	0	0	0	0	0	0	0	0	0
"Stenoponia_ivanovi"	0.3	0.3	0	0	0	0	0.3	0	0	0	0	0	0	0	0	0	0	0	0	0	0	0	0	0	0	0	0	0	0	0	0	0	0	0	0	0	0	0	0	0	0	0	0	0	0	0	0	0	0	0	0	0	0	0	0	0	0	0	0	0	0	0
"Stenoponia_sidimi"	0	0	0	0	0	0.3	0	0.3	0	0	0	0	0	0	0	0	0	0	0	0	0	0.3	0	0	0	0	0	0	0	0	0	0	0	0	0	0	0	0	0	0	0	0	0	0	0	0	0	0	0	0	0	0	0	0	0	0	0	0	0	0	0	0
"Echidnophaga_oschanini"	0.225	0	0.225	0.225	0	0	0	0	0	0	0	0.225	0	0	0	0	0	0	0	0	0	0	0	0	0	0	0	0	0	0	0	0	0	0	0	0	0	0	0	0	0	0	0	0	0	0	0	0	0	0	0	0	0	0	0	0	0	0	0	0	0	0
"Rhadinopsylla_pseudodahurica"	0	0	0	0	0	0	0	0	0	0	0	0	0	0	0	0	0	0	0.9	0	0	0	0	0	0	0	0	0	0	0	0	0	0	0	0	0	0	0	0	0	0	0	0	0	0	0	0	0	0	0	0	0	0	0	0	0	0	0	0	0	0	0
"Xenopsylla_gerbilli"	0.15	0.15	0	0	0.15	0	0	0.15	0	0	0	0	0	0	0	0	0	0	0	0	0	0.15	0	0.15	0	0	0	0	0	0	0	0	0	0	0	0	0	0	0	0	0	0	0	0	0	0	0	0	0	0	0	0	0	0	0	0	0	0	0	0	0	0
"Rhadinopsylla_ucrainica"	0.3	0.3	0	0	0	0	0	0	0	0	0	0	0	0	0	0.3	0	0	0	0	0	0	0	0	0	0	0	0	0	0	0	0	0	0	0	0	0	0	0	0	0	0	0	0	0	0	0	0	0	0	0	0	0	0	0	0	0	0	0	0	0	0
"Megabothris_asio"	0.3	0	0	0.3	0.3	0	0	0	0	0	0	0	0	0	0	0	0	0	0	0	0	0	0	0	0	0	0	0	0	0	0	0	0	0	0	0	0	0	0	0	0	0	0	0	0	0	0	0	0	0	0	0	0	0	0	0	0	0	0	0	0	0
"Megabothris_calcarifer"	0.9	0	0	0	0	0	0	0	0	0	0	0	0	0	0	0	0	0	0	0	0	0	0	0	0	0	0	0	0	0	0	0	0	0	0	0	0	0	0	0	0	0	0	0	0	0	0	0	0	0	0	0	0	0	0	0	0	0	0	0	0	0
"Synosternus_longispinus"	0	0	0	0	0.45	0	0	0	0	0	0	0	0	0	0	0	0	0	0	0	0	0	0	0	0	0.45	0	0	0	0	0	0	0	0	0	0	0	0	0	0	0	0	0	0	0	0	0	0	0	0	0	0	0	0	0	0	0	0	0	0	0	0
"Amphipsylla_georgica"	0	0	0	0	0	0	0	0	0	0	0	0	0	0	0	0	0	0	0	0	0	0	0.9	0	0	0	0	0	0	0	0	0	0	0	0	0	0	0	0	0	0	0	0	0	0	0	0	0	0	0	0	0	0	0	0	0	0	0	0	0	0	0
"Neopsylla_mana"	0	0	0	0	0	0	0	0	0	0	0	0	0	0	0	0	0	0	0	0.9	0	0	0	0	0	0	0	0	0	0	0	0	0	0	0	0	0	0	0	0	0	0	0	0	0	0	0	0	0	0	0	0	0	0	0	0	0	0	0	0	0	0
