"Acer_rubrum"	"Hamamelis_virginiana"	"Quercus_rubra"	"Vaccinium_sp."	"Quercus_prinus"	"Quercus_alba"	"Carya_glabra"	"Cornus_florida"	"Prunus_serotina"	"Tsuga_canadensis"	"Betula_lenta"	"Castanea_dentata"	"Kalmia_latifolia"	"Fagus_grandifolia"	"Carpinus_caroliniana"	"Lindera_benzoin"	"Liriodendron_tulipifera"	"Sassafras_albidum"	"T01"	"T02"	"T03"	"T04"	"T05"	"T08"	"T11"	"T12"	"N01"	"N06"	"N07"	"N10"	"N11"	"N13"	"N17"	"N18"	"N19"	"L01"	"L02"	"L03"	"L04"	"L05"	"L07"	"L09"	"L10"	"L11"	"L17"	"L20"	"G01"	"G02"	"G03"	"G04"	"G05"	"G08"	"G09"	"G10"	"G16"	"G21"	"G27"	"G28"	"G30"	"G33"	"G39"	"G40"	"G44"	"G45"	"G48"	"G60"	"A01"	"A02"	"A04"	"A06"	"A07"	"A08"	"A14"	"A15"	"A20"
"Acer_rubrum"	0	0	0	0	0	0	0	0	0	0	0	0	0	0	0	0	0	0	0.0333333333333333	0.0333333333333333	0	0.0333333333333333	0	0	0	0	0.0333333333333333	0.0333333333333333	0.0333333333333333	0	0	0.0333333333333333	0	0.0333333333333333	0.0333333333333333	0.0333333333333333	0.0333333333333333	0	0	0	0.0333333333333333	0.0333333333333333	0.0333333333333333	0	0	0.0333333333333333	0.0333333333333333	0.0333333333333333	0.0333333333333333	0.0333333333333333	0.0333333333333333	0.0333333333333333	0.0333333333333333	0.0333333333333333	0	0	0	0	0	0	0	0	0	0	0	0	0.0333333333333333	0	0.0333333333333333	0	0	0.0333333333333333	0	0	0.0333333333333333
"Hamamelis_virginiana"	0	0	0	0	0	0	0	0	0	0	0	0	0	0	0	0	0	0	0.0375	0.0375	0.0375	0	0	0	0	0	0.0375	0.0375	0.0375	0	0	0.0375	0	0	0.0375	0.0375	0.0375	0	0	0	0.0375	0.0375	0	0	0	0.0375	0.0375	0.0375	0	0.0375	0.0375	0	0.0375	0.0375	0	0	0	0	0	0	0	0.0375	0	0	0	0	0.0375	0	0.0375	0	0	0.0375	0	0	0.0375
"Quercus_rubra"	0	0	0	0	0	0	0	0	0	0	0	0	0	0	0	0	0	0	0.028125	0.028125	0.028125	0.028125	0	0	0	0	0.028125	0.028125	0.028125	0.028125	0	0.028125	0	0	0.028125	0.028125	0.028125	0.028125	0.028125	0	0.028125	0.028125	0.028125	0	0.028125	0.028125	0.028125	0.028125	0.028125	0.028125	0.028125	0	0.028125	0.028125	0	0	0.028125	0	0	0	0.028125	0	0	0	0	0	0.028125	0	0	0.028125	0	0	0	0.028125	0.028125
"Vaccinium_sp."	0	0	0	0	0	0	0	0	0	0	0	0	0	0	0	0	0	0	0.028125	0.028125	0	0.028125	0.028125	0	0.028125	0	0.028125	0.028125	0	0.028125	0	0.028125	0	0.028125	0.028125	0.028125	0.028125	0.028125	0.028125	0	0.028125	0.028125	0.028125	0	0	0.028125	0.028125	0.028125	0	0.028125	0.028125	0	0.028125	0	0.028125	0	0	0	0	0	0	0.028125	0	0	0	0	0.028125	0	0.028125	0.028125	0	0	0.028125	0.028125	0.028125
"Quercus_prinus"	0	0	0	0	0	0	0	0	0	0	0	0	0	0	0	0	0	0	0.025	0.025	0.025	0.025	0.025	0	0	0	0.025	0.025	0.025	0	0	0.025	0	0	0.025	0.025	0.025	0.025	0.025	0	0.025	0.025	0	0	0.025	0.025	0.025	0.025	0	0.025	0.025	0.025	0.025	0.025	0	0.025	0.025	0	0	0	0.025	0.025	0.025	0.025	0	0	0.025	0	0.025	0.025	0	0	0	0.025	0.025
"Quercus_alba"	0	0	0	0	0	0	0	0	0	0	0	0	0	0	0	0	0	0	0.0290322580645161	0.0290322580645161	0.0290322580645161	0.0290322580645161	0.0290322580645161	0	0	0	0.0290322580645161	0.0290322580645161	0	0	0	0.0290322580645161	0	0	0.0290322580645161	0.0290322580645161	0.0290322580645161	0.0290322580645161	0	0	0	0.0290322580645161	0	0	0.0290322580645161	0	0.0290322580645161	0.0290322580645161	0	0.0290322580645161	0.0290322580645161	0.0290322580645161	0.0290322580645161	0.0290322580645161	0	0.0290322580645161	0.0290322580645161	0	0	0	0.0290322580645161	0.0290322580645161	0.0290322580645161	0	0	0	0.0290322580645161	0	0.0290322580645161	0.0290322580645161	0	0	0	0.0290322580645161	0.0290322580645161
"Carya_glabra"	0	0	0	0	0	0	0	0	0	0	0	0	0	0	0	0	0	0	0	0.0257142857142857	0.0257142857142857	0.0257142857142857	0	0	0	0	0.0257142857142857	0.0257142857142857	0.0257142857142857	0.0257142857142857	0	0.0257142857142857	0	0	0.0257142857142857	0.0257142857142857	0.0257142857142857	0.0257142857142857	0.0257142857142857	0	0.0257142857142857	0.0257142857142857	0.0257142857142857	0	0	0.0257142857142857	0.0257142857142857	0.0257142857142857	0	0.0257142857142857	0.0257142857142857	0.0257142857142857	0.0257142857142857	0.0257142857142857	0	0.0257142857142857	0.0257142857142857	0	0	0	0.0257142857142857	0	0.0257142857142857	0.0257142857142857	0	0	0.0257142857142857	0	0.0257142857142857	0.0257142857142857	0	0.0257142857142857	0	0.0257142857142857	0.0257142857142857
"Cornus_florida"	0	0	0	0	0	0	0	0	0	0	0	0	0	0	0	0	0	0	0.0321428571428571	0	0.0321428571428571	0.0321428571428571	0	0	0	0	0.0321428571428571	0.0321428571428571	0.0321428571428571	0.0321428571428571	0	0.0321428571428571	0	0	0	0.0321428571428571	0.0321428571428571	0.0321428571428571	0.0321428571428571	0	0.0321428571428571	0.0321428571428571	0	0	0	0	0.0321428571428571	0.0321428571428571	0	0.0321428571428571	0.0321428571428571	0.0321428571428571	0.0321428571428571	0.0321428571428571	0	0	0	0	0	0	0	0.0321428571428571	0	0	0	0.0321428571428571	0	0	0.0321428571428571	0.0321428571428571	0	0.0321428571428571	0	0.0321428571428571	0.0321428571428571
"Prunus_serotina"	0	0	0	0	0	0	0	0	0	0	0	0	0	0	0	0	0	0	0	0	0	0	0.028125	0.028125	0.028125	0.028125	0.028125	0.028125	0.028125	0.028125	0	0	0.028125	0	0	0.028125	0.028125	0.028125	0.028125	0	0	0.028125	0	0	0	0	0.028125	0.028125	0	0.028125	0.028125	0.028125	0.028125	0.028125	0.028125	0.028125	0.028125	0	0	0	0.028125	0.028125	0	0.028125	0	0	0.028125	0	0	0.028125	0	0.028125	0	0.028125	0.028125
"Tsuga_canadensis"	0	0	0	0	0	0	0	0	0	0	0	0	0	0	0	0	0	0	0	0	0	0	0	0	0	0	0	0.05	0.05	0.05	0.05	0	0	0	0	0.05	0.05	0	0	0.05	0.05	0	0	0.05	0	0	0	0	0	0.05	0.05	0	0	0.05	0	0	0	0.05	0.05	0	0	0	0	0	0.05	0	0	0.05	0	0	0.05	0	0	0	0.05
"Betula_lenta"	0	0	0	0	0	0	0	0	0	0	0	0	0	0	0	0	0	0	0	0	0.0375	0	0	0	0	0	0.0375	0.0375	0.0375	0.0375	0	0.0375	0.0375	0	0	0.0375	0.0375	0.0375	0.0375	0	0	0	0	0	0.0375	0	0.0375	0	0	0	0.0375	0.0375	0.0375	0.0375	0.0375	0	0.0375	0	0	0	0.0375	0	0	0	0	0	0	0	0.0375	0	0	0.0375	0	0.0375	0.0375
"Castanea_dentata"	0	0	0	0	0	0	0	0	0	0	0	0	0	0	0	0	0	0	0	0.0321428571428571	0.0321428571428571	0	0	0	0	0	0.0321428571428571	0.0321428571428571	0.0321428571428571	0.0321428571428571	0.0321428571428571	0	0.0321428571428571	0	0.0321428571428571	0.0321428571428571	0.0321428571428571	0.0321428571428571	0	0	0.0321428571428571	0.0321428571428571	0	0	0	0.0321428571428571	0.0321428571428571	0.0321428571428571	0	0.0321428571428571	0.0321428571428571	0	0.0321428571428571	0	0.0321428571428571	0.0321428571428571	0	0	0	0	0.0321428571428571	0.0321428571428571	0	0	0	0	0	0	0	0	0	0.0321428571428571	0.0321428571428571	0.0321428571428571	0.0321428571428571
"Kalmia_latifolia"	0	0	0	0	0	0	0	0	0	0	0	0	0	0	0	0	0	0	0	0.075	0	0	0	0	0	0	0.075	0	0	0	0	0	0	0	0	0	0	0	0	0	0	0	0	0	0	0	0.075	0.075	0	0.075	0.075	0	0.075	0	0.075	0	0	0	0	0	0	0	0	0	0	0	0	0	0.075	0.075	0	0.075	0	0	0.075
"Fagus_grandifolia"	0	0	0	0	0	0	0	0	0	0	0	0	0	0	0	0	0	0	0	0	0	0	0	0	0	0	0.0473684210526316	0.0473684210526316	0.0473684210526316	0.0473684210526316	0	0	0.0473684210526316	0	0	0.0473684210526316	0	0.0473684210526316	0	0	0.0473684210526316	0	0	0	0	0	0.0473684210526316	0.0473684210526316	0.0473684210526316	0	0.0473684210526316	0	0	0	0.0473684210526316	0	0.0473684210526316	0	0	0	0.0473684210526316	0.0473684210526316	0	0	0	0	0	0	0	0	0	0.0473684210526316	0	0.0473684210526316	0.0473684210526316
"Carpinus_caroliniana"	0	0	0	0	0	0	0	0	0	0	0	0	0	0	0	0	0	0	0	0	0	0	0	0	0	0	0.05625	0.05625	0.05625	0.05625	0	0	0	0	0.05625	0.05625	0.05625	0	0	0	0.05625	0	0	0	0	0	0.05625	0.05625	0	0.05625	0.05625	0	0.05625	0	0	0	0.05625	0	0	0	0	0	0	0	0	0	0	0	0	0	0	0	0	0.05625	0.05625
"Lindera_benzoin"	0	0	0	0	0	0	0	0	0	0	0	0	0	0	0	0	0	0	0	0	0	0	0	0	0	0	0.05	0.05	0.05	0.05	0	0	0	0	0	0.05	0.05	0	0	0	0.05	0	0	0	0	0.05	0.05	0	0	0.05	0	0	0.05	0	0.05	0	0.05	0	0	0.05	0.05	0	0	0	0	0	0	0	0	0	0	0	0.05	0.05	0.05
"Liriodendron_tulipifera"	0	0	0	0	0	0	0	0	0	0	0	0	0	0	0	0	0	0	0	0	0	0	0	0	0	0	0.06	0.06	0.06	0.06	0	0.06	0.06	0	0	0	0.06	0	0	0	0	0	0	0	0	0	0.06	0	0	0	0.06	0	0	0	0.06	0	0	0	0	0.06	0.06	0.06	0	0	0	0	0	0	0	0	0	0	0.06	0	0.06
"Sassafras_albidum"	0	0	0	0	0	0	0	0	0	0	0	0	0	0	0	0	0	0	0	0	0	0	0	0	0	0	0	0.0692307692307692	0.0692307692307692	0	0	0	0.0692307692307692	0	0	0.0692307692307692	0	0	0	0	0	0	0	0	0	0	0.0692307692307692	0	0	0.0692307692307692	0	0	0	0	0.0692307692307692	0	0.0692307692307692	0	0	0.0692307692307692	0.0692307692307692	0	0.0692307692307692	0	0	0	0	0	0.0692307692307692	0	0	0	0	0	0.0692307692307692
"T01"	0.128571428571429	0.128571428571429	0.128571428571429	0.128571428571429	0.128571428571429	0.128571428571429	0	0.128571428571429	0	0	0	0	0	0	0	0	0	0	0	0	0	0	0	0	0	0	0	0	0	0	0	0	0	0	0	0	0	0	0	0	0	0	0	0	0	0	0	0	0	0	0	0	0	0	0	0	0	0	0	0	0	0	0	0	0	0	0	0	0	0	0	0	0	0	0
"T02"	0.1	0.1	0.1	0.1	0.1	0.1	0.1	0	0	0	0	0.1	0.1	0	0	0	0	0	0	0	0	0	0	0	0	0	0	0	0	0	0	0	0	0	0	0	0	0	0	0	0	0	0	0	0	0	0	0	0	0	0	0	0	0	0	0	0	0	0	0	0	0	0	0	0	0	0	0	0	0	0	0	0	0	0
"T03"	0	0.1125	0.1125	0	0.1125	0.1125	0.1125	0.1125	0	0	0.1125	0.1125	0	0	0	0	0	0	0	0	0	0	0	0	0	0	0	0	0	0	0	0	0	0	0	0	0	0	0	0	0	0	0	0	0	0	0	0	0	0	0	0	0	0	0	0	0	0	0	0	0	0	0	0	0	0	0	0	0	0	0	0	0	0	0
"T04"	0.128571428571429	0	0.128571428571429	0.128571428571429	0.128571428571429	0.128571428571429	0.128571428571429	0.128571428571429	0	0	0	0	0	0	0	0	0	0	0	0	0	0	0	0	0	0	0	0	0	0	0	0	0	0	0	0	0	0	0	0	0	0	0	0	0	0	0	0	0	0	0	0	0	0	0	0	0	0	0	0	0	0	0	0	0	0	0	0	0	0	0	0	0	0	0
"T05"	0	0	0	0.225	0.225	0.225	0	0	0.225	0	0	0	0	0	0	0	0	0	0	0	0	0	0	0	0	0	0	0	0	0	0	0	0	0	0	0	0	0	0	0	0	0	0	0	0	0	0	0	0	0	0	0	0	0	0	0	0	0	0	0	0	0	0	0	0	0	0	0	0	0	0	0	0	0	0
"T08"	0	0	0	0	0	0	0	0	0.9	0	0	0	0	0	0	0	0	0	0	0	0	0	0	0	0	0	0	0	0	0	0	0	0	0	0	0	0	0	0	0	0	0	0	0	0	0	0	0	0	0	0	0	0	0	0	0	0	0	0	0	0	0	0	0	0	0	0	0	0	0	0	0	0	0	0
"T11"	0	0	0	0.45	0	0	0	0	0.45	0	0	0	0	0	0	0	0	0	0	0	0	0	0	0	0	0	0	0	0	0	0	0	0	0	0	0	0	0	0	0	0	0	0	0	0	0	0	0	0	0	0	0	0	0	0	0	0	0	0	0	0	0	0	0	0	0	0	0	0	0	0	0	0	0	0
"T12"	0	0	0	0	0	0	0	0	0.9	0	0	0	0	0	0	0	0	0	0	0	0	0	0	0	0	0	0	0	0	0	0	0	0	0	0	0	0	0	0	0	0	0	0	0	0	0	0	0	0	0	0	0	0	0	0	0	0	0	0	0	0	0	0	0	0	0	0	0	0	0	0	0	0	0	0
"N01"	0.05625	0.05625	0.05625	0.05625	0.05625	0.05625	0.05625	0.05625	0.05625	0	0.05625	0.05625	0.05625	0.05625	0.05625	0.05625	0.05625	0	0	0	0	0	0	0	0	0	0	0	0	0	0	0	0	0	0	0	0	0	0	0	0	0	0	0	0	0	0	0	0	0	0	0	0	0	0	0	0	0	0	0	0	0	0	0	0	0	0	0	0	0	0	0	0	0	0
"N06"	0.0529411764705882	0.0529411764705882	0.0529411764705882	0.0529411764705882	0.0529411764705882	0.0529411764705882	0.0529411764705882	0.0529411764705882	0.0529411764705882	0.0529411764705882	0.0529411764705882	0.0529411764705882	0	0.0529411764705882	0.0529411764705882	0.0529411764705882	0.0529411764705882	0.0529411764705882	0	0	0	0	0	0	0	0	0	0	0	0	0	0	0	0	0	0	0	0	0	0	0	0	0	0	0	0	0	0	0	0	0	0	0	0	0	0	0	0	0	0	0	0	0	0	0	0	0	0	0	0	0	0	0	0	0
"N07"	0.06	0.06	0.06	0	0.06	0	0.06	0.06	0.06	0.06	0.06	0.06	0	0.06	0.06	0.06	0.06	0.06	0	0	0	0	0	0	0	0	0	0	0	0	0	0	0	0	0	0	0	0	0	0	0	0	0	0	0	0	0	0	0	0	0	0	0	0	0	0	0	0	0	0	0	0	0	0	0	0	0	0	0	0	0	0	0	0	0
"N10"	0	0	0.075	0.075	0	0	0.075	0.075	0.075	0.075	0.075	0.075	0	0.075	0.075	0.075	0.075	0	0	0	0	0	0	0	0	0	0	0	0	0	0	0	0	0	0	0	0	0	0	0	0	0	0	0	0	0	0	0	0	0	0	0	0	0	0	0	0	0	0	0	0	0	0	0	0	0	0	0	0	0	0	0	0	0	0
"N11"	0	0	0	0	0	0	0	0	0	0.45	0	0.45	0	0	0	0	0	0	0	0	0	0	0	0	0	0	0	0	0	0	0	0	0	0	0	0	0	0	0	0	0	0	0	0	0	0	0	0	0	0	0	0	0	0	0	0	0	0	0	0	0	0	0	0	0	0	0	0	0	0	0	0	0	0	0
"N13"	0.09	0.09	0.09	0.09	0.09	0.09	0.09	0.09	0	0	0.09	0	0	0	0	0	0.09	0	0	0	0	0	0	0	0	0	0	0	0	0	0	0	0	0	0	0	0	0	0	0	0	0	0	0	0	0	0	0	0	0	0	0	0	0	0	0	0	0	0	0	0	0	0	0	0	0	0	0	0	0	0	0	0	0	0
"N17"	0	0	0	0	0	0	0	0	0.15	0	0.15	0.15	0	0.15	0	0	0.15	0.15	0	0	0	0	0	0	0	0	0	0	0	0	0	0	0	0	0	0	0	0	0	0	0	0	0	0	0	0	0	0	0	0	0	0	0	0	0	0	0	0	0	0	0	0	0	0	0	0	0	0	0	0	0	0	0	0	0
"N18"	0.45	0	0	0.45	0	0	0	0	0	0	0	0	0	0	0	0	0	0	0	0	0	0	0	0	0	0	0	0	0	0	0	0	0	0	0	0	0	0	0	0	0	0	0	0	0	0	0	0	0	0	0	0	0	0	0	0	0	0	0	0	0	0	0	0	0	0	0	0	0	0	0	0	0	0	0
"N19"	0.1	0.1	0.1	0.1	0.1	0.1	0.1	0	0	0	0	0.1	0	0	0.1	0	0	0	0	0	0	0	0	0	0	0	0	0	0	0	0	0	0	0	0	0	0	0	0	0	0	0	0	0	0	0	0	0	0	0	0	0	0	0	0	0	0	0	0	0	0	0	0	0	0	0	0	0	0	0	0	0	0	0	0
"L01"	0.05625	0.05625	0.05625	0.05625	0.05625	0.05625	0.05625	0.05625	0.05625	0.05625	0.05625	0.05625	0	0.05625	0.05625	0.05625	0	0.05625	0	0	0	0	0	0	0	0	0	0	0	0	0	0	0	0	0	0	0	0	0	0	0	0	0	0	0	0	0	0	0	0	0	0	0	0	0	0	0	0	0	0	0	0	0	0	0	0	0	0	0	0	0	0	0	0	0
"L02"	0.06	0.06	0.06	0.06	0.06	0.06	0.06	0.06	0.06	0.06	0.06	0.06	0	0	0.06	0.06	0.06	0	0	0	0	0	0	0	0	0	0	0	0	0	0	0	0	0	0	0	0	0	0	0	0	0	0	0	0	0	0	0	0	0	0	0	0	0	0	0	0	0	0	0	0	0	0	0	0	0	0	0	0	0	0	0	0	0	0
"L03"	0	0	0.09	0.09	0.09	0.09	0.09	0.09	0.09	0	0.09	0.09	0	0.09	0	0	0	0	0	0	0	0	0	0	0	0	0	0	0	0	0	0	0	0	0	0	0	0	0	0	0	0	0	0	0	0	0	0	0	0	0	0	0	0	0	0	0	0	0	0	0	0	0	0	0	0	0	0	0	0	0	0	0	0	0
"L04"	0	0	0.128571428571429	0.128571428571429	0.128571428571429	0	0.128571428571429	0.128571428571429	0.128571428571429	0	0.128571428571429	0	0	0	0	0	0	0	0	0	0	0	0	0	0	0	0	0	0	0	0	0	0	0	0	0	0	0	0	0	0	0	0	0	0	0	0	0	0	0	0	0	0	0	0	0	0	0	0	0	0	0	0	0	0	0	0	0	0	0	0	0	0	0	0
"L05"	0	0	0	0	0	0	0	0	0	0.9	0	0	0	0	0	0	0	0	0	0	0	0	0	0	0	0	0	0	0	0	0	0	0	0	0	0	0	0	0	0	0	0	0	0	0	0	0	0	0	0	0	0	0	0	0	0	0	0	0	0	0	0	0	0	0	0	0	0	0	0	0	0	0	0	0
"L07"	0.075	0.075	0.075	0.075	0.075	0	0.075	0.075	0	0.075	0	0.075	0	0.075	0.075	0.075	0	0	0	0	0	0	0	0	0	0	0	0	0	0	0	0	0	0	0	0	0	0	0	0	0	0	0	0	0	0	0	0	0	0	0	0	0	0	0	0	0	0	0	0	0	0	0	0	0	0	0	0	0	0	0	0	0	0	0
"L09"	0.09	0.09	0.09	0.09	0.09	0.09	0.09	0.09	0.09	0	0	0.09	0	0	0	0	0	0	0	0	0	0	0	0	0	0	0	0	0	0	0	0	0	0	0	0	0	0	0	0	0	0	0	0	0	0	0	0	0	0	0	0	0	0	0	0	0	0	0	0	0	0	0	0	0	0	0	0	0	0	0	0	0	0	0
"L10"	0.225	0	0.225	0.225	0	0	0.225	0	0	0	0	0	0	0	0	0	0	0	0	0	0	0	0	0	0	0	0	0	0	0	0	0	0	0	0	0	0	0	0	0	0	0	0	0	0	0	0	0	0	0	0	0	0	0	0	0	0	0	0	0	0	0	0	0	0	0	0	0	0	0	0	0	0	0	0
"L11"	0	0	0	0	0	0	0	0	0	0.9	0	0	0	0	0	0	0	0	0	0	0	0	0	0	0	0	0	0	0	0	0	0	0	0	0	0	0	0	0	0	0	0	0	0	0	0	0	0	0	0	0	0	0	0	0	0	0	0	0	0	0	0	0	0	0	0	0	0	0	0	0	0	0	0	0
"L17"	0	0	0.225	0	0.225	0.225	0	0	0	0	0.225	0	0	0	0	0	0	0	0	0	0	0	0	0	0	0	0	0	0	0	0	0	0	0	0	0	0	0	0	0	0	0	0	0	0	0	0	0	0	0	0	0	0	0	0	0	0	0	0	0	0	0	0	0	0	0	0	0	0	0	0	0	0	0	0
"L20"	0.1125	0.1125	0.1125	0.1125	0.1125	0	0.1125	0	0	0	0	0.1125	0	0	0	0.1125	0	0	0	0	0	0	0	0	0	0	0	0	0	0	0	0	0	0	0	0	0	0	0	0	0	0	0	0	0	0	0	0	0	0	0	0	0	0	0	0	0	0	0	0	0	0	0	0	0	0	0	0	0	0	0	0	0	0	0
"G01"	0.0529411764705882	0.0529411764705882	0.0529411764705882	0.0529411764705882	0.0529411764705882	0.0529411764705882	0.0529411764705882	0.0529411764705882	0.0529411764705882	0	0.0529411764705882	0.0529411764705882	0.0529411764705882	0.0529411764705882	0.0529411764705882	0.0529411764705882	0.0529411764705882	0.0529411764705882	0	0	0	0	0	0	0	0	0	0	0	0	0	0	0	0	0	0	0	0	0	0	0	0	0	0	0	0	0	0	0	0	0	0	0	0	0	0	0	0	0	0	0	0	0	0	0	0	0	0	0	0	0	0	0	0	0
"G02"	0.0692307692307692	0.0692307692307692	0.0692307692307692	0.0692307692307692	0.0692307692307692	0.0692307692307692	0.0692307692307692	0.0692307692307692	0.0692307692307692	0	0	0.0692307692307692	0.0692307692307692	0.0692307692307692	0.0692307692307692	0	0	0	0	0	0	0	0	0	0	0	0	0	0	0	0	0	0	0	0	0	0	0	0	0	0	0	0	0	0	0	0	0	0	0	0	0	0	0	0	0	0	0	0	0	0	0	0	0	0	0	0	0	0	0	0	0	0	0	0
"G03"	0.3	0	0.3	0	0	0	0	0	0	0	0	0	0	0.3	0	0	0	0	0	0	0	0	0	0	0	0	0	0	0	0	0	0	0	0	0	0	0	0	0	0	0	0	0	0	0	0	0	0	0	0	0	0	0	0	0	0	0	0	0	0	0	0	0	0	0	0	0	0	0	0	0	0	0	0	0
"G04"	0.06	0.06	0.06	0.06	0.06	0.06	0.06	0.06	0.06	0.06	0	0.06	0.06	0	0.06	0.06	0	0.06	0	0	0	0	0	0	0	0	0	0	0	0	0	0	0	0	0	0	0	0	0	0	0	0	0	0	0	0	0	0	0	0	0	0	0	0	0	0	0	0	0	0	0	0	0	0	0	0	0	0	0	0	0	0	0	0	0
"G05"	0.05625	0.05625	0.05625	0.05625	0.05625	0.05625	0.05625	0.05625	0.05625	0.05625	0.05625	0.05625	0.05625	0.05625	0.05625	0	0.05625	0	0	0	0	0	0	0	0	0	0	0	0	0	0	0	0	0	0	0	0	0	0	0	0	0	0	0	0	0	0	0	0	0	0	0	0	0	0	0	0	0	0	0	0	0	0	0	0	0	0	0	0	0	0	0	0	0	0
"G08"	0.128571428571429	0	0	0	0.128571428571429	0.128571428571429	0.128571428571429	0.128571428571429	0.128571428571429	0	0.128571428571429	0	0	0	0	0	0	0	0	0	0	0	0	0	0	0	0	0	0	0	0	0	0	0	0	0	0	0	0	0	0	0	0	0	0	0	0	0	0	0	0	0	0	0	0	0	0	0	0	0	0	0	0	0	0	0	0	0	0	0	0	0	0	0	0
"G09"	0.0642857142857143	0.0642857142857143	0.0642857142857143	0.0642857142857143	0.0642857142857143	0.0642857142857143	0.0642857142857143	0.0642857142857143	0.0642857142857143	0	0.0642857142857143	0.0642857142857143	0.0642857142857143	0	0.0642857142857143	0.0642857142857143	0	0	0	0	0	0	0	0	0	0	0	0	0	0	0	0	0	0	0	0	0	0	0	0	0	0	0	0	0	0	0	0	0	0	0	0	0	0	0	0	0	0	0	0	0	0	0	0	0	0	0	0	0	0	0	0	0	0	0
"G10"	0.09	0.09	0.09	0	0.09	0.09	0.09	0.09	0.09	0.09	0.09	0	0	0	0	0	0	0	0	0	0	0	0	0	0	0	0	0	0	0	0	0	0	0	0	0	0	0	0	0	0	0	0	0	0	0	0	0	0	0	0	0	0	0	0	0	0	0	0	0	0	0	0	0	0	0	0	0	0	0	0	0	0	0	0
"G16"	0	0	0	0.1	0	0	0	0	0.1	0	0.1	0.1	0.1	0.1	0	0.1	0.1	0.1	0	0	0	0	0	0	0	0	0	0	0	0	0	0	0	0	0	0	0	0	0	0	0	0	0	0	0	0	0	0	0	0	0	0	0	0	0	0	0	0	0	0	0	0	0	0	0	0	0	0	0	0	0	0	0	0	0
"G21"	0	0	0	0	0.18	0.18	0.18	0	0.18	0	0	0.18	0	0	0	0	0	0	0	0	0	0	0	0	0	0	0	0	0	0	0	0	0	0	0	0	0	0	0	0	0	0	0	0	0	0	0	0	0	0	0	0	0	0	0	0	0	0	0	0	0	0	0	0	0	0	0	0	0	0	0	0	0	0	0
"G27"	0	0	0.09	0	0.09	0.09	0.09	0	0.09	0	0.09	0	0	0.09	0.09	0.09	0	0.09	0	0	0	0	0	0	0	0	0	0	0	0	0	0	0	0	0	0	0	0	0	0	0	0	0	0	0	0	0	0	0	0	0	0	0	0	0	0	0	0	0	0	0	0	0	0	0	0	0	0	0	0	0	0	0	0	0
"G28"	0	0	0	0	0	0	0	0	0	0.9	0	0	0	0	0	0	0	0	0	0	0	0	0	0	0	0	0	0	0	0	0	0	0	0	0	0	0	0	0	0	0	0	0	0	0	0	0	0	0	0	0	0	0	0	0	0	0	0	0	0	0	0	0	0	0	0	0	0	0	0	0	0	0	0	0
"G30"	0	0	0	0	0	0	0	0	0	0.9	0	0	0	0	0	0	0	0	0	0	0	0	0	0	0	0	0	0	0	0	0	0	0	0	0	0	0	0	0	0	0	0	0	0	0	0	0	0	0	0	0	0	0	0	0	0	0	0	0	0	0	0	0	0	0	0	0	0	0	0	0	0	0	0	0
"G33"	0	0	0	0	0	0	0	0	0	0	0	0	0	0	0	0.3	0.3	0.3	0	0	0	0	0	0	0	0	0	0	0	0	0	0	0	0	0	0	0	0	0	0	0	0	0	0	0	0	0	0	0	0	0	0	0	0	0	0	0	0	0	0	0	0	0	0	0	0	0	0	0	0	0	0	0	0	0
"G39"	0	0	0.0818181818181818	0	0.0818181818181818	0.0818181818181818	0.0818181818181818	0	0.0818181818181818	0	0.0818181818181818	0.0818181818181818	0	0.0818181818181818	0	0.0818181818181818	0.0818181818181818	0.0818181818181818	0	0	0	0	0	0	0	0	0	0	0	0	0	0	0	0	0	0	0	0	0	0	0	0	0	0	0	0	0	0	0	0	0	0	0	0	0	0	0	0	0	0	0	0	0	0	0	0	0	0	0	0	0	0	0	0	0
"G40"	0	0.1	0	0.1	0.1	0.1	0	0.1	0.1	0	0	0.1	0	0.1	0	0	0.1	0	0	0	0	0	0	0	0	0	0	0	0	0	0	0	0	0	0	0	0	0	0	0	0	0	0	0	0	0	0	0	0	0	0	0	0	0	0	0	0	0	0	0	0	0	0	0	0	0	0	0	0	0	0	0	0	0	0
"G44"	0	0	0	0	0.225	0.225	0.225	0	0	0	0	0	0	0	0	0	0	0.225	0	0	0	0	0	0	0	0	0	0	0	0	0	0	0	0	0	0	0	0	0	0	0	0	0	0	0	0	0	0	0	0	0	0	0	0	0	0	0	0	0	0	0	0	0	0	0	0	0	0	0	0	0	0	0	0	0
"G45"	0	0	0	0	0.3	0	0.3	0	0.3	0	0	0	0	0	0	0	0	0	0	0	0	0	0	0	0	0	0	0	0	0	0	0	0	0	0	0	0	0	0	0	0	0	0	0	0	0	0	0	0	0	0	0	0	0	0	0	0	0	0	0	0	0	0	0	0	0	0	0	0	0	0	0	0	0	0
"G48"	0	0	0	0	0	0	0	0	0	0.9	0	0	0	0	0	0	0	0	0	0	0	0	0	0	0	0	0	0	0	0	0	0	0	0	0	0	0	0	0	0	0	0	0	0	0	0	0	0	0	0	0	0	0	0	0	0	0	0	0	0	0	0	0	0	0	0	0	0	0	0	0	0	0	0	0
"G60"	0	0	0	0	0	0	0	0.9	0	0	0	0	0	0	0	0	0	0	0	0	0	0	0	0	0	0	0	0	0	0	0	0	0	0	0	0	0	0	0	0	0	0	0	0	0	0	0	0	0	0	0	0	0	0	0	0	0	0	0	0	0	0	0	0	0	0	0	0	0	0	0	0	0	0	0
"A01"	0.1125	0.1125	0.1125	0.1125	0.1125	0.1125	0.1125	0	0.1125	0	0	0	0	0	0	0	0	0	0	0	0	0	0	0	0	0	0	0	0	0	0	0	0	0	0	0	0	0	0	0	0	0	0	0	0	0	0	0	0	0	0	0	0	0	0	0	0	0	0	0	0	0	0	0	0	0	0	0	0	0	0	0	0	0	0
"A02"	0	0	0	0	0	0	0	0	0	0.9	0	0	0	0	0	0	0	0	0	0	0	0	0	0	0	0	0	0	0	0	0	0	0	0	0	0	0	0	0	0	0	0	0	0	0	0	0	0	0	0	0	0	0	0	0	0	0	0	0	0	0	0	0	0	0	0	0	0	0	0	0	0	0	0	0
"A04"	0.09	0.09	0	0.09	0.09	0.09	0.09	0.09	0	0	0.09	0	0.09	0	0	0	0	0.09	0	0	0	0	0	0	0	0	0	0	0	0	0	0	0	0	0	0	0	0	0	0	0	0	0	0	0	0	0	0	0	0	0	0	0	0	0	0	0	0	0	0	0	0	0	0	0	0	0	0	0	0	0	0	0	0	0
"A06"	0	0	0.1125	0.1125	0.1125	0.1125	0.1125	0.1125	0.1125	0	0	0	0.1125	0	0	0	0	0	0	0	0	0	0	0	0	0	0	0	0	0	0	0	0	0	0	0	0	0	0	0	0	0	0	0	0	0	0	0	0	0	0	0	0	0	0	0	0	0	0	0	0	0	0	0	0	0	0	0	0	0	0	0	0	0	0
"A07"	0	0	0	0	0	0	0	0	0	0.9	0	0	0	0	0	0	0	0	0	0	0	0	0	0	0	0	0	0	0	0	0	0	0	0	0	0	0	0	0	0	0	0	0	0	0	0	0	0	0	0	0	0	0	0	0	0	0	0	0	0	0	0	0	0	0	0	0	0	0	0	0	0	0	0	0
"A08"	0.1	0.1	0	0	0	0	0.1	0.1	0.1	0	0.1	0.1	0.1	0.1	0	0	0	0	0	0	0	0	0	0	0	0	0	0	0	0	0	0	0	0	0	0	0	0	0	0	0	0	0	0	0	0	0	0	0	0	0	0	0	0	0	0	0	0	0	0	0	0	0	0	0	0	0	0	0	0	0	0	0	0	0
"A14"	0	0	0	0.225	0	0	0	0	0	0	0	0.225	0	0	0	0.225	0.225	0	0	0	0	0	0	0	0	0	0	0	0	0	0	0	0	0	0	0	0	0	0	0	0	0	0	0	0	0	0	0	0	0	0	0	0	0	0	0	0	0	0	0	0	0	0	0	0	0	0	0	0	0	0	0	0	0	0
"A15"	0	0	0.075	0.075	0.075	0.075	0.075	0.075	0.075	0	0.075	0.075	0	0.075	0.075	0.075	0	0	0	0	0	0	0	0	0	0	0	0	0	0	0	0	0	0	0	0	0	0	0	0	0	0	0	0	0	0	0	0	0	0	0	0	0	0	0	0	0	0	0	0	0	0	0	0	0	0	0	0	0	0	0	0	0	0	0
"A20"	0.05	0.05	0.05	0.05	0.05	0.05	0.05	0.05	0.05	0.05	0.05	0.05	0.05	0.05	0.05	0.05	0.05	0.05	0	0	0	0	0	0	0	0	0	0	0	0	0	0	0	0	0	0	0	0	0	0	0	0	0	0	0	0	0	0	0	0	0	0	0	0	0	0	0	0	0	0	0	0	0	0	0	0	0	0	0	0	0	0	0	0	0
