"Dipterocarpus_geniculatus"	"Dipterocarpus_crinitus"	"Dipterocarpus_globosus"	"Dipterocarpus_palembanicus"	"Dipterocarpus_tempehes"	"Dryobalanops_aromatica"	"Dryobalanops_lanceolata"	"Shorea_smithiana"	"Shorea_xantophylla"	"Shorea_domatiosa"	"Shorea_laxa"	"Shorea_confusa"	"Shorea_falciferoides"	"Shorea_ochracea"	"Shorea_parvifolia"	"Shorea_pilosa"	"Shorea_quadrinervis"	"Shorea_scabrida"	"Shorea_agami"	"Shorea_kunsitleri"	"Ctenomerus_sp._1"	"Ctenomerus_sp._2"	"Nanophyes_shoreae"	"Endaenidius_spinipes"	"Sternuchopsis_toyi"	"Sternuchopsis_dipterocarpi"	"Sternuchopsis_sp._1"	"Sternuchopsis_shoreaphilus"	"Niphades_sp._1"	"Idotasia_sp._1"	"Orchestes_sp._1"	"Orchestes_sp._3"	"Involvulus_sp._1"	"Coccotrypes_advena"	"Coccotrypes_cinnamoni"	"Coccotrypes_gedeanus"	"Coccotrypes_myristicae"	"Coccotrypes_nitidus"	"Coccotripes_papuanus"	"Hypothenemus_areccae"	"Xyleborinus_exiguus"	"Xyleborinus_ferrugineus"	"Xyleborinus_subdentatus"	"Andrioplecta_shoreae"	"Andrioplecta_subpulverula"	"Assara_albicostalis"	"Lamoria_adaptella"	"Crambidae_Gn._Sp._A"	"Crambidae_Gn._Sp._B"
"Dipterocarpus_geniculatus"	0	0	0	0	0	0	0	0	0	0	0	0	0	0	0	0	0	0	0	0	0	0	0	0	0	0	0	0	0	0	0.9	0	0	0	0	0	0	0	0	0	0	0	0	0	0	0	0	0	0
"Dipterocarpus_crinitus"	0	0	0	0	0	0	0	0	0	0	0	0	0	0	0	0	0	0	0	0	0.225	0.225	0	0	0	0	0.225	0	0	0	0	0	0	0.225	0	0	0	0	0	0	0	0	0	0	0	0	0	0	0
"Dipterocarpus_globosus"	0	0	0	0	0	0	0	0	0	0	0	0	0	0	0	0	0	0	0	0	0	0	0	0	0	0	0	0	0	0	0.45	0	0	0	0	0	0	0	0	0	0	0	0	0	0	0.45	0	0	0
"Dipterocarpus_palembanicus"	0	0	0	0	0	0	0	0	0	0	0	0	0	0	0	0	0	0	0	0	0	0	0	0	0	0	0	0	0	0	0.18	0.18	0	0.18	0.18	0.18	0	0	0	0	0	0	0	0	0	0	0	0	0
"Dipterocarpus_tempehes"	0	0	0	0	0	0	0	0	0	0	0	0	0	0	0	0	0	0	0	0	0	0	0.1	0	0.1	0	0	0	0.1	0	0.1	0	0	0.1	0	0	0	0.1	0.1	0	0	0	0	0.1	0	0.1	0	0	0
"Dryobalanops_aromatica"	0	0	0	0	0	0	0	0	0	0	0	0	0	0	0	0	0	0	0	0	0.0409090909090909	0	0.0409090909090909	0	0.0409090909090909	0.0409090909090909	0.0409090909090909	0.0409090909090909	0.0409090909090909	0.0409090909090909	0.0409090909090909	0	0	0.0409090909090909	0.0409090909090909	0.0409090909090909	0	0.0409090909090909	0.0409090909090909	0	0.0409090909090909	0.0409090909090909	0	0.0409090909090909	0.0409090909090909	0.0409090909090909	0.0409090909090909	0.0409090909090909	0.0409090909090909
"Dryobalanops_lanceolata"	0	0	0	0	0	0	0	0	0	0	0	0	0	0	0	0	0	0	0	0	0	0	0.0529411764705882	0	0.0529411764705882	0	0.0529411764705882	0.0529411764705882	0	0	0	0	0.0529411764705882	0.0529411764705882	0.0529411764705882	0.0529411764705882	0.0529411764705882	0	0.0529411764705882	0.0529411764705882	0	0	0.0529411764705882	0.0529411764705882	0.0529411764705882	0.0529411764705882	0.0529411764705882	0.0529411764705882	0
"Shorea_smithiana"	0	0	0	0	0	0	0	0	0	0	0	0	0	0	0	0	0	0	0	0	0	0	0	0	0	0	0	0	0	0	0	0	0	0	0	0	0	0	0	0	0	0	0	0.9	0	0	0	0	0
"Shorea_xantophylla"	0	0	0	0	0	0	0	0	0	0	0	0	0	0	0	0	0	0	0	0	0	0	0	0	0	0	0	0.18	0	0	0	0	0	0.18	0	0.18	0	0	0	0	0	0	0	0.18	0	0.18	0	0	0
"Shorea_domatiosa"	0	0	0	0	0	0	0	0	0	0	0	0	0	0	0	0	0	0	0	0	0	0	0	0	0	0	0	0	0	0	0	0	0	0	0	0	0	0	0	0	0	0	0	0.45	0	0.45	0	0	0
"Shorea_laxa"	0	0	0	0	0	0	0	0	0	0	0	0	0	0	0	0	0	0	0	0	0	0	0	0	0	0	0	0	0	0	0	0	0	0.9	0	0	0	0	0	0	0	0	0	0	0	0	0	0	0
"Shorea_confusa"	0	0	0	0	0	0	0	0	0	0	0	0	0	0	0	0	0	0	0	0	0	0	0	0	0	0	0	0	0	0	0	0	0	0	0	0	0	0.45	0	0	0	0	0	0	0	0.45	0	0	0
"Shorea_falciferoides"	0	0	0	0	0	0	0	0	0	0	0	0	0	0	0	0	0	0	0	0	0.0692307692307692	0	0.0692307692307692	0	0.0692307692307692	0.0692307692307692	0.0692307692307692	0	0	0	0.0692307692307692	0	0	0.0692307692307692	0	0.0692307692307692	0	0	0.0692307692307692	0	0	0	0	0.0692307692307692	0.0692307692307692	0	0.0692307692307692	0	0.0692307692307692
"Shorea_ochracea"	0	0	0	0	0	0	0	0	0	0	0	0	0	0	0	0	0	0	0	0	0	0	0	0	0	0.45	0	0.45	0	0	0	0	0	0	0	0	0	0	0	0	0	0	0	0	0	0	0	0	0
"Shorea_parvifolia"	0	0	0	0	0	0	0	0	0	0	0	0	0	0	0	0	0	0	0	0	0.0818181818181818	0	0.0818181818181818	0	0	0.0818181818181818	0	0.0818181818181818	0	0	0.0818181818181818	0	0	0	0.0818181818181818	0.0818181818181818	0	0	0.0818181818181818	0	0	0	0	0.0818181818181818	0	0	0.0818181818181818	0.0818181818181818	0
"Shorea_pilosa"	0	0	0	0	0	0	0	0	0	0	0	0	0	0	0	0	0	0	0	0	0	0	0	0.3	0	0	0	0	0	0	0	0	0	0	0	0	0	0	0	0	0	0	0	0.3	0	0.3	0	0	0
"Shorea_quadrinervis"	0	0	0	0	0	0	0	0	0	0	0	0	0	0	0	0	0	0	0	0	0	0	0	0.45	0	0	0	0	0	0	0	0	0	0	0	0	0	0	0	0	0	0	0	0.45	0	0	0	0	0
"Shorea_scabrida"	0	0	0	0	0	0	0	0	0	0	0	0	0	0	0	0	0	0	0	0	0	0	0.225	0	0	0	0	0	0	0	0	0	0	0	0	0.225	0	0	0.225	0	0	0	0	0	0	0	0.225	0	0
"Shorea_agami"	0	0	0	0	0	0	0	0	0	0	0	0	0	0	0	0	0	0	0	0	0	0	0	0	0.45	0	0	0	0	0	0	0	0	0	0	0	0	0	0	0	0	0	0	0.45	0	0	0	0	0
"Shorea_kunsitleri"	0	0	0	0	0	0	0	0	0	0	0	0	0	0	0	0	0	0	0	0	0	0	0	0	0	0	0	0	0	0	0	0	0	0	0	0	0	0	0	0	0	0	0	0.9	0	0	0	0	0
"Ctenomerus_sp._1"	0	0.225	0	0	0	0.225	0	0	0	0	0	0	0.225	0	0.225	0	0	0	0	0	0	0	0	0	0	0	0	0	0	0	0	0	0	0	0	0	0	0	0	0	0	0	0	0	0	0	0	0	0
"Ctenomerus_sp._2"	0	0.9	0	0	0	0	0	0	0	0	0	0	0	0	0	0	0	0	0	0	0	0	0	0	0	0	0	0	0	0	0	0	0	0	0	0	0	0	0	0	0	0	0	0	0	0	0	0	0
"Nanophyes_shoreae"	0	0	0	0	0.15	0.15	0.15	0	0	0	0	0	0.15	0	0.15	0	0	0.15	0	0	0	0	0	0	0	0	0	0	0	0	0	0	0	0	0	0	0	0	0	0	0	0	0	0	0	0	0	0	0
"Endaenidius_spinipes"	0	0	0	0	0	0	0	0	0	0	0	0	0	0	0	0.45	0.45	0	0	0	0	0	0	0	0	0	0	0	0	0	0	0	0	0	0	0	0	0	0	0	0	0	0	0	0	0	0	0	0
"Sternuchopsis_toyi"	0	0	0	0	0.18	0.18	0.18	0	0	0	0	0	0.18	0	0	0	0	0	0.18	0	0	0	0	0	0	0	0	0	0	0	0	0	0	0	0	0	0	0	0	0	0	0	0	0	0	0	0	0	0
"Sternuchopsis_dipterocarpi"	0	0	0	0	0	0.225	0	0	0	0	0	0	0.225	0.225	0.225	0	0	0	0	0	0	0	0	0	0	0	0	0	0	0	0	0	0	0	0	0	0	0	0	0	0	0	0	0	0	0	0	0	0
"Sternuchopsis_sp._1"	0	0.225	0	0	0	0.225	0.225	0	0	0	0	0	0.225	0	0	0	0	0	0	0	0	0	0	0	0	0	0	0	0	0	0	0	0	0	0	0	0	0	0	0	0	0	0	0	0	0	0	0	0
"Sternuchopsis_shoreaphilus"	0	0	0	0	0	0.18	0.18	0	0.18	0	0	0	0	0.18	0.18	0	0	0	0	0	0	0	0	0	0	0	0	0	0	0	0	0	0	0	0	0	0	0	0	0	0	0	0	0	0	0	0	0	0
"Niphades_sp._1"	0	0	0	0	0.45	0.45	0	0	0	0	0	0	0	0	0	0	0	0	0	0	0	0	0	0	0	0	0	0	0	0	0	0	0	0	0	0	0	0	0	0	0	0	0	0	0	0	0	0	0
"Idotasia_sp._1"	0	0	0	0	0	0.9	0	0	0	0	0	0	0	0	0	0	0	0	0	0	0	0	0	0	0	0	0	0	0	0	0	0	0	0	0	0	0	0	0	0	0	0	0	0	0	0	0	0	0
"Orchestes_sp._1"	0.128571428571429	0	0.128571428571429	0.128571428571429	0.128571428571429	0.128571428571429	0	0	0	0	0	0	0.128571428571429	0	0.128571428571429	0	0	0	0	0	0	0	0	0	0	0	0	0	0	0	0	0	0	0	0	0	0	0	0	0	0	0	0	0	0	0	0	0	0
"Orchestes_sp._3"	0	0	0	0.9	0	0	0	0	0	0	0	0	0	0	0	0	0	0	0	0	0	0	0	0	0	0	0	0	0	0	0	0	0	0	0	0	0	0	0	0	0	0	0	0	0	0	0	0	0
"Involvulus_sp._1"	0	0	0	0	0	0	0.9	0	0	0	0	0	0	0	0	0	0	0	0	0	0	0	0	0	0	0	0	0	0	0	0	0	0	0	0	0	0	0	0	0	0	0	0	0	0	0	0	0	0
"Coccotrypes_advena"	0	0.1125	0	0.1125	0.1125	0.1125	0.1125	0	0.1125	0	0.1125	0	0.1125	0	0	0	0	0	0	0	0	0	0	0	0	0	0	0	0	0	0	0	0	0	0	0	0	0	0	0	0	0	0	0	0	0	0	0	0
"Coccotrypes_cinnamoni"	0	0	0	0.225	0	0.225	0.225	0	0	0	0	0	0	0	0.225	0	0	0	0	0	0	0	0	0	0	0	0	0	0	0	0	0	0	0	0	0	0	0	0	0	0	0	0	0	0	0	0	0	0
"Coccotrypes_gedeanus"	0	0	0	0.128571428571429	0	0.128571428571429	0.128571428571429	0	0.128571428571429	0	0	0	0.128571428571429	0	0.128571428571429	0	0	0.128571428571429	0	0	0	0	0	0	0	0	0	0	0	0	0	0	0	0	0	0	0	0	0	0	0	0	0	0	0	0	0	0	0
"Coccotrypes_myristicae"	0	0	0	0	0	0	0.9	0	0	0	0	0	0	0	0	0	0	0	0	0	0	0	0	0	0	0	0	0	0	0	0	0	0	0	0	0	0	0	0	0	0	0	0	0	0	0	0	0	0
"Coccotrypes_nitidus"	0	0	0	0	0.3	0.3	0	0	0	0	0	0.3	0	0	0	0	0	0	0	0	0	0	0	0	0	0	0	0	0	0	0	0	0	0	0	0	0	0	0	0	0	0	0	0	0	0	0	0	0
"Coccotripes_papuanus"	0	0	0	0	0.15	0.15	0.15	0	0	0	0	0	0.15	0	0.15	0	0	0.15	0	0	0	0	0	0	0	0	0	0	0	0	0	0	0	0	0	0	0	0	0	0	0	0	0	0	0	0	0	0	0
"Hypothenemus_areccae"	0	0	0	0	0	0	0.9	0	0	0	0	0	0	0	0	0	0	0	0	0	0	0	0	0	0	0	0	0	0	0	0	0	0	0	0	0	0	0	0	0	0	0	0	0	0	0	0	0	0
"Xyleborinus_exiguus"	0	0	0	0	0	0.9	0	0	0	0	0	0	0	0	0	0	0	0	0	0	0	0	0	0	0	0	0	0	0	0	0	0	0	0	0	0	0	0	0	0	0	0	0	0	0	0	0	0	0
"Xyleborinus_ferrugineus"	0	0	0	0	0	0.9	0	0	0	0	0	0	0	0	0	0	0	0	0	0	0	0	0	0	0	0	0	0	0	0	0	0	0	0	0	0	0	0	0	0	0	0	0	0	0	0	0	0	0
"Xyleborinus_subdentatus"	0	0	0	0	0	0	0.9	0	0	0	0	0	0	0	0	0	0	0	0	0	0	0	0	0	0	0	0	0	0	0	0	0	0	0	0	0	0	0	0	0	0	0	0	0	0	0	0	0	0
"Andrioplecta_shoreae"	0	0	0	0	0.075	0.075	0.075	0.075	0.075	0.075	0	0	0.075	0	0.075	0.075	0.075	0	0.075	0.075	0	0	0	0	0	0	0	0	0	0	0	0	0	0	0	0	0	0	0	0	0	0	0	0	0	0	0	0	0
"Andrioplecta_subpulverula"	0	0	0	0	0	0.3	0.3	0	0	0	0	0	0.3	0	0	0	0	0	0	0	0	0	0	0	0	0	0	0	0	0	0	0	0	0	0	0	0	0	0	0	0	0	0	0	0	0	0	0	0
"Assara_albicostalis"	0	0	0.1125	0	0.1125	0.1125	0.1125	0	0.1125	0.1125	0	0.1125	0	0	0	0.1125	0	0	0	0	0	0	0	0	0	0	0	0	0	0	0	0	0	0	0	0	0	0	0	0	0	0	0	0	0	0	0	0	0
"Lamoria_adaptella"	0	0	0	0	0	0.18	0.18	0	0	0	0	0	0.18	0	0.18	0	0	0.18	0	0	0	0	0	0	0	0	0	0	0	0	0	0	0	0	0	0	0	0	0	0	0	0	0	0	0	0	0	0	0
"Crambidae_Gn._Sp._A"	0	0	0	0	0	0.3	0.3	0	0	0	0	0	0	0	0.3	0	0	0	0	0	0	0	0	0	0	0	0	0	0	0	0	0	0	0	0	0	0	0	0	0	0	0	0	0	0	0	0	0	0
"Crambidae_Gn._Sp._B"	0	0	0	0	0	0.45	0	0	0	0	0	0	0.45	0	0	0	0	0	0	0	0	0	0	0	0	0	0	0	0	0	0	0	0	0	0	0	0	0	0	0	0	0	0	0	0	0	0	0	0
