"R1"	"R2"	"R3"	"R4"	"R5"	"R6"	"R7"	"R8"	"R9"	"R10"	"R11"	"R12"	"R13"	"R14"	"R15"	"R16"	"R17"	"R18"	"R19"	"R20"	"R21"	"R22"	"R23"	"R24"	"R25"	"R26"	"R27"	"R28"	"R29"	"R30"	"R31"	"R32"	"R33"	"C1"	"C2"	"C3"	"C4"	"C5"	"C6"	"C7"	"C8"	"C9"
"R1"	0	0	0	0	0	0	0	0	0	0	0	0	0	0	0	0	0	0	0	0	0	0	0	0	0	0	0	0	0	0	0	0	0	0.18	0	0.18	0	0	0.18	0.18	0.18	0
"R2"	0	0	0	0	0	0	0	0	0	0	0	0	0	0	0	0	0	0	0	0	0	0	0	0	0	0	0	0	0	0	0	0	0	0	0	0	0	0.9	0	0	0	0
"R3"	0	0	0	0	0	0	0	0	0	0	0	0	0	0	0	0	0	0	0	0	0	0	0	0	0	0	0	0	0	0	0	0	0	0	0.15	0	0.15	0.15	0.15	0.15	0.15	0
"R4"	0	0	0	0	0	0	0	0	0	0	0	0	0	0	0	0	0	0	0	0	0	0	0	0	0	0	0	0	0	0	0	0	0	0	0	0	0.3	0	0	0.3	0	0.3
"R5"	0	0	0	0	0	0	0	0	0	0	0	0	0	0	0	0	0	0	0	0	0	0	0	0	0	0	0	0	0	0	0	0	0	0	0	0	0	0	0	0.9	0	0
"R6"	0	0	0	0	0	0	0	0	0	0	0	0	0	0	0	0	0	0	0	0	0	0	0	0	0	0	0	0	0	0	0	0	0	0	0	0	0	0.3	0	0.3	0	0.3
"R7"	0	0	0	0	0	0	0	0	0	0	0	0	0	0	0	0	0	0	0	0	0	0	0	0	0	0	0	0	0	0	0	0	0	0.15	0.15	0.15	0	0.15	0	0	0.15	0.15
"R8"	0	0	0	0	0	0	0	0	0	0	0	0	0	0	0	0	0	0	0	0	0	0	0	0	0	0	0	0	0	0	0	0	0	0	0	0.225	0	0	0.225	0.225	0	0.225
"R9"	0	0	0	0	0	0	0	0	0	0	0	0	0	0	0	0	0	0	0	0	0	0	0	0	0	0	0	0	0	0	0	0	0	0	0	0	0	0	0	0.9	0	0
"R10"	0	0	0	0	0	0	0	0	0	0	0	0	0	0	0	0	0	0	0	0	0	0	0	0	0	0	0	0	0	0	0	0	0	0	0	0	0	0	0.45	0.45	0	0
"R11"	0	0	0	0	0	0	0	0	0	0	0	0	0	0	0	0	0	0	0	0	0	0	0	0	0	0	0	0	0	0	0	0	0	0.1125	0.1125	0.1125	0.1125	0.1125	0.1125	0.1125	0	0.1125
"R12"	0	0	0	0	0	0	0	0	0	0	0	0	0	0	0	0	0	0	0	0	0	0	0	0	0	0	0	0	0	0	0	0	0	0	0	0	0	0	0.3	0.3	0	0.3
"R13"	0	0	0	0	0	0	0	0	0	0	0	0	0	0	0	0	0	0	0	0	0	0	0	0	0	0	0	0	0	0	0	0	0	0.18	0	0.18	0.18	0	0	0.18	0.18	0
"R14"	0	0	0	0	0	0	0	0	0	0	0	0	0	0	0	0	0	0	0	0	0	0	0	0	0	0	0	0	0	0	0	0	0	0	0	0	0	0	0.45	0	0.45	0
"R15"	0	0	0	0	0	0	0	0	0	0	0	0	0	0	0	0	0	0	0	0	0	0	0	0	0	0	0	0	0	0	0	0	0	0.9	0	0	0	0	0	0	0	0
"R16"	0	0	0	0	0	0	0	0	0	0	0	0	0	0	0	0	0	0	0	0	0	0	0	0	0	0	0	0	0	0	0	0	0	0	0	0	0	0.9	0	0	0	0
"R17"	0	0	0	0	0	0	0	0	0	0	0	0	0	0	0	0	0	0	0	0	0	0	0	0	0	0	0	0	0	0	0	0	0	0	0	0	0	0	0.3	0.3	0.3	0
"R18"	0	0	0	0	0	0	0	0	0	0	0	0	0	0	0	0	0	0	0	0	0	0	0	0	0	0	0	0	0	0	0	0	0	0	0	0.9	0	0	0	0	0	0
"R19"	0	0	0	0	0	0	0	0	0	0	0	0	0	0	0	0	0	0	0	0	0	0	0	0	0	0	0	0	0	0	0	0	0	0	0	0	0	0	0	0.9	0	0
"R20"	0	0	0	0	0	0	0	0	0	0	0	0	0	0	0	0	0	0	0	0	0	0	0	0	0	0	0	0	0	0	0	0	0	0.15	0	0.15	0.15	0.15	0	0	0.15	0.15
"R21"	0	0	0	0	0	0	0	0	0	0	0	0	0	0	0	0	0	0	0	0	0	0	0	0	0	0	0	0	0	0	0	0	0	0.225	0	0.225	0	0	0.225	0	0	0.225
"R22"	0	0	0	0	0	0	0	0	0	0	0	0	0	0	0	0	0	0	0	0	0	0	0	0	0	0	0	0	0	0	0	0	0	0	0	0	0	0	0	0	0	0.9
"R23"	0	0	0	0	0	0	0	0	0	0	0	0	0	0	0	0	0	0	0	0	0	0	0	0	0	0	0	0	0	0	0	0	0	0.3	0.3	0.3	0	0	0	0	0	0
"R24"	0	0	0	0	0	0	0	0	0	0	0	0	0	0	0	0	0	0	0	0	0	0	0	0	0	0	0	0	0	0	0	0	0	0.18	0.18	0.18	0	0	0.18	0	0.18	0
"R25"	0	0	0	0	0	0	0	0	0	0	0	0	0	0	0	0	0	0	0	0	0	0	0	0	0	0	0	0	0	0	0	0	0	0.45	0	0.45	0	0	0	0	0	0
"R26"	0	0	0	0	0	0	0	0	0	0	0	0	0	0	0	0	0	0	0	0	0	0	0	0	0	0	0	0	0	0	0	0	0	0.18	0	0.18	0.18	0	0.18	0	0	0.18
"R27"	0	0	0	0	0	0	0	0	0	0	0	0	0	0	0	0	0	0	0	0	0	0	0	0	0	0	0	0	0	0	0	0	0	0.225	0	0.225	0	0	0.225	0	0	0.225
"R28"	0	0	0	0	0	0	0	0	0	0	0	0	0	0	0	0	0	0	0	0	0	0	0	0	0	0	0	0	0	0	0	0	0	0.3	0	0.3	0	0	0	0	0	0.3
"R29"	0	0	0	0	0	0	0	0	0	0	0	0	0	0	0	0	0	0	0	0	0	0	0	0	0	0	0	0	0	0	0	0	0	0.3	0	0.3	0	0	0	0	0	0.3
"R30"	0	0	0	0	0	0	0	0	0	0	0	0	0	0	0	0	0	0	0	0	0	0	0	0	0	0	0	0	0	0	0	0	0	0.9	0	0	0	0	0	0	0	0
"R31"	0	0	0	0	0	0	0	0	0	0	0	0	0	0	0	0	0	0	0	0	0	0	0	0	0	0	0	0	0	0	0	0	0	0	0	0	0	0	0	0	0	0.9
"R32"	0	0	0	0	0	0	0	0	0	0	0	0	0	0	0	0	0	0	0	0	0	0	0	0	0	0	0	0	0	0	0	0	0	0.45	0.45	0	0	0	0	0	0	0
"R33"	0	0	0	0	0	0	0	0	0	0	0	0	0	0	0	0	0	0	0	0	0	0	0	0	0	0	0	0	0	0	0	0	0	0	0	0	0	0	0.45	0.45	0	0
"C1"	0.05625	0	0	0	0	0	0.05625	0	0	0	0.05625	0	0.05625	0	0.05625	0	0	0	0	0.05625	0.05625	0	0.05625	0.05625	0.05625	0.05625	0.05625	0.05625	0.05625	0.05625	0	0.05625	0	0	0	0	0	0	0	0	0	0
"C2"	0	0	0.15	0	0	0	0.15	0	0	0	0.15	0	0	0	0	0	0	0	0	0	0	0	0.15	0.15	0	0	0	0	0	0	0	0.15	0	0	0	0	0	0	0	0	0	0
"C3"	0.06	0	0	0	0	0	0.06	0.06	0	0	0.06	0	0.06	0	0	0	0	0.06	0	0.06	0.06	0	0.06	0.06	0.06	0.06	0.06	0.06	0.06	0	0	0	0	0	0	0	0	0	0	0	0	0
"C4"	0	0	0.15	0.15	0	0	0	0	0	0	0.15	0	0.15	0	0	0	0	0	0	0.15	0	0	0	0	0	0.15	0	0	0	0	0	0	0	0	0	0	0	0	0	0	0	0
"C5"	0	0.128571428571429	0.128571428571429	0	0	0.128571428571429	0.128571428571429	0	0	0	0.128571428571429	0	0	0	0	0.128571428571429	0	0	0	0.128571428571429	0	0	0	0	0	0	0	0	0	0	0	0	0	0	0	0	0	0	0	0	0	0
"C6"	0.0692307692307692	0	0.0692307692307692	0	0	0	0	0.0692307692307692	0	0.0692307692307692	0.0692307692307692	0.0692307692307692	0	0.0692307692307692	0	0	0.0692307692307692	0	0	0	0.0692307692307692	0	0	0.0692307692307692	0	0.0692307692307692	0.0692307692307692	0	0	0	0	0	0.0692307692307692	0	0	0	0	0	0	0	0	0
"C7"	0.0642857142857143	0	0.0642857142857143	0.0642857142857143	0.0642857142857143	0.0642857142857143	0	0.0642857142857143	0.0642857142857143	0.0642857142857143	0.0642857142857143	0.0642857142857143	0.0642857142857143	0	0	0	0.0642857142857143	0	0.0642857142857143	0	0	0	0	0	0	0	0	0	0	0	0	0	0.0642857142857143	0	0	0	0	0	0	0	0	0
"C8"	0.1125	0	0.1125	0	0	0	0.1125	0	0	0	0	0	0.1125	0.1125	0	0	0.1125	0	0	0.1125	0	0	0	0.1125	0	0	0	0	0	0	0	0	0	0	0	0	0	0	0	0	0	0
"C9"	0	0	0	0.0642857142857143	0	0.0642857142857143	0.0642857142857143	0.0642857142857143	0	0	0.0642857142857143	0.0642857142857143	0	0	0	0	0	0	0	0.0642857142857143	0.0642857142857143	0.0642857142857143	0	0	0	0.0642857142857143	0.0642857142857143	0.0642857142857143	0.0642857142857143	0	0.0642857142857143	0	0	0	0	0	0	0	0	0	0	0
