"Cirsium_arvense"	"Angelica_archangelica"	"Anthriscus_sylvestris"	"Epilobium_hirsutum"	"Umbellifer_sp1_M_PL_046"	"Lathyrus_pratensis"	"Unidentified_sp27_M_PL_046"	"Chamaenerium_angustifolium"	"Cirsium_pratensis"	"Rubus_fruticosus"	"Trfolium_sp1_M_PL_046"	"Trifolium_arvense"	"Torilis_japonica"	"Stachys_sylvatica"	"Ranunculus_sp1_M_PL_046"	"Silene_dioica"	"Meligethes_sp1_M_PL_046"	"Unidentified_sp1_M_PL_046"	"Unidentified_sp2_M_PL_046"	"Musca_sp1_M_PL_046"	"Unidentified_sp3_M_PL_046"	"Unidentified_sp4_M_PL_046"	"Unidentified_sp5_M_PL_046"	"Lucilia_sp1_M_PL_046"	"Unidentified_sp6_M_PL_046"	"Bombus_pascuorum"	"Bombus_terrestris"	"Pieris_sp1_M_PL_046"	"Unidentified_sp7_M_PL_046"	"Unidentified_sp8_M_PL_046"	"Meligethes_sp2_M_PL_046"	"Unidentified_sp10_M_PL_046"	"Unidentified_sp11_M_PL_046"	"Unidentified_sp12_M_PL_046"	"Unidentified_sp9_M_PL_046"	"Bombus_lapidarius"	"Unidentified_sp13_M_PL_046"	"Unidentified_sp14_M_PL_046"	"Unidentified_sp15_M_PL_046"	"Unidentified_sp16_M_PL_046"	"Unidentified_sp17_M_PL_046"	"Apis_mellifera"	"Asilus_sp1_M_PL_046"	"Andreana_sp1_M_PL_046"	"Cetonia_aurata"	"Colias_croceus"	"Unidentified_sp18_M_PL_046"	"Rhynconycha_sp1_M_PL_046"	"Unidentified_sp19_M_PL_046"	"Unidentified_sp20_M_PL_046"	"Unidentified_sp21_M_PL_046"	"Unidentified_sp22_M_PL_046"	"Vespula_sp1_M_PL_046"	"Ichneumonidae_1"	"Inachis_io"	"Pararge_aegeria"	"Unidentified_sp23_M_PL_046"	"Unidentified_sp24_M_PL_046"	"Unidentified_sp25_M_PL_046"	"Unidentified_sp26_M_PL_046"
"Cirsium_arvense"	0	0	0	0	0	0	0	0	0	0	0	0	0	0	0	0	0.03	0.03	0.03	0.03	0.03	0.03	0.03	0.03	0.03	0.03	0.03	0.03	0.03	0.03	0.03	0.03	0.03	0.03	0.03	0.03	0.03	0.03	0	0.03	0.03	0.03	0.03	0	0.03	0.03	0	0.03	0	0	0	0	0	0	0	0.03	0	0	0	0
"Angelica_archangelica"	0	0	0	0	0	0	0	0	0	0	0	0	0	0	0	0	0.0333333333333333	0.0333333333333333	0.0333333333333333	0.0333333333333333	0.0333333333333333	0.0333333333333333	0.0333333333333333	0.0333333333333333	0.0333333333333333	0	0.0333333333333333	0	0.0333333333333333	0.0333333333333333	0.0333333333333333	0.0333333333333333	0.0333333333333333	0.0333333333333333	0.0333333333333333	0	0	0.0333333333333333	0.0333333333333333	0.0333333333333333	0.0333333333333333	0	0.0333333333333333	0	0	0	0.0333333333333333	0.0333333333333333	0.0333333333333333	0.0333333333333333	0	0	0	0	0	0	0	0	0.0333333333333333	0
"Anthriscus_sylvestris"	0	0	0	0	0	0	0	0	0	0	0	0	0	0	0	0	0.036	0.036	0.036	0.036	0.036	0.036	0.036	0.036	0.036	0	0	0.036	0.036	0.036	0.036	0.036	0.036	0.036	0.036	0	0	0.036	0.036	0.036	0.036	0	0	0	0	0	0.036	0	0	0	0	0.036	0.036	0	0	0	0	0	0	0.036
"Epilobium_hirsutum"	0	0	0	0	0	0	0	0	0	0	0	0	0	0	0	0	0.036	0.036	0.036	0.036	0.036	0.036	0.036	0.036	0.036	0.036	0.036	0.036	0.036	0.036	0.036	0	0	0	0	0.036	0.036	0.036	0	0	0.036	0.036	0.036	0.036	0.036	0.036	0.036	0	0	0	0	0	0	0	0	0	0	0	0	0
"Umbellifer_sp1_M_PL_046"	0	0	0	0	0	0	0	0	0	0	0	0	0	0	0	0	0.0391304347826087	0.0391304347826087	0.0391304347826087	0.0391304347826087	0.0391304347826087	0.0391304347826087	0.0391304347826087	0.0391304347826087	0	0	0.0391304347826087	0	0.0391304347826087	0.0391304347826087	0	0.0391304347826087	0.0391304347826087	0.0391304347826087	0.0391304347826087	0	0	0	0.0391304347826087	0.0391304347826087	0.0391304347826087	0	0.0391304347826087	0	0	0	0.0391304347826087	0.0391304347826087	0	0	0	0	0.0391304347826087	0.0391304347826087	0	0	0	0	0	0
"Lathyrus_pratensis"	0	0	0	0	0	0	0	0	0	0	0	0	0	0	0	0	0.045	0.045	0.045	0.045	0.045	0.045	0.045	0.045	0	0.045	0.045	0	0.045	0	0.045	0.045	0.045	0.045	0.045	0.045	0	0.045	0	0	0	0	0	0	0	0	0	0	0	0.045	0	0	0	0	0	0	0.045	0	0	0
"Unidentified_sp27_M_PL_046"	0	0	0	0	0	0	0	0	0	0	0	0	0	0	0	0	0.045	0.045	0.045	0.045	0.045	0.045	0.045	0.045	0	0	0	0	0.045	0	0.045	0.045	0.045	0.045	0.045	0	0	0.045	0.045	0	0.045	0.045	0	0	0.045	0	0	0	0	0	0.045	0	0	0	0	0	0	0	0	0
"Chamaenerium_angustifolium"	0	0	0	0	0	0	0	0	0	0	0	0	0	0	0	0	0.05	0.05	0.05	0.05	0.05	0.05	0.05	0.05	0.05	0.05	0	0.05	0.05	0	0	0.05	0	0	0	0	0.05	0	0.05	0.05	0	0	0	0.05	0	0	0	0	0	0	0	0	0	0	0.05	0	0	0	0	0
"Cirsium_pratensis"	0	0	0	0	0	0	0	0	0	0	0	0	0	0	0	0	0.05	0.05	0.05	0.05	0.05	0.05	0.05	0.05	0.05	0.05	0.05	0	0	0.05	0.05	0	0	0	0	0.05	0	0	0	0	0	0	0.05	0	0.05	0.05	0	0	0	0	0	0.05	0	0	0	0	0	0	0	0
"Rubus_fruticosus"	0	0	0	0	0	0	0	0	0	0	0	0	0	0	0	0	0.06	0.06	0.06	0	0.06	0.06	0.06	0.06	0.06	0.06	0.06	0.06	0	0.06	0	0	0	0	0	0	0.06	0	0	0	0	0	0	0.06	0	0	0	0	0	0	0.06	0	0	0	0	0	0	0	0	0
"Trfolium_sp1_M_PL_046"	0	0	0	0	0	0	0	0	0	0	0	0	0	0	0	0	0.0692307692307692	0.0692307692307692	0.0692307692307692	0.0692307692307692	0.0692307692307692	0	0.0692307692307692	0	0.0692307692307692	0.0692307692307692	0	0.0692307692307692	0.0692307692307692	0	0	0	0	0	0.0692307692307692	0	0	0	0.0692307692307692	0	0	0	0	0	0	0	0	0	0.0692307692307692	0	0	0	0	0	0	0	0	0	0	0
"Trifolium_arvense"	0	0	0	0	0	0	0	0	0	0	0	0	0	0	0	0	0.075	0.075	0.075	0.075	0	0	0	0	0	0.075	0.075	0.075	0	0.075	0	0	0	0	0	0.075	0	0	0	0.075	0	0.075	0	0	0	0.075	0	0	0	0	0	0	0	0	0	0	0	0	0	0
"Torilis_japonica"	0	0	0	0	0	0	0	0	0	0	0	0	0	0	0	0	0.0818181818181818	0.0818181818181818	0.0818181818181818	0.0818181818181818	0.0818181818181818	0.0818181818181818	0	0	0.0818181818181818	0	0	0.0818181818181818	0	0	0	0	0.0818181818181818	0.0818181818181818	0	0	0	0	0	0	0	0	0	0	0	0	0	0	0	0	0	0	0	0	0	0	0	0.0818181818181818	0	0
"Stachys_sylvatica"	0	0	0	0	0	0	0	0	0	0	0	0	0	0	0	0	0.09	0.09	0.09	0.09	0	0	0	0	0	0.09	0.09	0	0	0	0	0	0	0	0	0.09	0.09	0	0	0	0	0.09	0	0.09	0	0	0	0	0	0	0	0	0	0	0	0	0	0	0	0
"Ranunculus_sp1_M_PL_046"	0	0	0	0	0	0	0	0	0	0	0	0	0	0	0	0	0.128571428571429	0.128571428571429	0.128571428571429	0.128571428571429	0.128571428571429	0.128571428571429	0	0	0.128571428571429	0	0	0	0	0	0	0	0	0	0	0	0	0	0	0	0	0	0	0	0	0	0	0	0	0	0	0	0	0	0	0	0	0	0	0
"Silene_dioica"	0	0	0	0	0	0	0	0	0	0	0	0	0	0	0	0	0.225	0	0	0	0.225	0	0	0	0	0	0	0.225	0	0	0	0	0	0	0	0	0.225	0	0	0	0	0	0	0	0	0	0	0	0	0	0	0	0	0	0	0	0	0	0	0
"Meligethes_sp1_M_PL_046"	0.05625	0.05625	0.05625	0.05625	0.05625	0.05625	0.05625	0.05625	0.05625	0.05625	0.05625	0.05625	0.05625	0.05625	0.05625	0.05625	0	0	0	0	0	0	0	0	0	0	0	0	0	0	0	0	0	0	0	0	0	0	0	0	0	0	0	0	0	0	0	0	0	0	0	0	0	0	0	0	0	0	0	0
"Unidentified_sp1_M_PL_046"	0.06	0.06	0.06	0.06	0.06	0.06	0.06	0.06	0.06	0.06	0.06	0.06	0.06	0.06	0.06	0	0	0	0	0	0	0	0	0	0	0	0	0	0	0	0	0	0	0	0	0	0	0	0	0	0	0	0	0	0	0	0	0	0	0	0	0	0	0	0	0	0	0	0	0
"Unidentified_sp2_M_PL_046"	0.06	0.06	0.06	0.06	0.06	0.06	0.06	0.06	0.06	0.06	0.06	0.06	0.06	0.06	0.06	0	0	0	0	0	0	0	0	0	0	0	0	0	0	0	0	0	0	0	0	0	0	0	0	0	0	0	0	0	0	0	0	0	0	0	0	0	0	0	0	0	0	0	0	0
"Musca_sp1_M_PL_046"	0.0642857142857143	0.0642857142857143	0.0642857142857143	0.0642857142857143	0.0642857142857143	0.0642857142857143	0.0642857142857143	0.0642857142857143	0.0642857142857143	0	0.0642857142857143	0.0642857142857143	0.0642857142857143	0.0642857142857143	0.0642857142857143	0	0	0	0	0	0	0	0	0	0	0	0	0	0	0	0	0	0	0	0	0	0	0	0	0	0	0	0	0	0	0	0	0	0	0	0	0	0	0	0	0	0	0	0	0
"Unidentified_sp3_M_PL_046"	0.0642857142857143	0.0642857142857143	0.0642857142857143	0.0642857142857143	0.0642857142857143	0.0642857142857143	0.0642857142857143	0.0642857142857143	0.0642857142857143	0.0642857142857143	0.0642857142857143	0	0.0642857142857143	0	0.0642857142857143	0.0642857142857143	0	0	0	0	0	0	0	0	0	0	0	0	0	0	0	0	0	0	0	0	0	0	0	0	0	0	0	0	0	0	0	0	0	0	0	0	0	0	0	0	0	0	0	0
"Unidentified_sp4_M_PL_046"	0.075	0.075	0.075	0.075	0.075	0.075	0.075	0.075	0.075	0.075	0	0	0.075	0	0.075	0	0	0	0	0	0	0	0	0	0	0	0	0	0	0	0	0	0	0	0	0	0	0	0	0	0	0	0	0	0	0	0	0	0	0	0	0	0	0	0	0	0	0	0	0
"Unidentified_sp5_M_PL_046"	0.0818181818181818	0.0818181818181818	0.0818181818181818	0.0818181818181818	0.0818181818181818	0.0818181818181818	0.0818181818181818	0.0818181818181818	0.0818181818181818	0.0818181818181818	0.0818181818181818	0	0	0	0	0	0	0	0	0	0	0	0	0	0	0	0	0	0	0	0	0	0	0	0	0	0	0	0	0	0	0	0	0	0	0	0	0	0	0	0	0	0	0	0	0	0	0	0	0
"Lucilia_sp1_M_PL_046"	0.09	0.09	0.09	0.09	0.09	0.09	0.09	0.09	0.09	0.09	0	0	0	0	0	0	0	0	0	0	0	0	0	0	0	0	0	0	0	0	0	0	0	0	0	0	0	0	0	0	0	0	0	0	0	0	0	0	0	0	0	0	0	0	0	0	0	0	0	0
"Unidentified_sp6_M_PL_046"	0.09	0.09	0.09	0.09	0	0	0	0.09	0.09	0.09	0.09	0	0.09	0	0.09	0	0	0	0	0	0	0	0	0	0	0	0	0	0	0	0	0	0	0	0	0	0	0	0	0	0	0	0	0	0	0	0	0	0	0	0	0	0	0	0	0	0	0	0	0
"Bombus_pascuorum"	0.1	0	0	0.1	0	0.1	0	0.1	0.1	0.1	0.1	0.1	0	0.1	0	0	0	0	0	0	0	0	0	0	0	0	0	0	0	0	0	0	0	0	0	0	0	0	0	0	0	0	0	0	0	0	0	0	0	0	0	0	0	0	0	0	0	0	0	0
"Bombus_terrestris"	0.1	0.1	0	0.1	0.1	0.1	0	0	0.1	0.1	0	0.1	0	0.1	0	0	0	0	0	0	0	0	0	0	0	0	0	0	0	0	0	0	0	0	0	0	0	0	0	0	0	0	0	0	0	0	0	0	0	0	0	0	0	0	0	0	0	0	0	0
"Pieris_sp1_M_PL_046"	0.1	0	0.1	0.1	0	0	0	0.1	0	0.1	0.1	0.1	0.1	0	0	0.1	0	0	0	0	0	0	0	0	0	0	0	0	0	0	0	0	0	0	0	0	0	0	0	0	0	0	0	0	0	0	0	0	0	0	0	0	0	0	0	0	0	0	0	0
"Unidentified_sp7_M_PL_046"	0.1	0.1	0.1	0.1	0.1	0.1	0.1	0.1	0	0	0.1	0	0	0	0	0	0	0	0	0	0	0	0	0	0	0	0	0	0	0	0	0	0	0	0	0	0	0	0	0	0	0	0	0	0	0	0	0	0	0	0	0	0	0	0	0	0	0	0	0
"Unidentified_sp8_M_PL_046"	0.1125	0.1125	0.1125	0.1125	0.1125	0	0	0	0.1125	0.1125	0	0.1125	0	0	0	0	0	0	0	0	0	0	0	0	0	0	0	0	0	0	0	0	0	0	0	0	0	0	0	0	0	0	0	0	0	0	0	0	0	0	0	0	0	0	0	0	0	0	0	0
"Meligethes_sp2_M_PL_046"	0.128571428571429	0.128571428571429	0.128571428571429	0.128571428571429	0	0.128571428571429	0.128571428571429	0	0.128571428571429	0	0	0	0	0	0	0	0	0	0	0	0	0	0	0	0	0	0	0	0	0	0	0	0	0	0	0	0	0	0	0	0	0	0	0	0	0	0	0	0	0	0	0	0	0	0	0	0	0	0	0
"Unidentified_sp10_M_PL_046"	0.128571428571429	0.128571428571429	0.128571428571429	0	0.128571428571429	0.128571428571429	0.128571428571429	0.128571428571429	0	0	0	0	0	0	0	0	0	0	0	0	0	0	0	0	0	0	0	0	0	0	0	0	0	0	0	0	0	0	0	0	0	0	0	0	0	0	0	0	0	0	0	0	0	0	0	0	0	0	0	0
"Unidentified_sp11_M_PL_046"	0.128571428571429	0.128571428571429	0.128571428571429	0	0.128571428571429	0.128571428571429	0.128571428571429	0	0	0	0	0	0.128571428571429	0	0	0	0	0	0	0	0	0	0	0	0	0	0	0	0	0	0	0	0	0	0	0	0	0	0	0	0	0	0	0	0	0	0	0	0	0	0	0	0	0	0	0	0	0	0	0
"Unidentified_sp12_M_PL_046"	0.128571428571429	0.128571428571429	0.128571428571429	0	0.128571428571429	0.128571428571429	0.128571428571429	0	0	0	0	0	0.128571428571429	0	0	0	0	0	0	0	0	0	0	0	0	0	0	0	0	0	0	0	0	0	0	0	0	0	0	0	0	0	0	0	0	0	0	0	0	0	0	0	0	0	0	0	0	0	0	0
"Unidentified_sp9_M_PL_046"	0.128571428571429	0.128571428571429	0.128571428571429	0	0.128571428571429	0.128571428571429	0.128571428571429	0	0	0	0.128571428571429	0	0	0	0	0	0	0	0	0	0	0	0	0	0	0	0	0	0	0	0	0	0	0	0	0	0	0	0	0	0	0	0	0	0	0	0	0	0	0	0	0	0	0	0	0	0	0	0	0
"Bombus_lapidarius"	0.15	0	0	0.15	0	0.15	0	0	0.15	0	0	0.15	0	0.15	0	0	0	0	0	0	0	0	0	0	0	0	0	0	0	0	0	0	0	0	0	0	0	0	0	0	0	0	0	0	0	0	0	0	0	0	0	0	0	0	0	0	0	0	0	0
"Unidentified_sp13_M_PL_046"	0.15	0	0	0.15	0	0	0	0.15	0	0.15	0	0	0	0.15	0	0.15	0	0	0	0	0	0	0	0	0	0	0	0	0	0	0	0	0	0	0	0	0	0	0	0	0	0	0	0	0	0	0	0	0	0	0	0	0	0	0	0	0	0	0	0
"Unidentified_sp14_M_PL_046"	0.15	0.15	0.15	0.15	0	0.15	0.15	0	0	0	0	0	0	0	0	0	0	0	0	0	0	0	0	0	0	0	0	0	0	0	0	0	0	0	0	0	0	0	0	0	0	0	0	0	0	0	0	0	0	0	0	0	0	0	0	0	0	0	0	0
"Unidentified_sp15_M_PL_046"	0	0.15	0.15	0	0.15	0	0.15	0.15	0	0	0.15	0	0	0	0	0	0	0	0	0	0	0	0	0	0	0	0	0	0	0	0	0	0	0	0	0	0	0	0	0	0	0	0	0	0	0	0	0	0	0	0	0	0	0	0	0	0	0	0	0
"Unidentified_sp16_M_PL_046"	0.15	0.15	0.15	0	0.15	0	0	0.15	0	0	0	0.15	0	0	0	0	0	0	0	0	0	0	0	0	0	0	0	0	0	0	0	0	0	0	0	0	0	0	0	0	0	0	0	0	0	0	0	0	0	0	0	0	0	0	0	0	0	0	0	0
"Unidentified_sp17_M_PL_046"	0.15	0.15	0.15	0.15	0.15	0	0.15	0	0	0	0	0	0	0	0	0	0	0	0	0	0	0	0	0	0	0	0	0	0	0	0	0	0	0	0	0	0	0	0	0	0	0	0	0	0	0	0	0	0	0	0	0	0	0	0	0	0	0	0	0
"Apis_mellifera"	0.18	0	0	0.18	0	0	0.18	0	0	0	0	0.18	0	0.18	0	0	0	0	0	0	0	0	0	0	0	0	0	0	0	0	0	0	0	0	0	0	0	0	0	0	0	0	0	0	0	0	0	0	0	0	0	0	0	0	0	0	0	0	0	0
"Asilus_sp1_M_PL_046"	0.18	0.18	0	0.18	0.18	0	0	0	0.18	0	0	0	0	0	0	0	0	0	0	0	0	0	0	0	0	0	0	0	0	0	0	0	0	0	0	0	0	0	0	0	0	0	0	0	0	0	0	0	0	0	0	0	0	0	0	0	0	0	0	0
"Andreana_sp1_M_PL_046"	0	0	0	0.225	0	0	0	0.225	0	0.225	0	0	0	0.225	0	0	0	0	0	0	0	0	0	0	0	0	0	0	0	0	0	0	0	0	0	0	0	0	0	0	0	0	0	0	0	0	0	0	0	0	0	0	0	0	0	0	0	0	0	0
"Cetonia_aurata"	0.225	0	0	0.225	0	0	0.225	0	0.225	0	0	0	0	0	0	0	0	0	0	0	0	0	0	0	0	0	0	0	0	0	0	0	0	0	0	0	0	0	0	0	0	0	0	0	0	0	0	0	0	0	0	0	0	0	0	0	0	0	0	0
"Colias_croceus"	0.225	0	0	0.225	0	0	0	0	0.225	0	0	0.225	0	0	0	0	0	0	0	0	0	0	0	0	0	0	0	0	0	0	0	0	0	0	0	0	0	0	0	0	0	0	0	0	0	0	0	0	0	0	0	0	0	0	0	0	0	0	0	0
"Unidentified_sp18_M_PL_046"	0	0.225	0.225	0.225	0.225	0	0	0	0	0	0	0	0	0	0	0	0	0	0	0	0	0	0	0	0	0	0	0	0	0	0	0	0	0	0	0	0	0	0	0	0	0	0	0	0	0	0	0	0	0	0	0	0	0	0	0	0	0	0	0
"Rhynconycha_sp1_M_PL_046"	0.3	0.3	0	0	0.3	0	0	0	0	0	0	0	0	0	0	0	0	0	0	0	0	0	0	0	0	0	0	0	0	0	0	0	0	0	0	0	0	0	0	0	0	0	0	0	0	0	0	0	0	0	0	0	0	0	0	0	0	0	0	0
"Unidentified_sp19_M_PL_046"	0	0.45	0	0	0	0	0	0	0	0	0.45	0	0	0	0	0	0	0	0	0	0	0	0	0	0	0	0	0	0	0	0	0	0	0	0	0	0	0	0	0	0	0	0	0	0	0	0	0	0	0	0	0	0	0	0	0	0	0	0	0
"Unidentified_sp20_M_PL_046"	0	0.45	0	0	0	0.45	0	0	0	0	0	0	0	0	0	0	0	0	0	0	0	0	0	0	0	0	0	0	0	0	0	0	0	0	0	0	0	0	0	0	0	0	0	0	0	0	0	0	0	0	0	0	0	0	0	0	0	0	0	0
"Unidentified_sp21_M_PL_046"	0	0	0	0	0	0	0.45	0	0	0.45	0	0	0	0	0	0	0	0	0	0	0	0	0	0	0	0	0	0	0	0	0	0	0	0	0	0	0	0	0	0	0	0	0	0	0	0	0	0	0	0	0	0	0	0	0	0	0	0	0	0
"Unidentified_sp22_M_PL_046"	0	0	0.45	0	0	0	0	0	0.45	0	0	0	0	0	0	0	0	0	0	0	0	0	0	0	0	0	0	0	0	0	0	0	0	0	0	0	0	0	0	0	0	0	0	0	0	0	0	0	0	0	0	0	0	0	0	0	0	0	0	0
"Vespula_sp1_M_PL_046"	0	0	0.45	0	0.45	0	0	0	0	0	0	0	0	0	0	0	0	0	0	0	0	0	0	0	0	0	0	0	0	0	0	0	0	0	0	0	0	0	0	0	0	0	0	0	0	0	0	0	0	0	0	0	0	0	0	0	0	0	0	0
"Ichneumonidae_1"	0	0	0	0	0.9	0	0	0	0	0	0	0	0	0	0	0	0	0	0	0	0	0	0	0	0	0	0	0	0	0	0	0	0	0	0	0	0	0	0	0	0	0	0	0	0	0	0	0	0	0	0	0	0	0	0	0	0	0	0	0
"Inachis_io"	0	0	0	0	0	0	0	0.9	0	0	0	0	0	0	0	0	0	0	0	0	0	0	0	0	0	0	0	0	0	0	0	0	0	0	0	0	0	0	0	0	0	0	0	0	0	0	0	0	0	0	0	0	0	0	0	0	0	0	0	0
"Pararge_aegeria"	0.9	0	0	0	0	0	0	0	0	0	0	0	0	0	0	0	0	0	0	0	0	0	0	0	0	0	0	0	0	0	0	0	0	0	0	0	0	0	0	0	0	0	0	0	0	0	0	0	0	0	0	0	0	0	0	0	0	0	0	0
"Unidentified_sp23_M_PL_046"	0	0	0	0	0	0.9	0	0	0	0	0	0	0	0	0	0	0	0	0	0	0	0	0	0	0	0	0	0	0	0	0	0	0	0	0	0	0	0	0	0	0	0	0	0	0	0	0	0	0	0	0	0	0	0	0	0	0	0	0	0
"Unidentified_sp24_M_PL_046"	0	0	0	0	0	0	0	0	0	0	0	0	0.9	0	0	0	0	0	0	0	0	0	0	0	0	0	0	0	0	0	0	0	0	0	0	0	0	0	0	0	0	0	0	0	0	0	0	0	0	0	0	0	0	0	0	0	0	0	0	0
"Unidentified_sp25_M_PL_046"	0	0.9	0	0	0	0	0	0	0	0	0	0	0	0	0	0	0	0	0	0	0	0	0	0	0	0	0	0	0	0	0	0	0	0	0	0	0	0	0	0	0	0	0	0	0	0	0	0	0	0	0	0	0	0	0	0	0	0	0	0
"Unidentified_sp26_M_PL_046"	0	0	0.9	0	0	0	0	0	0	0	0	0	0	0	0	0	0	0	0	0	0	0	0	0	0	0	0	0	0	0	0	0	0	0	0	0	0	0	0	0	0	0	0	0	0	0	0	0	0	0	0	0	0	0	0	0	0	0	0	0
