"Oxalis_compacta"	"Phacelia_secunda"	"Azorella_madreporica"	"Tropaeolum_polyphyllum"	"Draba_tenuis"	"Laretia_acaulis"	"Nassauvia_lagascae"	"Nototriche_compacta"	"Caiophora_coronata"	"Draba_gilliesii"	"Junellia_uniflora"	"Oreopolus_glacialis"	"Adesmia_capitellata"	"Adesmia_glomerula"	"Chaetanthera_lycopodioides"	"Loasa_caespitosa"	"Nassauvia_pungens"	"Viola_atropurpurea"	"Acaena_pinnatifida"	"Calandrinia_affinis"	"Calandrinia_caespitosa"	"Calandrinia_occulta"	"Calandrinia_picta"	"Calandrinia_sericea"	"Cardamine_nivalis"	"Chaetanthera_flabellata"	"Erigeron_andicola"	"Leuceria_salina"	"Nassauvia_pinnigera"	"Oxalis_sp1_M_PL_003"	"Pozoa_coriacea"	"Ranunculus_peduncularis"	"Senecio_francisci"	"Valeriana_radicalis"	"Viola_montagnei"	"Viola_philippii"	"Unidentified_sp1_M_PL_003"	"Scaeva_melanostoma"	"Yramea_modesta"	"Phulia_nymphula"	"Unidentified_sp2_M_PL_003"	"Anthidium_sp1_M_PL_003"	"Bombus_dahlbomii"	"Megachile_sp1_M_PL_003"	"Anthidium_espinosai"	"Faunula_leucoglene"	"Habromyia_lipoflava"	"Megachile_semirufa"	"Unidentified_sp3_M_PL_003"	"Unidentified_sp4_M_PL_003"	"Andinus_venustus"	"Cynthia_terpsichore"	"Dasybasis_sp1_M_PL_003"	"Hypsochila_wagenknechti"	"Pseudolucia_chilensis"	"Tatochila_mercedis"	"Unidentified_sp5_M_PL_003"	"Unidentified_sp6_M_PL_003"	"Unidentified_sp7_M_PL_003"	"Vibrissomyia_sp1_M_PL_003"	"Villa_sp1_M_PL_003"
"Oxalis_compacta"	0	0	0	0	0	0	0	0	0	0	0	0	0	0	0	0	0	0	0	0	0	0	0	0	0	0	0	0	0	0	0	0	0	0	0	0	0	0	0.128571428571429	0.128571428571429	0	0.128571428571429	0	0	0	0	0	0	0	0	0.128571428571429	0.128571428571429	0	0.128571428571429	0	0.128571428571429	0	0	0	0	0
"Phacelia_secunda"	0	0	0	0	0	0	0	0	0	0	0	0	0	0	0	0	0	0	0	0	0	0	0	0	0	0	0	0	0	0	0	0	0	0	0	0	0	0.15	0	0	0	0.15	0.15	0.15	0.15	0	0	0.15	0	0	0	0	0	0	0	0	0	0	0	0	0
"Azorella_madreporica"	0	0	0	0	0	0	0	0	0	0	0	0	0	0	0	0	0	0	0	0	0	0	0	0	0	0	0	0	0	0	0	0	0	0	0	0	0.18	0.18	0	0	0.18	0	0	0	0	0	0.18	0	0	0	0	0	0.18	0	0	0	0	0	0	0	0
"Tropaeolum_polyphyllum"	0	0	0	0	0	0	0	0	0	0	0	0	0	0	0	0	0	0	0	0	0	0	0	0	0	0	0	0	0	0	0	0	0	0	0	0	0	0.18	0.18	0	0	0	0	0.18	0	0	0	0.18	0.18	0	0	0	0	0	0	0	0	0	0	0	0
"Draba_tenuis"	0	0	0	0	0	0	0	0	0	0	0	0	0	0	0	0	0	0	0	0	0	0	0	0	0	0	0	0	0	0	0	0	0	0	0	0	0.225	0	0	0	0	0	0	0	0	0	0	0	0	0.225	0	0	0	0	0	0	0	0.225	0.225	0	0
"Laretia_acaulis"	0	0	0	0	0	0	0	0	0	0	0	0	0	0	0	0	0	0	0	0	0	0	0	0	0	0	0	0	0	0	0	0	0	0	0	0	0.225	0	0	0	0	0	0	0	0	0	0.225	0	0	0	0	0	0	0	0	0	0	0	0	0.225	0.225
"Nassauvia_lagascae"	0	0	0	0	0	0	0	0	0	0	0	0	0	0	0	0	0	0	0	0	0	0	0	0	0	0	0	0	0	0	0	0	0	0	0	0	0	0.225	0	0.225	0	0	0	0	0	0.225	0	0	0	0	0	0	0	0	0	0	0.225	0	0	0	0
"Nototriche_compacta"	0	0	0	0	0	0	0	0	0	0	0	0	0	0	0	0	0	0	0	0	0	0	0	0	0	0	0	0	0	0	0	0	0	0	0	0	0	0	0.225	0.225	0.225	0	0	0	0	0	0	0	0	0.225	0	0	0	0	0	0	0	0	0	0	0
"Caiophora_coronata"	0	0	0	0	0	0	0	0	0	0	0	0	0	0	0	0	0	0	0	0	0	0	0	0	0	0	0	0	0	0	0	0	0	0	0	0	0	0	0	0	0	0.3	0.3	0	0	0	0	0	0.3	0	0	0	0	0	0	0	0	0	0	0	0
"Draba_gilliesii"	0	0	0	0	0	0	0	0	0	0	0	0	0	0	0	0	0	0	0	0	0	0	0	0	0	0	0	0	0	0	0	0	0	0	0	0	0	0.3	0	0.3	0.3	0	0	0	0	0	0	0	0	0	0	0	0	0	0	0	0	0	0	0	0
"Junellia_uniflora"	0	0	0	0	0	0	0	0	0	0	0	0	0	0	0	0	0	0	0	0	0	0	0	0	0	0	0	0	0	0	0	0	0	0	0	0	0.3	0	0.3	0.3	0	0	0	0	0	0	0	0	0	0	0	0	0	0	0	0	0	0	0	0	0
"Oreopolus_glacialis"	0	0	0	0	0	0	0	0	0	0	0	0	0	0	0	0	0	0	0	0	0	0	0	0	0	0	0	0	0	0	0	0	0	0	0	0	0	0	0.3	0.3	0	0	0	0	0	0	0	0	0	0	0	0	0	0	0.3	0	0	0	0	0	0
"Adesmia_capitellata"	0	0	0	0	0	0	0	0	0	0	0	0	0	0	0	0	0	0	0	0	0	0	0	0	0	0	0	0	0	0	0	0	0	0	0	0	0	0	0	0	0	0.45	0	0	0.45	0	0	0	0	0	0	0	0	0	0	0	0	0	0	0	0
"Adesmia_glomerula"	0	0	0	0	0	0	0	0	0	0	0	0	0	0	0	0	0	0	0	0	0	0	0	0	0	0	0	0	0	0	0	0	0	0	0	0	0	0	0	0	0	0.45	0	0	0	0.45	0	0	0	0	0	0	0	0	0	0	0	0	0	0	0
"Chaetanthera_lycopodioides"	0	0	0	0	0	0	0	0	0	0	0	0	0	0	0	0	0	0	0	0	0	0	0	0	0	0	0	0	0	0	0	0	0	0	0	0	0.45	0	0	0.45	0	0	0	0	0	0	0	0	0	0	0	0	0	0	0	0	0	0	0	0	0
"Loasa_caespitosa"	0	0	0	0	0	0	0	0	0	0	0	0	0	0	0	0	0	0	0	0	0	0	0	0	0	0	0	0	0	0	0	0	0	0	0	0	0	0	0	0	0	0.45	0	0.45	0	0	0	0	0	0	0	0	0	0	0	0	0	0	0	0	0
"Nassauvia_pungens"	0	0	0	0	0	0	0	0	0	0	0	0	0	0	0	0	0	0	0	0	0	0	0	0	0	0	0	0	0	0	0	0	0	0	0	0	0	0	0	0	0.45	0	0.45	0	0	0	0	0	0	0	0	0	0	0	0	0	0	0	0	0	0
"Viola_atropurpurea"	0	0	0	0	0	0	0	0	0	0	0	0	0	0	0	0	0	0	0	0	0	0	0	0	0	0	0	0	0	0	0	0	0	0	0	0	0.45	0	0.45	0	0	0	0	0	0	0	0	0	0	0	0	0	0	0	0	0	0	0	0	0	0
"Acaena_pinnatifida"	0	0	0	0	0	0	0	0	0	0	0	0	0	0	0	0	0	0	0	0	0	0	0	0	0	0	0	0	0	0	0	0	0	0	0	0	0	0.9	0	0	0	0	0	0	0	0	0	0	0	0	0	0	0	0	0	0	0	0	0	0	0
"Calandrinia_affinis"	0	0	0	0	0	0	0	0	0	0	0	0	0	0	0	0	0	0	0	0	0	0	0	0	0	0	0	0	0	0	0	0	0	0	0	0	0	0.9	0	0	0	0	0	0	0	0	0	0	0	0	0	0	0	0	0	0	0	0	0	0	0
"Calandrinia_caespitosa"	0	0	0	0	0	0	0	0	0	0	0	0	0	0	0	0	0	0	0	0	0	0	0	0	0	0	0	0	0	0	0	0	0	0	0	0	0.9	0	0	0	0	0	0	0	0	0	0	0	0	0	0	0	0	0	0	0	0	0	0	0	0
"Calandrinia_occulta"	0	0	0	0	0	0	0	0	0	0	0	0	0	0	0	0	0	0	0	0	0	0	0	0	0	0	0	0	0	0	0	0	0	0	0	0	0.9	0	0	0	0	0	0	0	0	0	0	0	0	0	0	0	0	0	0	0	0	0	0	0	0
"Calandrinia_picta"	0	0	0	0	0	0	0	0	0	0	0	0	0	0	0	0	0	0	0	0	0	0	0	0	0	0	0	0	0	0	0	0	0	0	0	0	0.9	0	0	0	0	0	0	0	0	0	0	0	0	0	0	0	0	0	0	0	0	0	0	0	0
"Calandrinia_sericea"	0	0	0	0	0	0	0	0	0	0	0	0	0	0	0	0	0	0	0	0	0	0	0	0	0	0	0	0	0	0	0	0	0	0	0	0	0	0	0	0	0.9	0	0	0	0	0	0	0	0	0	0	0	0	0	0	0	0	0	0	0	0
"Cardamine_nivalis"	0	0	0	0	0	0	0	0	0	0	0	0	0	0	0	0	0	0	0	0	0	0	0	0	0	0	0	0	0	0	0	0	0	0	0	0	0.9	0	0	0	0	0	0	0	0	0	0	0	0	0	0	0	0	0	0	0	0	0	0	0	0
"Chaetanthera_flabellata"	0	0	0	0	0	0	0	0	0	0	0	0	0	0	0	0	0	0	0	0	0	0	0	0	0	0	0	0	0	0	0	0	0	0	0	0	0.9	0	0	0	0	0	0	0	0	0	0	0	0	0	0	0	0	0	0	0	0	0	0	0	0
"Erigeron_andicola"	0	0	0	0	0	0	0	0	0	0	0	0	0	0	0	0	0	0	0	0	0	0	0	0	0	0	0	0	0	0	0	0	0	0	0	0	0	0.9	0	0	0	0	0	0	0	0	0	0	0	0	0	0	0	0	0	0	0	0	0	0	0
"Leuceria_salina"	0	0	0	0	0	0	0	0	0	0	0	0	0	0	0	0	0	0	0	0	0	0	0	0	0	0	0	0	0	0	0	0	0	0	0	0	0	0	0	0	0.9	0	0	0	0	0	0	0	0	0	0	0	0	0	0	0	0	0	0	0	0
"Nassauvia_pinnigera"	0	0	0	0	0	0	0	0	0	0	0	0	0	0	0	0	0	0	0	0	0	0	0	0	0	0	0	0	0	0	0	0	0	0	0	0	0	0.9	0	0	0	0	0	0	0	0	0	0	0	0	0	0	0	0	0	0	0	0	0	0	0
"Oxalis_sp1_M_PL_003"	0	0	0	0	0	0	0	0	0	0	0	0	0	0	0	0	0	0	0	0	0	0	0	0	0	0	0	0	0	0	0	0	0	0	0	0	0.9	0	0	0	0	0	0	0	0	0	0	0	0	0	0	0	0	0	0	0	0	0	0	0	0
"Pozoa_coriacea"	0	0	0	0	0	0	0	0	0	0	0	0	0	0	0	0	0	0	0	0	0	0	0	0	0	0	0	0	0	0	0	0	0	0	0	0	0.9	0	0	0	0	0	0	0	0	0	0	0	0	0	0	0	0	0	0	0	0	0	0	0	0
"Ranunculus_peduncularis"	0	0	0	0	0	0	0	0	0	0	0	0	0	0	0	0	0	0	0	0	0	0	0	0	0	0	0	0	0	0	0	0	0	0	0	0	0.9	0	0	0	0	0	0	0	0	0	0	0	0	0	0	0	0	0	0	0	0	0	0	0	0
"Senecio_francisci"	0	0	0	0	0	0	0	0	0	0	0	0	0	0	0	0	0	0	0	0	0	0	0	0	0	0	0	0	0	0	0	0	0	0	0	0	0	0	0	0	0.9	0	0	0	0	0	0	0	0	0	0	0	0	0	0	0	0	0	0	0	0
"Valeriana_radicalis"	0	0	0	0	0	0	0	0	0	0	0	0	0	0	0	0	0	0	0	0	0	0	0	0	0	0	0	0	0	0	0	0	0	0	0	0	0.9	0	0	0	0	0	0	0	0	0	0	0	0	0	0	0	0	0	0	0	0	0	0	0	0
"Viola_montagnei"	0	0	0	0	0	0	0	0	0	0	0	0	0	0	0	0	0	0	0	0	0	0	0	0	0	0	0	0	0	0	0	0	0	0	0	0	0	0	0.9	0	0	0	0	0	0	0	0	0	0	0	0	0	0	0	0	0	0	0	0	0	0
"Viola_philippii"	0	0	0	0	0	0	0	0	0	0	0	0	0	0	0	0	0	0	0	0	0	0	0	0	0	0	0	0	0	0	0	0	0	0	0	0	0	0	0.9	0	0	0	0	0	0	0	0	0	0	0	0	0	0	0	0	0	0	0	0	0	0
"Unidentified_sp1_M_PL_003"	0	0	0.06	0	0.06	0.06	0	0	0	0	0.06	0	0	0	0.06	0	0	0.06	0	0	0.06	0.06	0.06	0	0.06	0.06	0	0	0	0.06	0.06	0.06	0	0.06	0	0	0	0	0	0	0	0	0	0	0	0	0	0	0	0	0	0	0	0	0	0	0	0	0	0	0
"Scaeva_melanostoma"	0	0.1	0.1	0.1	0	0	0.1	0	0	0.1	0	0	0	0	0	0	0	0	0.1	0.1	0	0	0	0	0	0	0.1	0	0.1	0	0	0	0	0	0	0	0	0	0	0	0	0	0	0	0	0	0	0	0	0	0	0	0	0	0	0	0	0	0	0	0
"Yramea_modesta"	0.1125	0	0	0.1125	0	0	0	0.1125	0	0	0.1125	0.1125	0	0	0	0	0	0.1125	0	0	0	0	0	0	0	0	0	0	0	0	0	0	0	0	0.1125	0.1125	0	0	0	0	0	0	0	0	0	0	0	0	0	0	0	0	0	0	0	0	0	0	0	0	0
"Phulia_nymphula"	0.128571428571429	0	0	0	0	0	0.128571428571429	0.128571428571429	0	0.128571428571429	0.128571428571429	0.128571428571429	0	0	0.128571428571429	0	0	0	0	0	0	0	0	0	0	0	0	0	0	0	0	0	0	0	0	0	0	0	0	0	0	0	0	0	0	0	0	0	0	0	0	0	0	0	0	0	0	0	0	0	0
"Unidentified_sp2_M_PL_003"	0	0	0.128571428571429	0	0	0	0	0.128571428571429	0	0.128571428571429	0	0	0	0	0	0	0.128571428571429	0	0	0	0	0	0	0.128571428571429	0	0	0	0.128571428571429	0	0	0	0	0.128571428571429	0	0	0	0	0	0	0	0	0	0	0	0	0	0	0	0	0	0	0	0	0	0	0	0	0	0	0	0
"Anthidium_sp1_M_PL_003"	0.15	0.15	0	0	0	0	0	0	0.15	0	0	0	0.15	0.15	0	0.15	0	0	0	0	0	0	0	0	0	0	0	0	0	0	0	0	0	0	0	0	0	0	0	0	0	0	0	0	0	0	0	0	0	0	0	0	0	0	0	0	0	0	0	0	0
"Bombus_dahlbomii"	0	0.3	0	0	0	0	0	0	0.3	0	0	0	0	0	0	0	0.3	0	0	0	0	0	0	0	0	0	0	0	0	0	0	0	0	0	0	0	0	0	0	0	0	0	0	0	0	0	0	0	0	0	0	0	0	0	0	0	0	0	0	0	0
"Megachile_sp1_M_PL_003"	0	0.3	0	0.3	0	0	0	0	0	0	0	0	0	0	0	0.3	0	0	0	0	0	0	0	0	0	0	0	0	0	0	0	0	0	0	0	0	0	0	0	0	0	0	0	0	0	0	0	0	0	0	0	0	0	0	0	0	0	0	0	0	0
"Anthidium_espinosai"	0	0.45	0	0	0	0	0	0	0	0	0	0	0.45	0	0	0	0	0	0	0	0	0	0	0	0	0	0	0	0	0	0	0	0	0	0	0	0	0	0	0	0	0	0	0	0	0	0	0	0	0	0	0	0	0	0	0	0	0	0	0	0
"Faunula_leucoglene"	0	0	0	0	0	0	0.45	0	0	0	0	0	0	0.45	0	0	0	0	0	0	0	0	0	0	0	0	0	0	0	0	0	0	0	0	0	0	0	0	0	0	0	0	0	0	0	0	0	0	0	0	0	0	0	0	0	0	0	0	0	0	0
"Habromyia_lipoflava"	0	0	0.45	0	0	0.45	0	0	0	0	0	0	0	0	0	0	0	0	0	0	0	0	0	0	0	0	0	0	0	0	0	0	0	0	0	0	0	0	0	0	0	0	0	0	0	0	0	0	0	0	0	0	0	0	0	0	0	0	0	0	0
"Megachile_semirufa"	0	0.45	0	0.45	0	0	0	0	0	0	0	0	0	0	0	0	0	0	0	0	0	0	0	0	0	0	0	0	0	0	0	0	0	0	0	0	0	0	0	0	0	0	0	0	0	0	0	0	0	0	0	0	0	0	0	0	0	0	0	0	0
"Unidentified_sp3_M_PL_003"	0	0	0	0.45	0	0	0	0	0.45	0	0	0	0	0	0	0	0	0	0	0	0	0	0	0	0	0	0	0	0	0	0	0	0	0	0	0	0	0	0	0	0	0	0	0	0	0	0	0	0	0	0	0	0	0	0	0	0	0	0	0	0
"Unidentified_sp4_M_PL_003"	0	0	0	0	0.45	0	0	0.45	0	0	0	0	0	0	0	0	0	0	0	0	0	0	0	0	0	0	0	0	0	0	0	0	0	0	0	0	0	0	0	0	0	0	0	0	0	0	0	0	0	0	0	0	0	0	0	0	0	0	0	0	0
"Andinus_venustus"	0.9	0	0	0	0	0	0	0	0	0	0	0	0	0	0	0	0	0	0	0	0	0	0	0	0	0	0	0	0	0	0	0	0	0	0	0	0	0	0	0	0	0	0	0	0	0	0	0	0	0	0	0	0	0	0	0	0	0	0	0	0
"Cynthia_terpsichore"	0.9	0	0	0	0	0	0	0	0	0	0	0	0	0	0	0	0	0	0	0	0	0	0	0	0	0	0	0	0	0	0	0	0	0	0	0	0	0	0	0	0	0	0	0	0	0	0	0	0	0	0	0	0	0	0	0	0	0	0	0	0
"Dasybasis_sp1_M_PL_003"	0	0	0.9	0	0	0	0	0	0	0	0	0	0	0	0	0	0	0	0	0	0	0	0	0	0	0	0	0	0	0	0	0	0	0	0	0	0	0	0	0	0	0	0	0	0	0	0	0	0	0	0	0	0	0	0	0	0	0	0	0	0
"Hypsochila_wagenknechti"	0.9	0	0	0	0	0	0	0	0	0	0	0	0	0	0	0	0	0	0	0	0	0	0	0	0	0	0	0	0	0	0	0	0	0	0	0	0	0	0	0	0	0	0	0	0	0	0	0	0	0	0	0	0	0	0	0	0	0	0	0	0
"Pseudolucia_chilensis"	0	0	0	0	0	0	0	0	0	0	0	0.9	0	0	0	0	0	0	0	0	0	0	0	0	0	0	0	0	0	0	0	0	0	0	0	0	0	0	0	0	0	0	0	0	0	0	0	0	0	0	0	0	0	0	0	0	0	0	0	0	0
"Tatochila_mercedis"	0.9	0	0	0	0	0	0	0	0	0	0	0	0	0	0	0	0	0	0	0	0	0	0	0	0	0	0	0	0	0	0	0	0	0	0	0	0	0	0	0	0	0	0	0	0	0	0	0	0	0	0	0	0	0	0	0	0	0	0	0	0
"Unidentified_sp5_M_PL_003"	0	0	0	0	0	0	0.9	0	0	0	0	0	0	0	0	0	0	0	0	0	0	0	0	0	0	0	0	0	0	0	0	0	0	0	0	0	0	0	0	0	0	0	0	0	0	0	0	0	0	0	0	0	0	0	0	0	0	0	0	0	0
"Unidentified_sp6_M_PL_003"	0	0	0	0	0.9	0	0	0	0	0	0	0	0	0	0	0	0	0	0	0	0	0	0	0	0	0	0	0	0	0	0	0	0	0	0	0	0	0	0	0	0	0	0	0	0	0	0	0	0	0	0	0	0	0	0	0	0	0	0	0	0
"Unidentified_sp7_M_PL_003"	0	0	0	0	0.9	0	0	0	0	0	0	0	0	0	0	0	0	0	0	0	0	0	0	0	0	0	0	0	0	0	0	0	0	0	0	0	0	0	0	0	0	0	0	0	0	0	0	0	0	0	0	0	0	0	0	0	0	0	0	0	0
"Vibrissomyia_sp1_M_PL_003"	0	0	0	0	0	0.9	0	0	0	0	0	0	0	0	0	0	0	0	0	0	0	0	0	0	0	0	0	0	0	0	0	0	0	0	0	0	0	0	0	0	0	0	0	0	0	0	0	0	0	0	0	0	0	0	0	0	0	0	0	0	0
"Villa_sp1_M_PL_003"	0	0	0	0	0	0.9	0	0	0	0	0	0	0	0	0	0	0	0	0	0	0	0	0	0	0	0	0	0	0	0	0	0	0	0	0	0	0	0	0	0	0	0	0	0	0	0	0	0	0	0	0	0	0	0	0	0	0	0	0	0	0
