"Salix_fragilis"	"Vaccinium_myrtilloides"	"Ledum_groenlandicum"	"Nemopanthus_mucronata"	"Gaylussacia_baccata"	"Spiraea_alba"	"Chamaedaphne_calyculata"	"Aronia_melanocarpa"	"Kalmia_polifolia"	"Kalmia_angustifolia"	"Calopogon_pulchellus"	"Smilacina_trifolia"	"Andromeda_glaucophylla"	"Dilophus_caurinus"	"Andrena_vicina"	"Bombus_terricola"	"Colletes_inaequalis"	"Andrena_regularis"	"Pyrobombus_ternarius"	"Andrena_bradleyi"	"Cyphon_variabilis"	"Andrena_mandibularis"	"Pyrobombus_sandersoni"	"Sercomyia_transversa"	"Pyrobombus_impatiens"	"Melanostoma_sp1_M_PL_033"	"Apis_mellifera"	"Pyrobombus_perplexus"	"Adela_purpurea"	"Helophilus_latifrons"	"Syritta_pipiens"	"Eristalis_dimidiata"	"Andrena_carolina"	"Macrodactlyus_subspinosus"	"Shaerophoria_sp1_M_PL_033"	"Hybomitra_typhus"	"Syrphus_torvus"	"Toxomerus_marginatus"	"Spilogona_fatima"	"Dialictus_pilosus"	"Hybomitra_minuscula"	"Andrena_alleghaniensis"	"Andrena_carlini"	"Helophilus_fasciatus"	"Pyrophaena_rosarum"	"Helophilus_laetus"	"Thymelicus_lineola"
"Salix_fragilis"	0	0	0	0	0	0	0	0	0	0	0	0	0	0	0.0692307692307692	0.0692307692307692	0.0692307692307692	0	0.0692307692307692	0.0692307692307692	0.0692307692307692	0	0.0692307692307692	0	0	0	0.0692307692307692	0.0692307692307692	0.0692307692307692	0	0	0	0.0692307692307692	0	0	0	0	0	0.0692307692307692	0	0	0	0.0692307692307692	0	0	0	0
"Vaccinium_myrtilloides"	0	0	0	0	0	0	0	0	0	0	0	0	0	0	0.0642857142857143	0.0642857142857143	0.0642857142857143	0.0642857142857143	0.0642857142857143	0.0642857142857143	0	0.0642857142857143	0.0642857142857143	0.0642857142857143	0.0642857142857143	0	0.0642857142857143	0.0642857142857143	0	0	0	0	0.0642857142857143	0	0	0	0	0	0	0	0	0	0.0642857142857143	0	0	0	0
"Ledum_groenlandicum"	0	0	0	0	0	0	0	0	0	0	0	0	0	0	0.05	0.05	0.05	0.05	0.05	0	0	0.05	0.05	0.05	0.05	0	0	0	0	0.05	0	0.05	0.05	0	0.05	0	0	0	0	0	0	0.05	0.05	0.05	0.05	0.05	0
"Nemopanthus_mucronata"	0	0	0	0	0	0	0	0	0	0	0	0	0	0.0692307692307692	0.0692307692307692	0	0	0.0692307692307692	0.0692307692307692	0	0	0.0692307692307692	0	0	0	0.0692307692307692	0.0692307692307692	0	0	0	0	0	0	0	0	0	0.0692307692307692	0	0.0692307692307692	0.0692307692307692	0	0.0692307692307692	0.0692307692307692	0	0.0692307692307692	0	0
"Gaylussacia_baccata"	0	0	0	0	0	0	0	0	0	0	0	0	0	0	0.0642857142857143	0.0642857142857143	0	0.0642857142857143	0.0642857142857143	0.0642857142857143	0	0	0.0642857142857143	0.0642857142857143	0.0642857142857143	0	0.0642857142857143	0	0	0.0642857142857143	0	0.0642857142857143	0.0642857142857143	0	0	0.0642857142857143	0	0	0	0	0	0	0	0.0642857142857143	0	0	0
"Spiraea_alba"	0	0	0	0	0	0	0	0	0	0	0	0	0	0	0	0.075	0	0	0.075	0	0	0	0.075	0	0.075	0	0	0.075	0	0	0.075	0.075	0	0.075	0	0	0	0	0	0	0.075	0	0	0	0.075	0.075	0.075
"Chamaedaphne_calyculata"	0	0	0	0	0	0	0	0	0	0	0	0	0	0	0.0692307692307692	0	0.0692307692307692	0.0692307692307692	0.0692307692307692	0.0692307692307692	0	0.0692307692307692	0.0692307692307692	0	0.0692307692307692	0.0692307692307692	0	0	0	0	0	0	0	0	0.0692307692307692	0	0	0	0.0692307692307692	0	0	0	0.0692307692307692	0.0692307692307692	0	0	0
"Aronia_melanocarpa"	0	0	0	0	0	0	0	0	0	0	0	0	0	0	0.05625	0	0.05625	0.05625	0.05625	0	0	0	0.05625	0	0	0.05625	0	0.05625	0	0.05625	0.05625	0.05625	0	0	0.05625	0	0.05625	0	0	0.05625	0	0.05625	0	0.05625	0	0.05625	0
"Kalmia_polifolia"	0	0	0	0	0	0	0	0	0	0	0	0	0	0	0.0818181818181818	0	0	0.0818181818181818	0.0818181818181818	0.0818181818181818	0	0.0818181818181818	0.0818181818181818	0.0818181818181818	0.0818181818181818	0	0.0818181818181818	0.0818181818181818	0	0	0	0	0	0	0	0	0	0	0	0.0818181818181818	0	0	0	0	0	0	0
"Kalmia_angustifolia"	0	0	0	0	0	0	0	0	0	0	0	0	0	0	0	0	0	0	0.1125	0	0	0.1125	0.1125	0.1125	0	0	0	0	0	0	0.1125	0	0	0	0	0.1125	0	0	0	0	0	0	0	0.1125	0.1125	0	0
"Calopogon_pulchellus"	0	0	0	0	0	0	0	0	0	0	0	0	0	0	0	0	0	0	0	0	0	0	0	0	0	0	0	0	0	0	0	0	0	0	0	0	0	0.45	0	0	0	0	0	0	0	0	0.45
"Smilacina_trifolia"	0	0	0	0	0	0	0	0	0	0	0	0	0	0	0	0	0	0	0	0	0	0	0	0	0	0.18	0	0	0	0	0.18	0	0	0	0.18	0	0	0	0.18	0	0	0	0	0	0.18	0	0
"Andromeda_glaucophylla"	0	0	0	0	0	0	0	0	0	0	0	0	0	0	0	0	0	0	0.45	0	0	0	0	0	0.45	0	0	0	0	0	0	0	0	0	0	0	0	0	0	0	0	0	0	0	0	0	0
"Dilophus_caurinus"	0	0	0	0.9	0	0	0	0	0	0	0	0	0	0	0	0	0	0	0	0	0	0	0	0	0	0	0	0	0	0	0	0	0	0	0	0	0	0	0	0	0	0	0	0	0	0	0
"Andrena_vicina"	0.1125	0.1125	0.1125	0.1125	0.1125	0	0.1125	0.1125	0.1125	0	0	0	0	0	0	0	0	0	0	0	0	0	0	0	0	0	0	0	0	0	0	0	0	0	0	0	0	0	0	0	0	0	0	0	0	0	0
"Bombus_terricola"	0.18	0.18	0.18	0	0.18	0.18	0	0	0	0	0	0	0	0	0	0	0	0	0	0	0	0	0	0	0	0	0	0	0	0	0	0	0	0	0	0	0	0	0	0	0	0	0	0	0	0	0
"Colletes_inaequalis"	0.18	0.18	0.18	0	0	0	0.18	0.18	0	0	0	0	0	0	0	0	0	0	0	0	0	0	0	0	0	0	0	0	0	0	0	0	0	0	0	0	0	0	0	0	0	0	0	0	0	0	0
"Andrena_regularis"	0	0.128571428571429	0.128571428571429	0.128571428571429	0.128571428571429	0	0.128571428571429	0.128571428571429	0.128571428571429	0	0	0	0	0	0	0	0	0	0	0	0	0	0	0	0	0	0	0	0	0	0	0	0	0	0	0	0	0	0	0	0	0	0	0	0	0	0
"Pyrobombus_ternarius"	0.0818181818181818	0.0818181818181818	0.0818181818181818	0.0818181818181818	0.0818181818181818	0.0818181818181818	0.0818181818181818	0.0818181818181818	0.0818181818181818	0.0818181818181818	0	0	0.0818181818181818	0	0	0	0	0	0	0	0	0	0	0	0	0	0	0	0	0	0	0	0	0	0	0	0	0	0	0	0	0	0	0	0	0	0
"Andrena_bradleyi"	0.18	0.18	0	0	0.18	0	0.18	0	0.18	0	0	0	0	0	0	0	0	0	0	0	0	0	0	0	0	0	0	0	0	0	0	0	0	0	0	0	0	0	0	0	0	0	0	0	0	0	0
"Cyphon_variabilis"	0.9	0	0	0	0	0	0	0	0	0	0	0	0	0	0	0	0	0	0	0	0	0	0	0	0	0	0	0	0	0	0	0	0	0	0	0	0	0	0	0	0	0	0	0	0	0	0
"Andrena_mandibularis"	0	0.15	0.15	0.15	0	0	0.15	0	0.15	0.15	0	0	0	0	0	0	0	0	0	0	0	0	0	0	0	0	0	0	0	0	0	0	0	0	0	0	0	0	0	0	0	0	0	0	0	0	0
"Pyrobombus_sandersoni"	0.1	0.1	0.1	0	0.1	0.1	0.1	0.1	0.1	0.1	0	0	0	0	0	0	0	0	0	0	0	0	0	0	0	0	0	0	0	0	0	0	0	0	0	0	0	0	0	0	0	0	0	0	0	0	0
"Sercomyia_transversa"	0	0.18	0.18	0	0.18	0	0	0	0.18	0.18	0	0	0	0	0	0	0	0	0	0	0	0	0	0	0	0	0	0	0	0	0	0	0	0	0	0	0	0	0	0	0	0	0	0	0	0	0
"Pyrobombus_impatiens"	0	0.128571428571429	0.128571428571429	0	0.128571428571429	0.128571428571429	0.128571428571429	0	0.128571428571429	0	0	0	0.128571428571429	0	0	0	0	0	0	0	0	0	0	0	0	0	0	0	0	0	0	0	0	0	0	0	0	0	0	0	0	0	0	0	0	0	0
"Melanostoma_sp1_M_PL_033"	0	0	0	0.225	0	0	0.225	0.225	0	0	0	0.225	0	0	0	0	0	0	0	0	0	0	0	0	0	0	0	0	0	0	0	0	0	0	0	0	0	0	0	0	0	0	0	0	0	0	0
"Apis_mellifera"	0.18	0.18	0	0.18	0.18	0	0	0	0.18	0	0	0	0	0	0	0	0	0	0	0	0	0	0	0	0	0	0	0	0	0	0	0	0	0	0	0	0	0	0	0	0	0	0	0	0	0	0
"Pyrobombus_perplexus"	0.18	0.18	0	0	0	0.18	0	0.18	0.18	0	0	0	0	0	0	0	0	0	0	0	0	0	0	0	0	0	0	0	0	0	0	0	0	0	0	0	0	0	0	0	0	0	0	0	0	0	0
"Adela_purpurea"	0.9	0	0	0	0	0	0	0	0	0	0	0	0	0	0	0	0	0	0	0	0	0	0	0	0	0	0	0	0	0	0	0	0	0	0	0	0	0	0	0	0	0	0	0	0	0	0
"Helophilus_latifrons"	0	0	0.3	0	0.3	0	0	0.3	0	0	0	0	0	0	0	0	0	0	0	0	0	0	0	0	0	0	0	0	0	0	0	0	0	0	0	0	0	0	0	0	0	0	0	0	0	0	0
"Syritta_pipiens"	0	0	0	0	0	0.225	0	0.225	0	0.225	0	0.225	0	0	0	0	0	0	0	0	0	0	0	0	0	0	0	0	0	0	0	0	0	0	0	0	0	0	0	0	0	0	0	0	0	0	0
"Eristalis_dimidiata"	0	0	0.225	0	0.225	0.225	0	0.225	0	0	0	0	0	0	0	0	0	0	0	0	0	0	0	0	0	0	0	0	0	0	0	0	0	0	0	0	0	0	0	0	0	0	0	0	0	0	0
"Andrena_carolina"	0.225	0.225	0.225	0	0.225	0	0	0	0	0	0	0	0	0	0	0	0	0	0	0	0	0	0	0	0	0	0	0	0	0	0	0	0	0	0	0	0	0	0	0	0	0	0	0	0	0	0
"Macrodactlyus_subspinosus"	0	0	0	0	0	0.9	0	0	0	0	0	0	0	0	0	0	0	0	0	0	0	0	0	0	0	0	0	0	0	0	0	0	0	0	0	0	0	0	0	0	0	0	0	0	0	0	0
"Shaerophoria_sp1_M_PL_033"	0	0	0.225	0	0	0	0.225	0.225	0	0	0	0.225	0	0	0	0	0	0	0	0	0	0	0	0	0	0	0	0	0	0	0	0	0	0	0	0	0	0	0	0	0	0	0	0	0	0	0
"Hybomitra_typhus"	0	0	0	0	0.45	0	0	0	0	0.45	0	0	0	0	0	0	0	0	0	0	0	0	0	0	0	0	0	0	0	0	0	0	0	0	0	0	0	0	0	0	0	0	0	0	0	0	0
"Syrphus_torvus"	0	0	0	0.45	0	0	0	0.45	0	0	0	0	0	0	0	0	0	0	0	0	0	0	0	0	0	0	0	0	0	0	0	0	0	0	0	0	0	0	0	0	0	0	0	0	0	0	0
"Toxomerus_marginatus"	0	0	0	0	0	0	0	0	0	0	0.9	0	0	0	0	0	0	0	0	0	0	0	0	0	0	0	0	0	0	0	0	0	0	0	0	0	0	0	0	0	0	0	0	0	0	0	0
"Spilogona_fatima"	0.225	0	0	0.225	0	0	0.225	0	0	0	0	0.225	0	0	0	0	0	0	0	0	0	0	0	0	0	0	0	0	0	0	0	0	0	0	0	0	0	0	0	0	0	0	0	0	0	0	0
"Dialictus_pilosus"	0	0	0	0.3	0	0	0	0.3	0.3	0	0	0	0	0	0	0	0	0	0	0	0	0	0	0	0	0	0	0	0	0	0	0	0	0	0	0	0	0	0	0	0	0	0	0	0	0	0
"Hybomitra_minuscula"	0	0	0	0	0	0.9	0	0	0	0	0	0	0	0	0	0	0	0	0	0	0	0	0	0	0	0	0	0	0	0	0	0	0	0	0	0	0	0	0	0	0	0	0	0	0	0	0
"Andrena_alleghaniensis"	0	0	0.3	0.3	0	0	0	0.3	0	0	0	0	0	0	0	0	0	0	0	0	0	0	0	0	0	0	0	0	0	0	0	0	0	0	0	0	0	0	0	0	0	0	0	0	0	0	0
"Andrena_carlini"	0.18	0.18	0.18	0.18	0	0	0.18	0	0	0	0	0	0	0	0	0	0	0	0	0	0	0	0	0	0	0	0	0	0	0	0	0	0	0	0	0	0	0	0	0	0	0	0	0	0	0	0
"Helophilus_fasciatus"	0	0	0.18	0	0.18	0	0.18	0.18	0	0.18	0	0	0	0	0	0	0	0	0	0	0	0	0	0	0	0	0	0	0	0	0	0	0	0	0	0	0	0	0	0	0	0	0	0	0	0	0
"Pyrophaena_rosarum"	0	0	0.18	0.18	0	0.18	0	0	0	0.18	0	0.18	0	0	0	0	0	0	0	0	0	0	0	0	0	0	0	0	0	0	0	0	0	0	0	0	0	0	0	0	0	0	0	0	0	0	0
"Helophilus_laetus"	0	0	0.3	0	0	0.3	0	0.3	0	0	0	0	0	0	0	0	0	0	0	0	0	0	0	0	0	0	0	0	0	0	0	0	0	0	0	0	0	0	0	0	0	0	0	0	0	0	0
"Thymelicus_lineola"	0	0	0	0	0	0.45	0	0	0	0	0.45	0	0	0	0	0	0	0	0	0	0	0	0	0	0	0	0	0	0	0	0	0	0	0	0	0	0	0	0	0	0	0	0	0	0	0	0
