"R1"	"R2"	"R3"	"R4"	"R5"	"R6"	"R7"	"R8"	"R9"	"R10"	"R11"	"R12"	"R13"	"R14"	"R15"	"R16"	"R17"	"R18"	"R19"	"R20"	"R21"	"R22"	"R23"	"R24"	"R25"	"R26"	"R27"	"R28"	"R29"	"R30"	"R31"	"R32"	"R33"	"R34"	"R35"	"R36"	"R37"	"R38"	"R39"	"R40"	"R41"	"R42"	"R43"	"R44"	"R45"	"R46"	"R47"	"R48"	"R49"	"R50"	"R51"	"R52"	"R53"	"R54"	"R55"	"R56"	"R57"	"R58"	"R59"	"C1"	"C2"	"C3"	"C4"	"C5"	"C6"	"C7"	"C8"	"C9"	"C10"	"C11"	"C12"	"C13"	"C14"	"C15"	"C16"	"C17"	"C18"	"C19"	"C20"	"C21"	"C22"
"R1"	0	0	0	0	0	0	0	0	0	0	0	0	0	0	0	0	0	0	0	0	0	0	0	0	0	0	0	0	0	0	0	0	0	0	0	0	0	0	0	0	0	0	0	0	0	0	0	0	0	0	0	0	0	0	0	0	0	0	0	0.18	0.18	0.18	0	0.18	0.18	0	0	0	0	0	0	0	0	0	0	0	0	0	0	0	0
"R2"	0	0	0	0	0	0	0	0	0	0	0	0	0	0	0	0	0	0	0	0	0	0	0	0	0	0	0	0	0	0	0	0	0	0	0	0	0	0	0	0	0	0	0	0	0	0	0	0	0	0	0	0	0	0	0	0	0	0	0	0.15	0.15	0.15	0	0.15	0.15	0	0	0	0	0	0	0	0	0	0	0	0	0.15	0	0	0
"R3"	0	0	0	0	0	0	0	0	0	0	0	0	0	0	0	0	0	0	0	0	0	0	0	0	0	0	0	0	0	0	0	0	0	0	0	0	0	0	0	0	0	0	0	0	0	0	0	0	0	0	0	0	0	0	0	0	0	0	0	0	0.15	0.15	0	0.15	0.15	0	0	0	0	0	0	0	0	0	0	0.15	0	0	0.15	0	0
"R4"	0	0	0	0	0	0	0	0	0	0	0	0	0	0	0	0	0	0	0	0	0	0	0	0	0	0	0	0	0	0	0	0	0	0	0	0	0	0	0	0	0	0	0	0	0	0	0	0	0	0	0	0	0	0	0	0	0	0	0	0	0.225	0.225	0	0	0.225	0	0	0	0	0	0	0	0	0	0	0.225	0	0	0	0	0
"R5"	0	0	0	0	0	0	0	0	0	0	0	0	0	0	0	0	0	0	0	0	0	0	0	0	0	0	0	0	0	0	0	0	0	0	0	0	0	0	0	0	0	0	0	0	0	0	0	0	0	0	0	0	0	0	0	0	0	0	0	0.18	0.18	0.18	0	0.18	0	0	0	0	0	0	0	0	0	0	0	0.18	0	0	0	0	0
"R6"	0	0	0	0	0	0	0	0	0	0	0	0	0	0	0	0	0	0	0	0	0	0	0	0	0	0	0	0	0	0	0	0	0	0	0	0	0	0	0	0	0	0	0	0	0	0	0	0	0	0	0	0	0	0	0	0	0	0	0	0.1	0.1	0.1	0	0.1	0.1	0	0	0	0	0	0.1	0.1	0.1	0	0	0.1	0	0	0	0	0
"R7"	0	0	0	0	0	0	0	0	0	0	0	0	0	0	0	0	0	0	0	0	0	0	0	0	0	0	0	0	0	0	0	0	0	0	0	0	0	0	0	0	0	0	0	0	0	0	0	0	0	0	0	0	0	0	0	0	0	0	0	0	0.1125	0.1125	0	0.1125	0.1125	0	0	0	0	0	0.1125	0.1125	0.1125	0	0	0.1125	0	0	0	0	0
"R8"	0	0	0	0	0	0	0	0	0	0	0	0	0	0	0	0	0	0	0	0	0	0	0	0	0	0	0	0	0	0	0	0	0	0	0	0	0	0	0	0	0	0	0	0	0	0	0	0	0	0	0	0	0	0	0	0	0	0	0	0	0.128571428571429	0.128571428571429	0	0.128571428571429	0.128571428571429	0.128571428571429	0	0	0.128571428571429	0	0	0	0	0	0	0.128571428571429	0	0	0	0	0
"R9"	0	0	0	0	0	0	0	0	0	0	0	0	0	0	0	0	0	0	0	0	0	0	0	0	0	0	0	0	0	0	0	0	0	0	0	0	0	0	0	0	0	0	0	0	0	0	0	0	0	0	0	0	0	0	0	0	0	0	0	0	0.1125	0.1125	0	0.1125	0.1125	0	0	0	0	0	0.1125	0.1125	0.1125	0	0	0.1125	0	0	0	0	0
"R10"	0	0	0	0	0	0	0	0	0	0	0	0	0	0	0	0	0	0	0	0	0	0	0	0	0	0	0	0	0	0	0	0	0	0	0	0	0	0	0	0	0	0	0	0	0	0	0	0	0	0	0	0	0	0	0	0	0	0	0	0	0.15	0.15	0.15	0.15	0.15	0	0	0	0	0	0	0	0	0	0	0.15	0	0	0	0	0
"R11"	0	0	0	0	0	0	0	0	0	0	0	0	0	0	0	0	0	0	0	0	0	0	0	0	0	0	0	0	0	0	0	0	0	0	0	0	0	0	0	0	0	0	0	0	0	0	0	0	0	0	0	0	0	0	0	0	0	0	0	0	0.15	0.15	0	0.15	0.15	0	0	0	0	0	0	0	0	0.15	0	0.15	0	0	0	0	0
"R12"	0	0	0	0	0	0	0	0	0	0	0	0	0	0	0	0	0	0	0	0	0	0	0	0	0	0	0	0	0	0	0	0	0	0	0	0	0	0	0	0	0	0	0	0	0	0	0	0	0	0	0	0	0	0	0	0	0	0	0	0.128571428571429	0.128571428571429	0.128571428571429	0	0.128571428571429	0.128571428571429	0	0.128571428571429	0	0	0	0	0	0	0	0	0.128571428571429	0	0	0	0	0
"R13"	0	0	0	0	0	0	0	0	0	0	0	0	0	0	0	0	0	0	0	0	0	0	0	0	0	0	0	0	0	0	0	0	0	0	0	0	0	0	0	0	0	0	0	0	0	0	0	0	0	0	0	0	0	0	0	0	0	0	0	0.1125	0.1125	0.1125	0.1125	0.1125	0.1125	0	0	0	0	0	0	0	0	0.1125	0	0	0.1125	0	0	0	0
"R14"	0	0	0	0	0	0	0	0	0	0	0	0	0	0	0	0	0	0	0	0	0	0	0	0	0	0	0	0	0	0	0	0	0	0	0	0	0	0	0	0	0	0	0	0	0	0	0	0	0	0	0	0	0	0	0	0	0	0	0	0.128571428571429	0.128571428571429	0.128571428571429	0.128571428571429	0.128571428571429	0.128571428571429	0	0	0	0	0	0	0	0	0	0.128571428571429	0	0	0	0	0	0
"R15"	0	0	0	0	0	0	0	0	0	0	0	0	0	0	0	0	0	0	0	0	0	0	0	0	0	0	0	0	0	0	0	0	0	0	0	0	0	0	0	0	0	0	0	0	0	0	0	0	0	0	0	0	0	0	0	0	0	0	0	0	0.45	0.45	0	0	0	0	0	0	0	0	0	0	0	0	0	0	0	0	0	0	0
"R16"	0	0	0	0	0	0	0	0	0	0	0	0	0	0	0	0	0	0	0	0	0	0	0	0	0	0	0	0	0	0	0	0	0	0	0	0	0	0	0	0	0	0	0	0	0	0	0	0	0	0	0	0	0	0	0	0	0	0	0	0	0.15	0.15	0.15	0.15	0.15	0	0	0	0	0	0	0	0	0	0.15	0	0	0	0	0	0
"R17"	0	0	0	0	0	0	0	0	0	0	0	0	0	0	0	0	0	0	0	0	0	0	0	0	0	0	0	0	0	0	0	0	0	0	0	0	0	0	0	0	0	0	0	0	0	0	0	0	0	0	0	0	0	0	0	0	0	0	0	0.128571428571429	0.128571428571429	0.128571428571429	0.128571428571429	0.128571428571429	0.128571428571429	0	0	0	0	0	0	0	0	0.128571428571429	0	0	0	0	0	0	0
"R18"	0	0	0	0	0	0	0	0	0	0	0	0	0	0	0	0	0	0	0	0	0	0	0	0	0	0	0	0	0	0	0	0	0	0	0	0	0	0	0	0	0	0	0	0	0	0	0	0	0	0	0	0	0	0	0	0	0	0	0	0.15	0.15	0.15	0.15	0.15	0.15	0	0	0	0	0	0	0	0	0	0	0	0	0	0	0	0
"R19"	0	0	0	0	0	0	0	0	0	0	0	0	0	0	0	0	0	0	0	0	0	0	0	0	0	0	0	0	0	0	0	0	0	0	0	0	0	0	0	0	0	0	0	0	0	0	0	0	0	0	0	0	0	0	0	0	0	0	0	0	0	0.9	0	0	0	0	0	0	0	0	0	0	0	0	0	0	0	0	0	0	0
"R20"	0	0	0	0	0	0	0	0	0	0	0	0	0	0	0	0	0	0	0	0	0	0	0	0	0	0	0	0	0	0	0	0	0	0	0	0	0	0	0	0	0	0	0	0	0	0	0	0	0	0	0	0	0	0	0	0	0	0	0	0.18	0.18	0.18	0.18	0	0.18	0	0	0	0	0	0	0	0	0	0	0	0	0	0	0	0
"R21"	0	0	0	0	0	0	0	0	0	0	0	0	0	0	0	0	0	0	0	0	0	0	0	0	0	0	0	0	0	0	0	0	0	0	0	0	0	0	0	0	0	0	0	0	0	0	0	0	0	0	0	0	0	0	0	0	0	0	0	0.128571428571429	0.128571428571429	0.128571428571429	0.128571428571429	0.128571428571429	0.128571428571429	0	0	0	0	0	0	0	0	0	0.128571428571429	0	0	0	0	0	0
"R22"	0	0	0	0	0	0	0	0	0	0	0	0	0	0	0	0	0	0	0	0	0	0	0	0	0	0	0	0	0	0	0	0	0	0	0	0	0	0	0	0	0	0	0	0	0	0	0	0	0	0	0	0	0	0	0	0	0	0	0	0	0.45	0.45	0	0	0	0	0	0	0	0	0	0	0	0	0	0	0	0	0	0	0
"R23"	0	0	0	0	0	0	0	0	0	0	0	0	0	0	0	0	0	0	0	0	0	0	0	0	0	0	0	0	0	0	0	0	0	0	0	0	0	0	0	0	0	0	0	0	0	0	0	0	0	0	0	0	0	0	0	0	0	0	0	0	0.45	0	0	0	0.45	0	0	0	0	0	0	0	0	0	0	0	0	0	0	0	0
"R24"	0	0	0	0	0	0	0	0	0	0	0	0	0	0	0	0	0	0	0	0	0	0	0	0	0	0	0	0	0	0	0	0	0	0	0	0	0	0	0	0	0	0	0	0	0	0	0	0	0	0	0	0	0	0	0	0	0	0	0	0.18	0.18	0.18	0.18	0.18	0	0	0	0	0	0	0	0	0	0	0	0	0	0	0	0	0
"R25"	0	0	0	0	0	0	0	0	0	0	0	0	0	0	0	0	0	0	0	0	0	0	0	0	0	0	0	0	0	0	0	0	0	0	0	0	0	0	0	0	0	0	0	0	0	0	0	0	0	0	0	0	0	0	0	0	0	0	0	0.225	0.225	0.225	0	0	0	0	0	0	0	0	0	0	0	0.225	0	0	0	0	0	0	0
"R26"	0	0	0	0	0	0	0	0	0	0	0	0	0	0	0	0	0	0	0	0	0	0	0	0	0	0	0	0	0	0	0	0	0	0	0	0	0	0	0	0	0	0	0	0	0	0	0	0	0	0	0	0	0	0	0	0	0	0	0	0.15	0.15	0.15	0.15	0.15	0.15	0	0	0	0	0	0	0	0	0	0	0	0	0	0	0	0
"R27"	0	0	0	0	0	0	0	0	0	0	0	0	0	0	0	0	0	0	0	0	0	0	0	0	0	0	0	0	0	0	0	0	0	0	0	0	0	0	0	0	0	0	0	0	0	0	0	0	0	0	0	0	0	0	0	0	0	0	0	0.15	0.15	0.15	0.15	0.15	0.15	0	0	0	0	0	0	0	0	0	0	0	0	0	0	0	0
"R28"	0	0	0	0	0	0	0	0	0	0	0	0	0	0	0	0	0	0	0	0	0	0	0	0	0	0	0	0	0	0	0	0	0	0	0	0	0	0	0	0	0	0	0	0	0	0	0	0	0	0	0	0	0	0	0	0	0	0	0	0	0.225	0.225	0	0.225	0.225	0	0	0	0	0	0	0	0	0	0	0	0	0	0	0	0
"R29"	0	0	0	0	0	0	0	0	0	0	0	0	0	0	0	0	0	0	0	0	0	0	0	0	0	0	0	0	0	0	0	0	0	0	0	0	0	0	0	0	0	0	0	0	0	0	0	0	0	0	0	0	0	0	0	0	0	0	0	0.18	0.18	0.18	0	0.18	0.18	0	0	0	0	0	0	0	0	0	0	0	0	0	0	0	0
"R30"	0	0	0	0	0	0	0	0	0	0	0	0	0	0	0	0	0	0	0	0	0	0	0	0	0	0	0	0	0	0	0	0	0	0	0	0	0	0	0	0	0	0	0	0	0	0	0	0	0	0	0	0	0	0	0	0	0	0	0	0	0.18	0.18	0.18	0.18	0.18	0	0	0	0	0	0	0	0	0	0	0	0	0	0	0	0
"R31"	0	0	0	0	0	0	0	0	0	0	0	0	0	0	0	0	0	0	0	0	0	0	0	0	0	0	0	0	0	0	0	0	0	0	0	0	0	0	0	0	0	0	0	0	0	0	0	0	0	0	0	0	0	0	0	0	0	0	0	0	0.15	0.15	0.15	0.15	0.15	0	0	0	0	0	0	0	0	0.15	0	0	0	0	0	0	0
"R32"	0	0	0	0	0	0	0	0	0	0	0	0	0	0	0	0	0	0	0	0	0	0	0	0	0	0	0	0	0	0	0	0	0	0	0	0	0	0	0	0	0	0	0	0	0	0	0	0	0	0	0	0	0	0	0	0	0	0	0	0	0.1125	0.1125	0.1125	0.1125	0.1125	0	0	0.1125	0	0	0	0	0	0.1125	0.1125	0	0	0	0	0	0
"R33"	0	0	0	0	0	0	0	0	0	0	0	0	0	0	0	0	0	0	0	0	0	0	0	0	0	0	0	0	0	0	0	0	0	0	0	0	0	0	0	0	0	0	0	0	0	0	0	0	0	0	0	0	0	0	0	0	0	0	0	0	0.15	0.15	0.15	0.15	0.15	0	0	0	0	0	0	0	0	0.15	0	0	0	0	0	0	0
"R34"	0	0	0	0	0	0	0	0	0	0	0	0	0	0	0	0	0	0	0	0	0	0	0	0	0	0	0	0	0	0	0	0	0	0	0	0	0	0	0	0	0	0	0	0	0	0	0	0	0	0	0	0	0	0	0	0	0	0	0	0.15	0.15	0.15	0.15	0.15	0.15	0	0	0	0	0	0	0	0	0	0	0	0	0	0	0	0
"R35"	0	0	0	0	0	0	0	0	0	0	0	0	0	0	0	0	0	0	0	0	0	0	0	0	0	0	0	0	0	0	0	0	0	0	0	0	0	0	0	0	0	0	0	0	0	0	0	0	0	0	0	0	0	0	0	0	0	0	0	0.18	0.18	0.18	0	0.18	0.18	0	0	0	0	0	0	0	0	0	0	0	0	0	0	0	0
"R36"	0	0	0	0	0	0	0	0	0	0	0	0	0	0	0	0	0	0	0	0	0	0	0	0	0	0	0	0	0	0	0	0	0	0	0	0	0	0	0	0	0	0	0	0	0	0	0	0	0	0	0	0	0	0	0	0	0	0	0	0.128571428571429	0.128571428571429	0.128571428571429	0.128571428571429	0.128571428571429	0.128571428571429	0	0	0	0	0	0	0	0	0.128571428571429	0	0	0	0	0	0	0
"R37"	0	0	0	0	0	0	0	0	0	0	0	0	0	0	0	0	0	0	0	0	0	0	0	0	0	0	0	0	0	0	0	0	0	0	0	0	0	0	0	0	0	0	0	0	0	0	0	0	0	0	0	0	0	0	0	0	0	0	0	0	0.9	0	0	0	0	0	0	0	0	0	0	0	0	0	0	0	0	0	0	0	0
"R38"	0	0	0	0	0	0	0	0	0	0	0	0	0	0	0	0	0	0	0	0	0	0	0	0	0	0	0	0	0	0	0	0	0	0	0	0	0	0	0	0	0	0	0	0	0	0	0	0	0	0	0	0	0	0	0	0	0	0	0	0.3	0.3	0.3	0	0	0	0	0	0	0	0	0	0	0	0	0	0	0	0	0	0	0
"R39"	0	0	0	0	0	0	0	0	0	0	0	0	0	0	0	0	0	0	0	0	0	0	0	0	0	0	0	0	0	0	0	0	0	0	0	0	0	0	0	0	0	0	0	0	0	0	0	0	0	0	0	0	0	0	0	0	0	0	0	0.3	0.3	0.3	0	0	0	0	0	0	0	0	0	0	0	0	0	0	0	0	0	0	0
"R40"	0	0	0	0	0	0	0	0	0	0	0	0	0	0	0	0	0	0	0	0	0	0	0	0	0	0	0	0	0	0	0	0	0	0	0	0	0	0	0	0	0	0	0	0	0	0	0	0	0	0	0	0	0	0	0	0	0	0	0	0	0.225	0.225	0	0.225	0.225	0	0	0	0	0	0	0	0	0	0	0	0	0	0	0	0
"R41"	0	0	0	0	0	0	0	0	0	0	0	0	0	0	0	0	0	0	0	0	0	0	0	0	0	0	0	0	0	0	0	0	0	0	0	0	0	0	0	0	0	0	0	0	0	0	0	0	0	0	0	0	0	0	0	0	0	0	0	0	0.128571428571429	0.128571428571429	0.128571428571429	0.128571428571429	0.128571428571429	0	0	0	0	0	0	0	0	0.128571428571429	0	0	0.128571428571429	0	0	0	0
"R42"	0	0	0	0	0	0	0	0	0	0	0	0	0	0	0	0	0	0	0	0	0	0	0	0	0	0	0	0	0	0	0	0	0	0	0	0	0	0	0	0	0	0	0	0	0	0	0	0	0	0	0	0	0	0	0	0	0	0	0	0.15	0.15	0.15	0	0.15	0.15	0	0	0	0	0	0	0	0	0	0	0.15	0	0	0	0	0
"R43"	0	0	0	0	0	0	0	0	0	0	0	0	0	0	0	0	0	0	0	0	0	0	0	0	0	0	0	0	0	0	0	0	0	0	0	0	0	0	0	0	0	0	0	0	0	0	0	0	0	0	0	0	0	0	0	0	0	0	0	0.3	0.3	0.3	0	0	0	0	0	0	0	0	0	0	0	0	0	0	0	0	0	0	0
"R44"	0	0	0	0	0	0	0	0	0	0	0	0	0	0	0	0	0	0	0	0	0	0	0	0	0	0	0	0	0	0	0	0	0	0	0	0	0	0	0	0	0	0	0	0	0	0	0	0	0	0	0	0	0	0	0	0	0	0	0	0.18	0.18	0.18	0	0.18	0.18	0	0	0	0	0	0	0	0	0	0	0	0	0	0	0	0
"R45"	0	0	0	0	0	0	0	0	0	0	0	0	0	0	0	0	0	0	0	0	0	0	0	0	0	0	0	0	0	0	0	0	0	0	0	0	0	0	0	0	0	0	0	0	0	0	0	0	0	0	0	0	0	0	0	0	0	0	0	0	0.18	0.18	0	0.18	0.18	0	0	0	0	0	0	0	0	0	0	0	0	0	0	0.18	0
"R46"	0	0	0	0	0	0	0	0	0	0	0	0	0	0	0	0	0	0	0	0	0	0	0	0	0	0	0	0	0	0	0	0	0	0	0	0	0	0	0	0	0	0	0	0	0	0	0	0	0	0	0	0	0	0	0	0	0	0	0	0	0	0.18	0.18	0.18	0.18	0	0	0	0	0	0	0	0	0	0	0	0	0	0	0.18	0
"R47"	0	0	0	0	0	0	0	0	0	0	0	0	0	0	0	0	0	0	0	0	0	0	0	0	0	0	0	0	0	0	0	0	0	0	0	0	0	0	0	0	0	0	0	0	0	0	0	0	0	0	0	0	0	0	0	0	0	0	0	0	0.225	0.225	0	0.225	0.225	0	0	0	0	0	0	0	0	0	0	0	0	0	0	0	0
"R48"	0	0	0	0	0	0	0	0	0	0	0	0	0	0	0	0	0	0	0	0	0	0	0	0	0	0	0	0	0	0	0	0	0	0	0	0	0	0	0	0	0	0	0	0	0	0	0	0	0	0	0	0	0	0	0	0	0	0	0	0	0.45	0.45	0	0	0	0	0	0	0	0	0	0	0	0	0	0	0	0	0	0	0
"R49"	0	0	0	0	0	0	0	0	0	0	0	0	0	0	0	0	0	0	0	0	0	0	0	0	0	0	0	0	0	0	0	0	0	0	0	0	0	0	0	0	0	0	0	0	0	0	0	0	0	0	0	0	0	0	0	0	0	0	0	0.225	0.225	0.225	0	0	0	0	0	0	0	0	0	0	0	0	0	0.225	0	0	0	0	0
"R50"	0	0	0	0	0	0	0	0	0	0	0	0	0	0	0	0	0	0	0	0	0	0	0	0	0	0	0	0	0	0	0	0	0	0	0	0	0	0	0	0	0	0	0	0	0	0	0	0	0	0	0	0	0	0	0	0	0	0	0	0	0.128571428571429	0.128571428571429	0.128571428571429	0.128571428571429	0.128571428571429	0	0	0	0	0.128571428571429	0	0	0	0	0	0	0	0	0	0	0.128571428571429
"R51"	0	0	0	0	0	0	0	0	0	0	0	0	0	0	0	0	0	0	0	0	0	0	0	0	0	0	0	0	0	0	0	0	0	0	0	0	0	0	0	0	0	0	0	0	0	0	0	0	0	0	0	0	0	0	0	0	0	0	0	0.18	0.18	0.18	0	0.18	0.18	0	0	0	0	0	0	0	0	0	0	0	0	0	0	0	0
"R52"	0	0	0	0	0	0	0	0	0	0	0	0	0	0	0	0	0	0	0	0	0	0	0	0	0	0	0	0	0	0	0	0	0	0	0	0	0	0	0	0	0	0	0	0	0	0	0	0	0	0	0	0	0	0	0	0	0	0	0	0	0.225	0.225	0	0.225	0.225	0	0	0	0	0	0	0	0	0	0	0	0	0	0	0	0
"R53"	0	0	0	0	0	0	0	0	0	0	0	0	0	0	0	0	0	0	0	0	0	0	0	0	0	0	0	0	0	0	0	0	0	0	0	0	0	0	0	0	0	0	0	0	0	0	0	0	0	0	0	0	0	0	0	0	0	0	0	0.15	0.15	0.15	0	0.15	0.15	0	0	0	0	0	0	0	0	0.15	0	0	0	0	0	0	0
"R54"	0	0	0	0	0	0	0	0	0	0	0	0	0	0	0	0	0	0	0	0	0	0	0	0	0	0	0	0	0	0	0	0	0	0	0	0	0	0	0	0	0	0	0	0	0	0	0	0	0	0	0	0	0	0	0	0	0	0	0	0.1125	0.1125	0.1125	0.1125	0.1125	0.1125	0	0	0	0	0	0	0	0	0.1125	0	0	0.1125	0	0	0	0
"R55"	0	0	0	0	0	0	0	0	0	0	0	0	0	0	0	0	0	0	0	0	0	0	0	0	0	0	0	0	0	0	0	0	0	0	0	0	0	0	0	0	0	0	0	0	0	0	0	0	0	0	0	0	0	0	0	0	0	0	0	0	0.128571428571429	0.128571428571429	0.128571428571429	0.128571428571429	0.128571428571429	0	0	0	0	0	0	0	0	0.128571428571429	0	0	0.128571428571429	0	0	0	0
"R56"	0	0	0	0	0	0	0	0	0	0	0	0	0	0	0	0	0	0	0	0	0	0	0	0	0	0	0	0	0	0	0	0	0	0	0	0	0	0	0	0	0	0	0	0	0	0	0	0	0	0	0	0	0	0	0	0	0	0	0	0	0	0	0.15	0.15	0.15	0.15	0	0	0.15	0	0	0	0	0	0	0.15	0	0	0	0	0
"R57"	0	0	0	0	0	0	0	0	0	0	0	0	0	0	0	0	0	0	0	0	0	0	0	0	0	0	0	0	0	0	0	0	0	0	0	0	0	0	0	0	0	0	0	0	0	0	0	0	0	0	0	0	0	0	0	0	0	0	0	0.15	0.15	0.15	0.15	0.15	0.15	0	0	0	0	0	0	0	0	0	0	0	0	0	0	0	0
"R58"	0	0	0	0	0	0	0	0	0	0	0	0	0	0	0	0	0	0	0	0	0	0	0	0	0	0	0	0	0	0	0	0	0	0	0	0	0	0	0	0	0	0	0	0	0	0	0	0	0	0	0	0	0	0	0	0	0	0	0	0.18	0.18	0.18	0	0.18	0.18	0	0	0	0	0	0	0	0	0	0	0	0	0	0	0	0
"R59"	0	0	0	0	0	0	0	0	0	0	0	0	0	0	0	0	0	0	0	0	0	0	0	0	0	0	0	0	0	0	0	0	0	0	0	0	0	0	0	0	0	0	0	0	0	0	0	0	0	0	0	0	0	0	0	0	0	0	0	0.1	0.1	0.1	0.1	0.1	0.1	0	0	0	0	0.1	0	0	0	0	0	0	0.1	0	0	0	0.1
"C1"	0.0290322580645161	0.0290322580645161	0	0	0.0290322580645161	0.0290322580645161	0	0	0	0	0	0.0290322580645161	0.0290322580645161	0.0290322580645161	0	0	0.0290322580645161	0.0290322580645161	0	0.0290322580645161	0.0290322580645161	0	0	0.0290322580645161	0.0290322580645161	0.0290322580645161	0.0290322580645161	0	0.0290322580645161	0	0	0	0	0.0290322580645161	0.0290322580645161	0.0290322580645161	0	0.0290322580645161	0.0290322580645161	0	0	0.0290322580645161	0.0290322580645161	0.0290322580645161	0	0	0	0	0.0290322580645161	0	0.0290322580645161	0	0.0290322580645161	0.0290322580645161	0	0	0.0290322580645161	0.0290322580645161	0.0290322580645161	0	0	0	0	0	0	0	0	0	0	0	0	0	0	0	0	0	0	0	0	0	0
"C2"	0.0160714285714286	0.0160714285714286	0.0160714285714286	0.0160714285714286	0.0160714285714286	0.0160714285714286	0.0160714285714286	0.0160714285714286	0.0160714285714286	0.0160714285714286	0.0160714285714286	0.0160714285714286	0.0160714285714286	0.0160714285714286	0.0160714285714286	0.0160714285714286	0.0160714285714286	0.0160714285714286	0	0.0160714285714286	0.0160714285714286	0.0160714285714286	0.0160714285714286	0.0160714285714286	0.0160714285714286	0.0160714285714286	0.0160714285714286	0.0160714285714286	0.0160714285714286	0.0160714285714286	0.0160714285714286	0.0160714285714286	0.0160714285714286	0.0160714285714286	0.0160714285714286	0.0160714285714286	0.0160714285714286	0.0160714285714286	0.0160714285714286	0.0160714285714286	0.0160714285714286	0.0160714285714286	0.0160714285714286	0.0160714285714286	0.0160714285714286	0	0.0160714285714286	0.0160714285714286	0.0160714285714286	0.0160714285714286	0.0160714285714286	0.0160714285714286	0.0160714285714286	0.0160714285714286	0.0160714285714286	0	0.0160714285714286	0.0160714285714286	0.0160714285714286	0	0	0	0	0	0	0	0	0	0	0	0	0	0	0	0	0	0	0	0	0	0
"C3"	0.0160714285714286	0.0160714285714286	0.0160714285714286	0.0160714285714286	0.0160714285714286	0.0160714285714286	0.0160714285714286	0.0160714285714286	0.0160714285714286	0.0160714285714286	0.0160714285714286	0.0160714285714286	0.0160714285714286	0.0160714285714286	0.0160714285714286	0.0160714285714286	0.0160714285714286	0.0160714285714286	0.0160714285714286	0.0160714285714286	0.0160714285714286	0.0160714285714286	0	0.0160714285714286	0.0160714285714286	0.0160714285714286	0.0160714285714286	0.0160714285714286	0.0160714285714286	0.0160714285714286	0.0160714285714286	0.0160714285714286	0.0160714285714286	0.0160714285714286	0.0160714285714286	0.0160714285714286	0	0.0160714285714286	0.0160714285714286	0.0160714285714286	0.0160714285714286	0.0160714285714286	0.0160714285714286	0.0160714285714286	0.0160714285714286	0.0160714285714286	0.0160714285714286	0.0160714285714286	0.0160714285714286	0.0160714285714286	0.0160714285714286	0.0160714285714286	0.0160714285714286	0.0160714285714286	0.0160714285714286	0	0.0160714285714286	0.0160714285714286	0.0160714285714286	0	0	0	0	0	0	0	0	0	0	0	0	0	0	0	0	0	0	0	0	0	0
"C4"	0	0	0	0	0	0	0	0	0	0.036	0	0	0.036	0.036	0	0.036	0.036	0.036	0	0.036	0.036	0	0	0.036	0	0.036	0.036	0	0	0.036	0.036	0.036	0.036	0.036	0	0.036	0	0	0	0	0.036	0	0	0	0	0.036	0	0	0	0.036	0	0	0	0.036	0.036	0.036	0.036	0	0.036	0	0	0	0	0	0	0	0	0	0	0	0	0	0	0	0	0	0	0	0	0	0
"C5"	0.0195652173913043	0.0195652173913043	0.0195652173913043	0	0.0195652173913043	0.0195652173913043	0.0195652173913043	0.0195652173913043	0.0195652173913043	0.0195652173913043	0.0195652173913043	0.0195652173913043	0.0195652173913043	0.0195652173913043	0	0.0195652173913043	0.0195652173913043	0.0195652173913043	0	0	0.0195652173913043	0	0	0.0195652173913043	0	0.0195652173913043	0.0195652173913043	0.0195652173913043	0.0195652173913043	0.0195652173913043	0.0195652173913043	0.0195652173913043	0.0195652173913043	0.0195652173913043	0.0195652173913043	0.0195652173913043	0	0	0	0.0195652173913043	0.0195652173913043	0.0195652173913043	0	0.0195652173913043	0.0195652173913043	0.0195652173913043	0.0195652173913043	0	0	0.0195652173913043	0.0195652173913043	0.0195652173913043	0.0195652173913043	0.0195652173913043	0.0195652173913043	0.0195652173913043	0.0195652173913043	0.0195652173913043	0.0195652173913043	0	0	0	0	0	0	0	0	0	0	0	0	0	0	0	0	0	0	0	0	0	0
"C6"	0.0191489361702128	0.0191489361702128	0.0191489361702128	0.0191489361702128	0	0.0191489361702128	0.0191489361702128	0.0191489361702128	0.0191489361702128	0.0191489361702128	0.0191489361702128	0.0191489361702128	0.0191489361702128	0.0191489361702128	0	0.0191489361702128	0.0191489361702128	0.0191489361702128	0	0.0191489361702128	0.0191489361702128	0	0.0191489361702128	0	0	0.0191489361702128	0.0191489361702128	0.0191489361702128	0.0191489361702128	0.0191489361702128	0.0191489361702128	0.0191489361702128	0.0191489361702128	0.0191489361702128	0.0191489361702128	0.0191489361702128	0	0	0	0.0191489361702128	0.0191489361702128	0.0191489361702128	0	0.0191489361702128	0.0191489361702128	0.0191489361702128	0.0191489361702128	0	0	0.0191489361702128	0.0191489361702128	0.0191489361702128	0.0191489361702128	0.0191489361702128	0.0191489361702128	0.0191489361702128	0.0191489361702128	0.0191489361702128	0.0191489361702128	0	0	0	0	0	0	0	0	0	0	0	0	0	0	0	0	0	0	0	0	0	0
"C7"	0	0	0	0	0	0	0	0.45	0	0	0	0	0	0	0	0	0	0	0	0	0	0	0	0	0	0	0	0	0	0	0	0	0	0	0	0	0	0	0	0	0	0	0	0	0	0	0	0	0	0	0	0	0	0	0	0.45	0	0	0	0	0	0	0	0	0	0	0	0	0	0	0	0	0	0	0	0	0	0	0	0	0
"C8"	0	0	0	0	0	0	0	0	0	0	0	0.9	0	0	0	0	0	0	0	0	0	0	0	0	0	0	0	0	0	0	0	0	0	0	0	0	0	0	0	0	0	0	0	0	0	0	0	0	0	0	0	0	0	0	0	0	0	0	0	0	0	0	0	0	0	0	0	0	0	0	0	0	0	0	0	0	0	0	0	0	0
"C9"	0	0	0	0	0	0	0	0	0	0	0	0	0	0	0	0	0	0	0	0	0	0	0	0	0	0	0	0	0	0	0	0.9	0	0	0	0	0	0	0	0	0	0	0	0	0	0	0	0	0	0	0	0	0	0	0	0	0	0	0	0	0	0	0	0	0	0	0	0	0	0	0	0	0	0	0	0	0	0	0	0	0
"C10"	0	0	0	0	0	0	0	0.45	0	0	0	0	0	0	0	0	0	0	0	0	0	0	0	0	0	0	0	0	0	0	0	0	0	0	0	0	0	0	0	0	0	0	0	0	0	0	0	0	0	0	0	0	0	0	0	0.45	0	0	0	0	0	0	0	0	0	0	0	0	0	0	0	0	0	0	0	0	0	0	0	0	0
"C11"	0	0	0	0	0	0	0	0	0	0	0	0	0	0	0	0	0	0	0	0	0	0	0	0	0	0	0	0	0	0	0	0	0	0	0	0	0	0	0	0	0	0	0	0	0	0	0	0	0	0.45	0	0	0	0	0	0	0	0	0.45	0	0	0	0	0	0	0	0	0	0	0	0	0	0	0	0	0	0	0	0	0	0
"C12"	0	0	0	0	0	0.3	0.3	0	0.3	0	0	0	0	0	0	0	0	0	0	0	0	0	0	0	0	0	0	0	0	0	0	0	0	0	0	0	0	0	0	0	0	0	0	0	0	0	0	0	0	0	0	0	0	0	0	0	0	0	0	0	0	0	0	0	0	0	0	0	0	0	0	0	0	0	0	0	0	0	0	0	0
"C13"	0	0	0	0	0	0.3	0.3	0	0.3	0	0	0	0	0	0	0	0	0	0	0	0	0	0	0	0	0	0	0	0	0	0	0	0	0	0	0	0	0	0	0	0	0	0	0	0	0	0	0	0	0	0	0	0	0	0	0	0	0	0	0	0	0	0	0	0	0	0	0	0	0	0	0	0	0	0	0	0	0	0	0	0
"C14"	0	0	0	0	0	0.3	0.3	0	0.3	0	0	0	0	0	0	0	0	0	0	0	0	0	0	0	0	0	0	0	0	0	0	0	0	0	0	0	0	0	0	0	0	0	0	0	0	0	0	0	0	0	0	0	0	0	0	0	0	0	0	0	0	0	0	0	0	0	0	0	0	0	0	0	0	0	0	0	0	0	0	0	0
"C15"	0	0	0	0	0	0	0	0	0	0	0.075	0	0.075	0	0	0	0.075	0	0	0	0	0	0	0	0.075	0	0	0	0	0	0.075	0.075	0.075	0	0	0.075	0	0	0	0	0.075	0	0	0	0	0	0	0	0	0	0	0	0.075	0.075	0.075	0	0	0	0	0	0	0	0	0	0	0	0	0	0	0	0	0	0	0	0	0	0	0	0	0	0
"C16"	0	0	0	0	0	0	0	0	0	0	0	0	0	0.225	0	0.225	0	0	0	0	0.225	0	0	0	0	0	0	0	0	0	0	0.225	0	0	0	0	0	0	0	0	0	0	0	0	0	0	0	0	0	0	0	0	0	0	0	0	0	0	0	0	0	0	0	0	0	0	0	0	0	0	0	0	0	0	0	0	0	0	0	0	0
"C17"	0	0	0.0692307692307692	0.0692307692307692	0.0692307692307692	0.0692307692307692	0.0692307692307692	0.0692307692307692	0.0692307692307692	0.0692307692307692	0.0692307692307692	0.0692307692307692	0	0	0	0	0	0	0	0	0	0	0	0	0	0	0	0	0	0	0	0	0	0	0	0	0	0	0	0	0	0.0692307692307692	0	0	0	0	0	0	0.0692307692307692	0	0	0	0	0	0	0.0692307692307692	0	0	0	0	0	0	0	0	0	0	0	0	0	0	0	0	0	0	0	0	0	0	0	0	0
"C18"	0	0	0	0	0	0	0	0	0	0	0	0	0.18	0	0	0	0	0	0	0	0	0	0	0	0	0	0	0	0	0	0	0	0	0	0	0	0	0	0	0	0.18	0	0	0	0	0	0	0	0	0	0	0	0	0.18	0.18	0	0	0	0.18	0	0	0	0	0	0	0	0	0	0	0	0	0	0	0	0	0	0	0	0	0	0
"C19"	0	0.9	0	0	0	0	0	0	0	0	0	0	0	0	0	0	0	0	0	0	0	0	0	0	0	0	0	0	0	0	0	0	0	0	0	0	0	0	0	0	0	0	0	0	0	0	0	0	0	0	0	0	0	0	0	0	0	0	0	0	0	0	0	0	0	0	0	0	0	0	0	0	0	0	0	0	0	0	0	0	0
"C20"	0	0	0.9	0	0	0	0	0	0	0	0	0	0	0	0	0	0	0	0	0	0	0	0	0	0	0	0	0	0	0	0	0	0	0	0	0	0	0	0	0	0	0	0	0	0	0	0	0	0	0	0	0	0	0	0	0	0	0	0	0	0	0	0	0	0	0	0	0	0	0	0	0	0	0	0	0	0	0	0	0	0
"C21"	0	0	0	0	0	0	0	0	0	0	0	0	0	0	0	0	0	0	0	0	0	0	0	0	0	0	0	0	0	0	0	0	0	0	0	0	0	0	0	0	0	0	0	0	0.45	0.45	0	0	0	0	0	0	0	0	0	0	0	0	0	0	0	0	0	0	0	0	0	0	0	0	0	0	0	0	0	0	0	0	0	0	0
"C22"	0	0	0	0	0	0	0	0	0	0	0	0	0	0	0	0	0	0	0	0	0	0	0	0	0	0	0	0	0	0	0	0	0	0	0	0	0	0	0	0	0	0	0	0	0	0	0	0	0	0.45	0	0	0	0	0	0	0	0	0.45	0	0	0	0	0	0	0	0	0	0	0	0	0	0	0	0	0	0	0	0	0	0
