"Clethrionomys_glareolus"	"Sorex_araneus"	"Apodemus_flavicollis"	"Microtus_arvalis"	"Apodemus_uralensis"	"Spermophilus_pygmaeus"	"Talpa_europaea"	"Spermophilus_major"	"Sorex_minutus"	"Arvicola_terrestris"	"Sicista_betulina"	"Apodemus_agrarius"	"Clethrionomys_rutilus"	"Sciurus_vulgaris"	"Microtus_agrestis"	"Neomys_fodiens"	"Microtus_oeconomus"	"Allactaga_major"	"Tamias_sibiricus"	"Marmota_bobak"	"Dryomys_nitedula"	"Allocricetulus_eversmanni"	"Cricetulus_migratorius"	"Cricetus_cricetus"	"Sicista_subtilis"	"Spermophilus_suslicus"	"Myoxus_glis"	"Stenoponia_suknevi"	"Rostropsylla_daca"	"Rhadinopsylla_li"	"Xenopsylla_nubica"	"Wagnerina_tuvensis"	"Stenoponia_vlasovi"	"Tarsopsylla_octodecimdentata"	"Wagnerina_schelkovnikovi"	"Stenoponia_tripectinata"	"Xenopsylla_hirtipes"	"Rhadinopsylla_socia"	"Xenopsylla_skrjabini"	"Xenopsylla_cheopis"	"Rhadinopsylla_pentacantha"	"Xenopsylla_nuttalli"	"Xenopsylla_persica"	"Xenopsylla_conformis"	"Xenopsylla_magdalinae"	"Wagnerina_longicauda"	"Peromyscopsylla_tikhomirovae"	"Stenoponia_montana"	"Rhadinopsylla_rothschildi"	"Stenoponia_conspecta"	"Frontopsylla_semura"	"Stenoponia_ivanovi"	"Stenoponia_sidimi"	"Echidnophaga_oschanini"	"Rhadinopsylla_pseudodahurica"	"Xenopsylla_gerbilli"	"Rhadinopsylla_ucrainica"	"Megabothris_asio"	"Megabothris_calcarifer"	"Synosternus_longispinus"	"Amphipsylla_georgica"	"Neopsylla_mana"
"Clethrionomys_glareolus"	0	0	0	0	0	0	0	0	0	0	0	0	0	0	0	0	0	0	0	0	0	0	0	0	0	0	0	0.368232941764559	0.109378905273682	0.19170832291927	0.0170957260684829	0.0805861034741315	0.00753561609597601	0.0195701074731317	0.0325043739065234	0.0134403899025244	0	0	0.0212571857035741	0.00118095476130967	0.00275556110972257	0.015071232191952	0.0138340414896276	0	0.000168707823044239	0.00348662834291427	0	0	0.000449887528117971	0	0	0.000168707823044239	0	0.000674831292176956	0	0.000112471882029493	0.000112471882029493	0.000224943764058985	0.000449887528117971	0	0	0
"Sorex_araneus"	0	0	0	0	0	0	0	0	0	0	0	0	0	0	0	0	0	0	0	0	0	0	0	0	0	0	0	0.0353215767634855	0.0214730290456432	0.00731327800829876	0.434595435684647	0.00980290456431535	0.285217842323651	0.0885373443983403	0.00202282157676349	0.00342323651452282	0	0	0.00155601659751037	0.000311203319502075	0.00140041493775934	0.00311203319502075	0.0024896265560166	0	0.000311203319502075	0.000466804979253112	0	0	0	0.000933609958506224	0	0.000622406639004149	0	0	0	0.000466804979253112	0.000622406639004149	0	0	0	0	0
"Apodemus_flavicollis"	0	0	0	0	0	0	0	0	0	0	0	0	0	0	0	0	0	0	0	0	0	0	0	0	0	0	0	0.201544401544402	0.42046332046332	0.0277992277992278	0.00799227799227799	0.164362934362934	0	0.017027027027027	0.00764478764478765	0.0135521235521236	0	0	0.0072972972972973	0	0.00208494208494208	0.00486486486486487	0.00173745173745174	0	0	0.0145945945945946	0	0	0.00416988416988417	0.00312741312741313	0	0	0	0.00173745173745174	0	0	0	0	0	0	0	0
"Microtus_arvalis"	0	0	0	0	0	0	0	0	0	0	0	0	0	0	0	0	0	0	0	0	0	0	0	0	0	0	0	0.218805590851334	0.167344345616264	0.0667090216010165	0.020584498094028	0.0754764930114358	0.00304955527318933	0.0587039390088945	0.0346886912325286	0.0762388818297332	0	0	0.00571791613722999	0.00533672172808132	0.118551461245235	0.00876747141041931	0.020584498094028	0	0	0.001143583227446	0	0	0.00914866581956798	0.00609911054637865	0	0	0	0.00190597204574333	0	0	0	0.001143583227446	0	0	0	0
"Apodemus_uralensis"	0	0	0	0	0	0	0	0	0	0	0	0	0	0	0	0	0	0	0	0	0	0	0	0	0	0	0	0.212473572938689	0.312684989429175	0.0437632135306554	0.0247357293868922	0.180126849894292	0.00697674418604651	0.0145877378435518	0.0101479915433404	0.0272727272727273	0	0	0.00697674418604651	0.0025369978858351	0	0.00317124735729387	0.00190274841437632	0	0	0.0241014799154334	0	0	0.0101479915433404	0.0101479915433404	0	0	0	0	0	0.00507399577167019	0	0.00190274841437632	0	0.00126849894291755	0	0
"Spermophilus_pygmaeus"	0	0	0	0	0	0	0	0	0	0	0	0	0	0	0	0	0	0	0	0	0	0	0	0	0	0	0	0	0	0	0	0	0	0	0	0	0.17027027027027	0.402702702702703	0	0	0	0	0	0.216216216216216	0	0	0	0.0918918918918919	0	0	0	0	0.0189189189189189	0	0	0	0	0	0	0	0	0
"Talpa_europaea"	0	0	0	0	0	0	0	0	0	0	0	0	0	0	0	0	0	0	0	0	0	0	0	0	0	0	0	0.0906398104265403	0.232464454976303	0.0042654028436019	0.0309241706161137	0.00319905213270142	0.0287914691943128	0.0757109004739336	0.00319905213270142	0.0575829383886256	0	0	0.0042654028436019	0	0	0	0	0	0.285781990521327	0	0	0	0	0.0469194312796209	0	0.0362559241706161	0	0	0	0	0	0	0	0	0	0
"Spermophilus_major"	0	0	0	0	0	0	0	0	0	0	0	0	0	0	0	0	0	0	0	0	0	0	0	0	0	0	0	0	0	0	0	0	0	0	0	0	0.636185133239832	0.171669004207574	0	0	0	0	0	0.0555399719495091	0	0	0	0.0290322580645161	0	0	0	0	0.00504908835904628	0	0	0.00252454417952314	0	0	0	0	0	0
"Sorex_minutus"	0	0	0	0	0	0	0	0	0	0	0	0	0	0	0	0	0	0	0	0	0	0	0	0	0	0	0	0.0315789473684211	0.0131578947368421	0.00526315789473684	0.531578947368421	0.00789473684210526	0.267105263157895	0.0328947368421053	0.00263157894736842	0.00526315789473684	0	0	0	0	0	0	0.00263157894736842	0	0	0	0	0	0	0	0	0	0	0	0	0	0	0	0	0	0	0
"Arvicola_terrestris"	0	0	0	0	0	0	0	0	0	0	0	0	0	0	0	0	0	0	0	0	0	0	0	0	0	0	0	0.0186115214180207	0.0651403249630724	0.0265878877400295	0	0.0106351550960118	0	0.0159527326440177	0.00531757754800591	0.0957163958641064	0	0	0	0.519793205317578	0.0505169867060561	0.086410635155096	0.00531757754800591	0	0	0	0	0	0	0	0	0	0	0	0	0	0	0	0	0	0	0
"Sicista_betulina"	0	0	0	0	0	0	0	0	0	0	0	0	0	0	0	0	0	0	0	0	0	0	0	0	0	0	0	0.3	0.175471698113208	0.0254716981132075	0.0735849056603774	0.138679245283019	0.0509433962264151	0.0509433962264151	0.0509433962264151	0.019811320754717	0	0	0	0	0	0	0.00849056603773585	0	0	0	0	0	0	0.00566037735849057	0	0	0	0	0	0	0	0	0	0	0	0
"Apodemus_agrarius"	0	0	0	0	0	0	0	0	0	0	0	0	0	0	0	0	0	0	0	0	0	0	0	0	0	0	0	0.130705394190871	0.115767634854772	0.0224066390041494	0	0.104564315352697	0	0.0336099585062241	0	0.100829875518672	0	0	0	0	0.0186721991701245	0.0522821576763485	0	0	0	0.313692946058091	0	0	0	0	0	0	0	0.00746887966804979	0	0	0	0	0	0	0	0
"Clethrionomys_rutilus"	0	0	0	0	0	0	0	0	0	0	0	0	0	0	0	0	0	0	0	0	0	0	0	0	0	0	0	0.310084033613445	0.0983193277310924	0.185294117647059	0.00756302521008403	0.0794117647058824	0.0189075630252101	0.0567226890756303	0.0264705882352941	0.00756302521008403	0	0	0.0378151260504202	0	0	0.0226890756302521	0.0491596638655462	0	0	0	0	0	0	0	0	0	0	0	0	0	0	0	0	0	0	0
"Sciurus_vulgaris"	0	0	0	0	0	0	0	0	0	0	0	0	0	0	0	0	0	0	0	0	0	0	0	0	0	0	0	0	0	0	0	0	0	0	0	0	0	0	0	0	0	0	0	0	0	0	0.833522727272727	0	0.0664772727272727	0	0	0	0	0	0	0	0	0	0	0	0	0
"Microtus_agrestis"	0	0	0	0	0	0	0	0	0	0	0	0	0	0	0	0	0	0	0	0	0	0	0	0	0	0	0	0.238064516129032	0.16258064516129	0.0580645161290323	0.0290322580645161	0.104516129032258	0.0174193548387097	0.052258064516129	0.0870967741935484	0	0	0	0	0	0.0290322580645161	0.0116129032258065	0.110322580645161	0	0	0	0	0	0	0	0	0	0	0	0	0	0	0	0	0	0	0
"Neomys_fodiens"	0	0	0	0	0	0	0	0	0	0	0	0	0	0	0	0	0	0	0	0	0	0	0	0	0	0	0	0	0.0126760563380282	0	0.532394366197183	0	0.17112676056338	0.076056338028169	0	0.0253521126760563	0	0	0	0	0	0	0	0	0	0	0	0	0	0.0443661971830986	0	0	0	0	0	0	0.0380281690140845	0	0	0	0	0
"Microtus_oeconomus"	0	0	0	0	0	0	0	0	0	0	0	0	0	0	0	0	0	0	0	0	0	0	0	0	0	0	0	0.18	0.0529411764705882	0	0.0317647058823529	0.116470588235294	0	0.0635294117647059	0.0423529411764706	0.190588235294118	0	0	0	0.0211764705882353	0.127058823529412	0	0.0741176470588235	0	0	0	0	0	0	0	0	0	0	0	0	0	0	0	0	0	0	0
"Allactaga_major"	0	0	0	0	0	0	0	0	0	0	0	0	0	0	0	0	0	0	0	0	0	0	0	0	0	0	0	0	0	0	0	0	0	0	0	0	0	0	0	0	0	0	0	0	0	0	0	0	0	0	0.9	0	0	0	0	0	0	0	0	0	0	0
"Tamias_sibiricus"	0	0	0	0	0	0	0	0	0	0	0	0	0	0	0	0	0	0	0	0	0	0	0	0	0	0	0	0	0	0	0	0	0	0	0	0.109090909090909	0	0	0	0	0	0	0	0	0	0	0	0	0.136363636363636	0	0	0	0	0	0.654545454545455	0	0	0	0	0	0	0
"Marmota_bobak"	0	0	0	0	0	0	0	0	0	0	0	0	0	0	0	0	0	0	0	0	0	0	0	0	0	0	0	0	0	0	0	0	0	0	0	0	0.84375	0	0	0	0	0	0	0	0	0	0	0	0	0	0	0	0	0	0	0	0	0	0	0	0	0.05625
"Dryomys_nitedula"	0	0	0	0	0	0	0	0	0	0	0	0	0	0	0	0	0	0	0	0	0	0	0	0	0	0	0	0	0	0	0	0	0	0	0	0	0	0	0	0	0	0	0	0	0	0	0	0	0.9	0	0	0	0	0	0	0	0	0	0	0	0	0
"Allocricetulus_eversmanni"	0	0	0	0	0	0	0	0	0	0	0	0	0	0	0	0	0	0	0	0	0	0	0	0	0	0	0	0	0	0	0	0.138461538461538	0	0	0	0.207692307692308	0	0	0	0	0	0	0	0	0	0	0	0	0	0	0	0	0.415384615384615	0	0	0.138461538461538	0	0	0	0	0	0
"Cricetulus_migratorius"	0	0	0	0	0	0	0	0	0	0	0	0	0	0	0	0	0	0	0	0	0	0	0	0	0	0	0	0	0	0	0	0.163636363636364	0	0	0	0.572727272727273	0	0	0	0	0	0	0	0	0	0	0	0	0	0	0	0	0	0	0	0	0	0	0	0	0.163636363636364	0
"Cricetus_cricetus"	0	0	0	0	0	0	0	0	0	0	0	0	0	0	0	0	0	0	0	0	0	0	0	0	0	0	0	0	0	0	0	0	0	0	0	0	0	0	0	0.4	0	0	0	0	0	0	0	0	0	0	0	0	0	0	0	0.5	0	0	0	0	0	0
"Sicista_subtilis"	0	0	0	0	0	0	0	0	0	0	0	0	0	0	0	0	0	0	0	0	0	0	0	0	0	0	0	0	0	0	0	0	0	0	0	0.6	0	0	0	0	0	0	0	0	0	0	0	0	0	0.3	0	0	0	0	0	0	0	0	0	0	0	0
"Spermophilus_suslicus"	0	0	0	0	0	0	0	0	0	0	0	0	0	0	0	0	0	0	0	0	0	0	0	0	0	0	0	0	0	0	0	0	0	0	0	0	0	0	0	0	0.45	0	0	0	0	0	0	0	0	0	0	0	0	0	0	0	0	0	0	0.45	0	0
"Myoxus_glis"	0	0	0	0	0	0	0	0	0	0	0	0	0	0	0	0	0	0	0	0	0	0	0	0	0	0	0	0	0	0	0	0	0	0	0	0	0	0	0	0	0	0	0	0	0	0	0	0	0.9	0	0	0	0	0	0	0	0	0	0	0	0	0
"Stenoponia_suknevi"	0.679880018458699	0.0235694508537148	0.0602215043839409	0.0595985233041071	0.0347831102907245	0	0.00882556529764652	0	0.00249192431933549	0.00145362251961237	0.0110059990770651	0.00363405629903092	0.00851407475772958	0	0.00425703737886479	0	0.0017651130595293	0	0	0	0	0	0	0	0	0	0	0	0	0	0	0	0	0	0	0	0	0	0	0	0	0	0	0	0	0	0	0	0	0	0	0	0	0	0	0	0	0	0	0	0	0
"Rostropsylla_daca"	0.375966494845361	0.0266752577319588	0.23389175257732	0.0848582474226804	0.0952963917525773	0	0.042139175257732	0	0.00193298969072165	0.00947164948453608	0.0119845360824742	0.00599226804123711	0.00502577319587629	0	0.00541237113402062	0.00038659793814433	0.000966494845360825	0	0	0	0	0	0	0	0	0	0	0	0	0	0	0	0	0	0	0	0	0	0	0	0	0	0	0	0	0	0	0	0	0	0	0	0	0	0	0	0	0	0	0	0	0
"Rhadinopsylla_li"	0.790340030911901	0.0108964451313756	0.0185471406491499	0.0405718701700155	0.0159969088098918	0	0.000927357032457496	0	0.000927357032457496	0.00463678516228748	0.00208655332302937	0.00139103554868624	0.0113601236476043	0	0.00231839258114374	0	0	0	0	0	0	0	0	0	0	0	0	0	0	0	0	0	0	0	0	0	0	0	0	0	0	0	0	0	0	0	0	0	0	0	0	0	0	0	0	0	0	0	0	0	0	0
"Xenopsylla_nubica"	0.0726500265533723	0.667472118959108	0.00549654806160382	0.0129049389272438	0.00932023366967605	0	0.00693043016463091	0	0.0965480616038237	0	0.00621348911311737	0	0.000477960701009028	0	0.00119490175252257	0.0200743494423792	0.000716941051513542	0	0	0	0	0	0	0	0	0	0	0	0	0	0	0	0	0	0	0	0	0	0	0	0	0	0	0	0	0	0	0	0	0	0	0	0	0	0	0	0	0	0	0	0	0
"Wagnerina_tuvensis"	0.496229318968834	0.021816083108888	0.163793766833397	0.0685648326279338	0.0983455175067334	0	0.00103886110042324	0	0.00207772220084648	0.00277029626779531	0.0169680646402462	0.00969603693728357	0.00727202770296268	0	0.00623316660253944	0	0.00380915736821855	0	0	0	0	0.000692574066948827	0.000692574066948827	0	0	0	0	0	0	0	0	0	0	0	0	0	0	0	0	0	0	0	0	0	0	0	0	0	0	0	0	0	0	0	0	0	0	0	0	0	0	0
"Stenoponia_vlasovi"	0.0531511679153812	0.727060379021595	0	0.00317320405464963	0.00436315557514323	0	0.0107095636844425	0	0.0805200528867343	0	0.00713970912296166	0	0.00198325253415602	0	0.00118995152049361	0.0107095636844425	0	0	0	0	0	0	0	0	0	0	0	0	0	0	0	0	0	0	0	0	0	0	0	0	0	0	0	0	0	0	0	0	0	0	0	0	0	0	0	0	0	0	0	0	0	0
"Tarsopsylla_octodecimdentata"	0.237272727272727	0.387954545454545	0.0334090909090909	0.105	0.0156818181818182	0	0.0484090909090909	0	0.0170454545454545	0.00818181818181818	0.0122727272727273	0.00613636363636364	0.0102272727272727	0	0.00613636363636364	0.00818181818181818	0.00409090909090909	0	0	0	0	0	0	0	0	0	0	0	0	0	0	0	0	0	0	0	0	0	0	0	0	0	0	0	0	0	0	0	0	0	0	0	0	0	0	0	0	0	0	0	0	0
"Wagnerina_schelkovnikovi"	0.672962483829237	0.0151358344113842	0.025614489003881	0.10595084087969	0.0186287192755498	0	0.00349288486416559	0	0.00232858990944373	0.00465717981888745	0.0209573091849935	0	0.00815006468305304	0	0.0174644243208279	0	0.00465717981888745	0	0	0	0	0	0	0	0	0	0	0	0	0	0	0	0	0	0	0	0	0	0	0	0	0	0	0	0	0	0	0	0	0	0	0	0	0	0	0	0	0	0	0	0	0
"Stenoponia_tripectinata"	0.287182910547397	0.0264352469959947	0.0468624833110814	0.240320427236315	0.0516688918558077	0	0.0648865153538051	0	0.0048064085447263	0.0865153538050734	0.00841121495327103	0.0324432576769025	0.00240320427236315	0	0	0.0048064085447263	0.0216288384512684	0	0.0048064085447263	0	0	0.00360480640854473	0.00841121495327103	0	0.0048064085447263	0	0	0	0	0	0	0	0	0	0	0	0	0	0	0	0	0	0	0	0	0	0	0	0	0	0	0	0	0	0	0	0	0	0	0	0	0
"Xenopsylla_hirtipes"	0	0	0	0	0	0.235269709543568	0	0.627385892116183	0	0	0	0	0	0	0	0	0	0	0	0.037344398340249	0	0	0	0	0	0	0	0	0	0	0	0	0	0	0	0	0	0	0	0	0	0	0	0	0	0	0	0	0	0	0	0	0	0	0	0	0	0	0	0	0	0
"Rhadinopsylla_socia"	0	0	0	0	0	0.690051457975986	0	0.209948542024014	0	0	0	0	0	0	0	0	0	0	0	0	0	0	0	0	0	0	0	0	0	0	0	0	0	0	0	0	0	0	0	0	0	0	0	0	0	0	0	0	0	0	0	0	0	0	0	0	0	0	0	0	0	0
"Xenopsylla_skrjabini"	0.757683741648107	0.0200445434298441	0.0420935412026726	0.0300668151447662	0.0220489977728285	0	0.00801781737193764	0	0	0	0	0	0.0200445434298441	0	0	0	0	0	0	0	0	0	0	0	0	0	0	0	0	0	0	0	0	0	0	0	0	0	0	0	0	0	0	0	0	0	0	0	0	0	0	0	0	0	0	0	0	0	0	0	0	0
"Xenopsylla_cheopis"	0.0431506849315068	0.00410958904109589	0	0.0287671232876712	0.00821917808219178	0	0	0	0	0.803424657534247	0	0	0	0	0	0	0.00410958904109589	0	0	0	0	0	0	0.00821917808219178	0	0	0	0	0	0	0	0	0	0	0	0	0	0	0	0	0	0	0	0	0	0	0	0	0	0	0	0	0	0	0	0	0	0	0	0	0	0
"Rhadinopsylla_pentacantha"	0.10091533180778	0.0185354691075515	0.0123569794050343	0.640503432494279	0	0	0	0	0	0.0782608695652174	0	0.0102974828375286	0	0	0.0102974828375286	0	0.0247139588100686	0	0	0	0	0	0	0	0	0.00411899313501144	0	0	0	0	0	0	0	0	0	0	0	0	0	0	0	0	0	0	0	0	0	0	0	0	0	0	0	0	0	0	0	0	0	0	0	0
"Xenopsylla_nuttalli"	0.57841726618705	0.0431654676258993	0.0302158273381295	0.0496402877697842	0.0107913669064748	0	0	0	0	0.140287769784173	0	0.0302158273381295	0.0129496402877698	0	0.00431654676258993	0	0	0	0	0	0	0	0	0	0	0	0	0	0	0	0	0	0	0	0	0	0	0	0	0	0	0	0	0	0	0	0	0	0	0	0	0	0	0	0	0	0	0	0	0	0	0
"Xenopsylla_persica"	0.595161290322581	0.0387096774193548	0.0120967741935484	0.130645161290323	0.00725806451612903	0	0	0	0.00483870967741936	0.00967741935483871	0.00725806451612903	0	0.0314516129032258	0	0.0459677419354839	0	0.0169354838709677	0	0	0	0	0	0	0	0	0	0	0	0	0	0	0	0	0	0	0	0	0	0	0	0	0	0	0	0	0	0	0	0	0	0	0	0	0	0	0	0	0	0	0	0	0
"Xenopsylla_conformis"	0	0	0	0	0	0.76056338028169	0	0.13943661971831	0	0	0	0	0	0	0	0	0	0	0	0	0	0	0	0	0	0	0	0	0	0	0	0	0	0	0	0	0	0	0	0	0	0	0	0	0	0	0	0	0	0	0	0	0	0	0	0	0	0	0	0	0	0
"Xenopsylla_magdalinae"	0.00989010989010989	0.00659340659340659	0	0	0	0	0.883516483516483	0	0	0	0	0	0	0	0	0	0	0	0	0	0	0	0	0	0	0	0	0	0	0	0	0	0	0	0	0	0	0	0	0	0	0	0	0	0	0	0	0	0	0	0	0	0	0	0	0	0	0	0	0	0	0
"Wagnerina_longicauda"	0.24051724137931	0.0116379310344828	0.162931034482759	0.0116379310344828	0.147413793103448	0	0	0	0	0	0	0.325862068965517	0	0	0	0	0	0	0	0	0	0	0	0	0	0	0	0	0	0	0	0	0	0	0	0	0	0	0	0	0	0	0	0	0	0	0	0	0	0	0	0	0	0	0	0	0	0	0	0	0	0
"Peromyscopsylla_tikhomirovae"	0	0	0	0	0	0	0	0	0	0	0	0	0	0.9	0	0	0	0	0	0	0	0	0	0	0	0	0	0	0	0	0	0	0	0	0	0	0	0	0	0	0	0	0	0	0	0	0	0	0	0	0	0	0	0	0	0	0	0	0	0	0	0
"Stenoponia_montana"	0	0	0	0	0	0.7344	0	0.1656	0	0	0	0	0	0	0	0	0	0	0	0	0	0	0	0	0	0	0	0	0	0	0	0	0	0	0	0	0	0	0	0	0	0	0	0	0	0	0	0	0	0	0	0	0	0	0	0	0	0	0	0	0	0
"Rhadinopsylla_rothschildi"	0.0692307692307692	0	0.103846153846154	0.207692307692308	0.138461538461538	0	0	0	0	0	0	0	0	0.1125	0	0	0	0	0.0432692307692308	0	0.207692307692308	0	0	0	0	0	0.0173076923076923	0	0	0	0	0	0	0	0	0	0	0	0	0	0	0	0	0	0	0	0	0	0	0	0	0	0	0	0	0	0	0	0	0	0	0
"Stenoponia_conspecta"	0	0.0529411764705882	0.0794117647058824	0.141176470588235	0.141176470588235	0	0.388235294117647	0	0	0	0.0176470588235294	0	0	0	0	0.061764705882353	0	0	0	0	0	0	0	0	0.0176470588235294	0	0	0	0	0	0	0	0	0	0	0	0	0	0	0	0	0	0	0	0	0	0	0	0	0	0	0	0	0	0	0	0	0	0	0	0	0
"Frontopsylla_semura"	0	0	0	0	0	0	0	0	0	0	0	0	0	0	0	0	0	0.9	0	0	0	0	0	0	0	0	0	0	0	0	0	0	0	0	0	0	0	0	0	0	0	0	0	0	0	0	0	0	0	0	0	0	0	0	0	0	0	0	0	0	0	0
"Stenoponia_ivanovi"	0.0658536585365854	0.0878048780487805	0	0	0	0	0.746341463414634	0	0	0	0	0	0	0	0	0	0	0	0	0	0	0	0	0	0	0	0	0	0	0	0	0	0	0	0	0	0	0	0	0	0	0	0	0	0	0	0	0	0	0	0	0	0	0	0	0	0	0	0	0	0	0
"Stenoponia_sidimi"	0	0	0	0	0	0.609677419354839	0	0.116129032258065	0	0	0	0	0	0	0	0	0	0	0	0	0	0.174193548387097	0	0	0	0	0	0	0	0	0	0	0	0	0	0	0	0	0	0	0	0	0	0	0	0	0	0	0	0	0	0	0	0	0	0	0	0	0	0	0	0
"Echidnophaga_oschanini"	0.45	0	0.1875	0.1875	0	0	0	0	0	0	0	0.075	0	0	0	0	0	0	0	0	0	0	0	0	0	0	0	0	0	0	0	0	0	0	0	0	0	0	0	0	0	0	0	0	0	0	0	0	0	0	0	0	0	0	0	0	0	0	0	0	0	0
"Rhadinopsylla_pseudodahurica"	0	0	0	0	0	0	0	0	0	0	0	0	0	0	0	0	0	0	0.9	0	0	0	0	0	0	0	0	0	0	0	0	0	0	0	0	0	0	0	0	0	0	0	0	0	0	0	0	0	0	0	0	0	0	0	0	0	0	0	0	0	0	0
"Xenopsylla_gerbilli"	0.0818181818181818	0.122727272727273	0	0	0.327272727272727	0	0	0.0818181818181818	0	0	0	0	0	0	0	0	0	0	0	0	0	0.0818181818181818	0	0.204545454545455	0	0	0	0	0	0	0	0	0	0	0	0	0	0	0	0	0	0	0	0	0	0	0	0	0	0	0	0	0	0	0	0	0	0	0	0	0	0
"Rhadinopsylla_ucrainica"	0.15	0.3	0	0	0	0	0	0	0	0	0	0	0	0	0	0.45	0	0	0	0	0	0	0	0	0	0	0	0	0	0	0	0	0	0	0	0	0	0	0	0	0	0	0	0	0	0	0	0	0	0	0	0	0	0	0	0	0	0	0	0	0	0
"Megabothris_asio"	0.36	0	0	0.27	0.27	0	0	0	0	0	0	0	0	0	0	0	0	0	0	0	0	0	0	0	0	0	0	0	0	0	0	0	0	0	0	0	0	0	0	0	0	0	0	0	0	0	0	0	0	0	0	0	0	0	0	0	0	0	0	0	0	0
"Megabothris_calcarifer"	0.9	0	0	0	0	0	0	0	0	0	0	0	0	0	0	0	0	0	0	0	0	0	0	0	0	0	0	0	0	0	0	0	0	0	0	0	0	0	0	0	0	0	0	0	0	0	0	0	0	0	0	0	0	0	0	0	0	0	0	0	0	0
"Synosternus_longispinus"	0	0	0	0	0.45	0	0	0	0	0	0	0	0	0	0	0	0	0	0	0	0	0	0	0	0	0.45	0	0	0	0	0	0	0	0	0	0	0	0	0	0	0	0	0	0	0	0	0	0	0	0	0	0	0	0	0	0	0	0	0	0	0	0
"Amphipsylla_georgica"	0	0	0	0	0	0	0	0	0	0	0	0	0	0	0	0	0	0	0	0	0	0	0.9	0	0	0	0	0	0	0	0	0	0	0	0	0	0	0	0	0	0	0	0	0	0	0	0	0	0	0	0	0	0	0	0	0	0	0	0	0	0	0
"Neopsylla_mana"	0	0	0	0	0	0	0	0	0	0	0	0	0	0	0	0	0	0	0	0.9	0	0	0	0	0	0	0	0	0	0	0	0	0	0	0	0	0	0	0	0	0	0	0	0	0	0	0	0	0	0	0	0	0	0	0	0	0	0	0	0	0	0
