"Clethrionomys_rutilus"	"Sorex_araneus"	"Clethrionomys_glareolus"	"Microtus_arvalis"	"Microtus_agrestis"	"Sorex_caecutiens"	"Clethrionomys_rufocanus"	"Microtus_oeconomus"	"Apodemus_agrarius"	"Neomys_fodiens"	"Sorex_isodon"	"Sorex_roboratus"	"Micromys_minutus"	"Tamias_sibiricus"	"Arvicola_terrestris"	"Sorex_arcticus"	"Sorex_minutus"	"Apodemus_peninsulae"	"Sorex_minutissimus"	"Sciurus_vulgaris"	"Sicista_betulina"	"Myopus_schisticolor"	"Sorex_daphaenodon"	"Talpa_altaica"	"Cricetus_cricetus"	"Apodemus_uralensis"	"Talpa_europaea"	"Peromyscopsylla_silvatica"	"Corrodopsylla_birulai"	"Megabothris_rectangulatus"	"Doratopsylla_dasycnema"	"Palaeopsylla_soricis"	"Ctenophthalmus_uncinatus"	"Amalaraeus_penicilliger"	"Hystrichopsylla_talpae"	"Rhadinopsylla_li"	"Ceratophyllus_indages"	"Megabothris_walkeri"	"Ctenophthalmus_assimilis"	"Tarsopsylla_octodecimdentata"	"Neopsylla_pleskei"	"Frontopsylla_elata"	"Amphipsylla_sibirica"	"Neopsylla_acanthina"	"Nosopsyllus_fasciatus"	"Leptopsylla_segnis"	"Catallagia_dacenkoi"	"Megabothris_calcarifer"	"Megabothris_turbidus"	"Catallagia_ioffi"	"Ctenophthalmus_pisticus"	"Neopsylla_mana"	"Rhadinopsylla_integella"
"Clethrionomys_rutilus"	0	0	0	0	0	0	0	0	0	0	0	0	0	0	0	0	0	0	0	0	0	0	0	0	0	0	0	0.493409742120344	0.0343839541547278	0.151289398280802	0.0171919770773639	0.0128939828080229	0.0472779369627507	0.0782234957020057	0.0472779369627507	0.00601719197707736	0	0	0.00257879656160458	0	0	0	0	0	0	0.00171919770773639	0.00343839541547278	0	0	0.00257879656160458	0	0	0.00171919770773639
"Sorex_araneus"	0	0	0	0	0	0	0	0	0	0	0	0	0	0	0	0	0	0	0	0	0	0	0	0	0	0	0	0.0901734104046243	0.247109826589595	0.0372832369942197	0.276589595375723	0.164739884393064	0.0225433526011561	0.0147398843930636	0.0372832369942197	0.00606936416184971	0.00173410404624277	0	0	0	0	0	0.00173410404624277	0	0	0	0	0	0	0	0	0	0
"Clethrionomys_glareolus"	0	0	0	0	0	0	0	0	0	0	0	0	0	0	0	0	0	0	0	0	0	0	0	0	0	0	0	0.304258064516129	0.0464516129032258	0.109161290322581	0.132387096774194	0.0383225806451613	0.0929032258064516	0.101032258064516	0.0383225806451613	0.00812903225806452	0	0.00348387096774194	0.00580645161290323	0	0.00348387096774194	0.00464516129032258	0.00464516129032258	0.00232258064516129	0	0	0	0.00232258064516129	0.00232258064516129	0	0	0	0
"Microtus_arvalis"	0	0	0	0	0	0	0	0	0	0	0	0	0	0	0	0	0	0	0	0	0	0	0	0	0	0	0	0.25	0.0227272727272727	0.197727272727273	0.0181818181818182	0.075	0.115909090909091	0.0522727272727273	0.104545454545455	0.0159090909090909	0	0.0227272727272727	0.00454545454545455	0	0	0	0.00454545454545455	0.0113636363636364	0	0	0.00454545454545455	0	0	0	0	0	0
"Microtus_agrestis"	0	0	0	0	0	0	0	0	0	0	0	0	0	0	0	0	0	0	0	0	0	0	0	0	0	0	0	0.320689655172414	0.0439655172413793	0.155172413793103	0.129310344827586	0.0206896551724138	0.0594827586206897	0.0336206896551724	0.0775862068965517	0.0181034482758621	0	0.0206896551724138	0.00517241379310345	0	0	0.00517241379310345	0.00517241379310345	0	0	0	0	0	0.00517241379310345	0	0	0	0
"Sorex_caecutiens"	0	0	0	0	0	0	0	0	0	0	0	0	0	0	0	0	0	0	0	0	0	0	0	0	0	0	0	0.078	0.237	0.066	0.168	0.213	0.045	0.021	0.045	0.021	0	0	0	0	0	0	0	0	0	0	0.006	0	0	0	0	0	0
"Clethrionomys_rufocanus"	0	0	0	0	0	0	0	0	0	0	0	0	0	0	0	0	0	0	0	0	0	0	0	0	0	0	0	0.637714285714286	0	0.0462857142857143	0.0205714285714286	0.0154285714285714	0.0514285714285714	0.0617142857142857	0.0205714285714286	0.036	0.0102857142857143	0	0	0	0	0	0	0	0	0	0	0	0	0	0	0	0
"Microtus_oeconomus"	0	0	0	0	0	0	0	0	0	0	0	0	0	0	0	0	0	0	0	0	0	0	0	0	0	0	0	0.12	0.02	0.253333333333333	0	0.0733333333333333	0.12	0.126666666666667	0.0866666666666667	0.0466666666666667	0	0.02	0	0	0	0	0.02	0	0	0	0	0.0133333333333333	0	0	0	0	0
"Apodemus_agrarius"	0	0	0	0	0	0	0	0	0	0	0	0	0	0	0	0	0	0	0	0	0	0	0	0	0	0	0	0.0782608695652174	0.0391304347826087	0.0626086956521739	0.0234782608695652	0.117391304347826	0.109565217391304	0	0.117391304347826	0.0547826086956522	0	0	0.0547826086956522	0	0.0626086956521739	0.0547826086956522	0	0.0234782608695652	0.0782608695652174	0.0234782608695652	0	0	0	0	0	0	0
"Neomys_fodiens"	0	0	0	0	0	0	0	0	0	0	0	0	0	0	0	0	0	0	0	0	0	0	0	0	0	0	0	0.05	0.5	0	0	0.26	0.02	0	0	0.07	0	0	0	0	0	0	0	0	0	0	0	0	0	0	0	0	0
"Sorex_isodon"	0	0	0	0	0	0	0	0	0	0	0	0	0	0	0	0	0	0	0	0	0	0	0	0	0	0	0	0.0204545454545455	0	0.0306818181818182	0.143181818181818	0.582954545454546	0	0.0204545454545455	0.0306818181818182	0.0715909090909091	0	0	0	0	0	0	0	0	0	0	0	0	0	0	0	0	0
"Sorex_roboratus"	0	0	0	0	0	0	0	0	0	0	0	0	0	0	0	0	0	0	0	0	0	0	0	0	0	0	0	0	0.744	0	0	0.048	0	0	0	0.084	0	0	0.024	0	0	0	0	0	0	0	0	0	0	0	0	0	0
"Micromys_minutus"	0	0	0	0	0	0	0	0	0	0	0	0	0	0	0	0	0	0	0	0	0	0	0	0	0	0	0	0	0.416666666666667	0.216666666666667	0	0.116666666666667	0	0	0	0.116666666666667	0	0	0	0	0	0	0	0	0	0.0333333333333333	0	0	0	0	0	0	0
"Tamias_sibiricus"	0	0	0	0	0	0	0	0	0	0	0	0	0	0	0	0	0	0	0	0	0	0	0	0	0	0	0	0.0352941176470588	0	0	0	0	0	0	0	0.123529411764706	0.705882352941177	0	0	0	0	0	0	0	0	0	0	0	0	0	0.0352941176470588	0	0
"Arvicola_terrestris"	0	0	0	0	0	0	0	0	0	0	0	0	0	0	0	0	0	0	0	0	0	0	0	0	0	0	0	0.109756097560976	0	0.285365853658537	0	0	0.109756097560976	0.109756097560976	0.0439024390243902	0.153658536585366	0	0.0439024390243902	0	0	0	0.0439024390243902	0	0	0	0	0	0	0	0	0	0	0
"Sorex_arcticus"	0	0	0	0	0	0	0	0	0	0	0	0	0	0	0	0	0	0	0	0	0	0	0	0	0	0	0	0	0.351219512195122	0.0439024390243902	0	0.307317073170732	0	0	0	0.153658536585366	0	0	0	0	0	0	0	0	0	0	0	0	0	0	0	0.0439024390243902	0
"Sorex_minutus"	0	0	0	0	0	0	0	0	0	0	0	0	0	0	0	0	0	0	0	0	0	0	0	0	0	0	0	0	0.329268292682927	0.197560975609756	0	0.131707317073171	0.0878048780487805	0	0	0.153658536585366	0	0	0	0	0	0	0	0	0	0	0	0	0	0	0	0	0
"Apodemus_peninsulae"	0	0	0	0	0	0	0	0	0	0	0	0	0	0	0	0	0	0	0	0	0	0	0	0	0	0	0	0.0486486486486487	0.072972972972973	0.17027027027027	0	0.218918918918919	0.072972972972973	0	0.0486486486486487	0.17027027027027	0	0	0	0	0.0486486486486487	0	0	0	0	0.0486486486486487	0	0	0	0	0	0	0
"Sorex_minutissimus"	0	0	0	0	0	0	0	0	0	0	0	0	0	0	0	0	0	0	0	0	0	0	0	0	0	0	0	0.36	0	0.282857142857143	0	0	0	0.0771428571428572	0	0.18	0	0	0	0	0	0	0	0	0	0	0	0	0	0	0	0	0
"Sciurus_vulgaris"	0	0	0	0	0	0	0	0	0	0	0	0	0	0	0	0	0	0	0	0	0	0	0	0	0	0	0	0	0	0	0	0	0	0	0	0.233333333333333	0	0	0	0.666666666666667	0	0	0	0	0	0	0	0	0	0	0	0	0
"Sicista_betulina"	0	0	0	0	0	0	0	0	0	0	0	0	0	0	0	0	0	0	0	0	0	0	0	0	0	0	0	0.189473684210526	0	0	0	0.142105263157895	0.0947368421052632	0	0.142105263157895	0.331578947368421	0	0	0	0	0	0	0	0	0	0	0	0	0	0	0	0	0
"Myopus_schisticolor"	0	0	0	0	0	0	0	0	0	0	0	0	0	0	0	0	0	0	0	0	0	0	0	0	0	0	0	0	0	0.16875	0	0.1125	0	0.1125	0.1125	0.39375	0	0	0	0	0	0	0	0	0	0	0	0	0	0	0	0	0
"Sorex_daphaenodon"	0	0	0	0	0	0	0	0	0	0	0	0	0	0	0	0	0	0	0	0	0	0	0	0	0	0	0	0	0.50625	0	0	0	0	0	0	0.39375	0	0	0	0	0	0	0	0	0	0	0	0	0	0	0	0	0
"Talpa_altaica"	0	0	0	0	0	0	0	0	0	0	0	0	0	0	0	0	0	0	0	0	0	0	0	0	0	0	0	0	0.24	0	0	0	0.12	0	0	0.42	0	0	0.12	0	0	0	0	0	0	0	0	0	0	0	0	0	0
"Cricetus_cricetus"	0	0	0	0	0	0	0	0	0	0	0	0	0	0	0	0	0	0	0	0	0	0	0	0	0	0	0	0	0	0	0	0	0.207692307692308	0	0.207692307692308	0.484615384615385	0	0	0	0	0	0	0	0	0	0	0	0	0	0	0	0	0
"Apodemus_uralensis"	0	0	0	0	0	0	0	0	0	0	0	0	0	0	0	0	0	0	0	0	0	0	0	0	0	0	0	0	0	0.15	0	0	0	0	0	0.525	0	0	0	0	0.225	0	0	0	0	0	0	0	0	0	0	0	0
"Talpa_europaea"	0	0	0	0	0	0	0	0	0	0	0	0	0	0	0	0	0	0	0	0	0	0	0	0	0	0	0	0	0	0	0	0	0.163636363636364	0	0.163636363636364	0.572727272727273	0	0	0	0	0	0	0	0	0	0	0	0	0	0	0	0	0
"Peromyscopsylla_silvatica"	0.372727272727273	0.0675324675324675	0.17012987012987	0.0714285714285714	0.0805194805194805	0.0168831168831169	0.0805194805194805	0.0116883116883117	0.00649350649350649	0.00324675324675325	0.0012987012987013	0	0	0.0012987012987013	0.00324675324675325	0	0	0.0012987012987013	0.00909090909090909	0	0.0025974025974026	0	0	0	0	0	0	0	0	0	0	0	0	0	0	0	0	0	0	0	0	0	0	0	0	0	0	0	0	0	0	0	0
"Corrodopsylla_birulai"	0.0542986425339367	0.386877828054299	0.0542986425339367	0.0135746606334842	0.0230769230769231	0.107239819004525	0	0.00407239819004525	0.00678733031674208	0.0678733031674208	0	0.0841628959276018	0.0339366515837104	0	0	0.0217194570135747	0.0203619909502262	0.00407239819004525	0	0	0	0	0.0122171945701357	0.00542986425339367	0	0	0	0	0	0	0	0	0	0	0	0	0	0	0	0	0	0	0	0	0	0	0	0	0	0	0	0	0
"Megabothris_rectangulatus"	0.264	0.0645	0.141	0.1305	0.09	0.033	0.0135	0.057	0.012	0	0.0045	0	0.0195	0	0.0195	0.003	0.0135	0.0105	0.0165	0	0	0.0045	0	0	0	0.003	0	0	0	0	0	0	0	0	0	0	0	0	0	0	0	0	0	0	0	0	0	0	0	0	0	0	0
"Doratopsylla_dasycnema"	0.0306122448979592	0.488265306122449	0.174489795918367	0.0122448979591837	0.076530612244898	0.0857142857142857	0.00612244897959184	0	0.00459183673469388	0	0.0214285714285714	0	0	0	0	0	0	0	0	0	0	0	0	0	0	0	0	0	0	0	0	0	0	0	0	0	0	0	0	0	0	0	0	0	0	0	0	0	0	0	0	0	0
"Palaeopsylla_soricis"	0.0266272189349112	0.337278106508876	0.0585798816568047	0.0585798816568047	0.0142011834319527	0.12603550295858	0.00532544378698225	0.0195266272189349	0.0266272189349112	0.0461538461538462	0.101183431952663	0.00710059171597633	0.0124260355029586	0	0	0.0248520710059172	0.0106508875739645	0.0159763313609467	0	0	0.00532544378698225	0.00355029585798817	0	0	0	0	0	0	0	0	0	0	0	0	0	0	0	0	0	0	0	0	0	0	0	0	0	0	0	0	0	0	0
"Ctenophthalmus_uncinatus"	0.157142857142857	0.0742857142857143	0.228571428571429	0.145714285714286	0.0657142857142857	0.0428571428571429	0.0285714285714286	0.0514285714285714	0.04	0.00571428571428571	0	0	0	0	0.0142857142857143	0	0.0114285714285714	0.00857142857142857	0	0	0.00571428571428571	0	0	0.00571428571428571	0.00857142857142857	0	0.00571428571428571	0	0	0	0	0	0	0	0	0	0	0	0	0	0	0	0	0	0	0	0	0	0	0	0	0	0
"Amalaraeus_penicilliger"	0.291459074733096	0.0544483985765125	0.27864768683274	0.0736654804270463	0.0416370106761566	0.0224199288256228	0.0384341637010676	0.0608540925266904	0	0	0.00640569395017794	0	0	0	0.0160142348754448	0	0	0	0.00960854092526691	0	0	0.00640569395017794	0	0	0	0	0	0	0	0	0	0	0	0	0	0	0	0	0	0	0	0	0	0	0	0	0	0	0	0	0	0	0
"Hystrichopsylla_talpae"	0.182656826568266	0.14280442804428	0.109594095940959	0.152767527675277	0.0996309963099631	0.0498154981549815	0.0132841328413284	0.0431734317343173	0.0498154981549815	0	0.00996309963099631	0	0	0	0.00664206642066421	0	0	0.00664206642066421	0	0	0.00996309963099631	0.00664206642066421	0	0	0.00996309963099631	0	0.00664206642066421	0	0	0	0	0	0	0	0	0	0	0	0	0	0	0	0	0	0	0	0	0	0	0	0	0	0
"Rhadinopsylla_li"	0.0333333333333333	0.0333333333333333	0.0333333333333333	0.0333333333333333	0.0333333333333333	0.0333333333333333	0.0333333333333333	0.0333333333333333	0.0333333333333333	0.0333333333333333	0.0333333333333333	0.0333333333333333	0.0333333333333333	0.0333333333333333	0.0333333333333333	0.0333333333333333	0.0333333333333333	0.0333333333333333	0.0333333333333333	0.0333333333333333	0.0333333333333333	0.0333333333333333	0.0333333333333333	0.0333333333333333	0.0333333333333333	0.0333333333333333	0.0333333333333333	0	0	0	0	0	0	0	0	0	0	0	0	0	0	0	0	0	0	0	0	0	0	0	0	0	0
"Ceratophyllus_indages"	0	0.0409090909090909	0	0	0	0	0.0409090909090909	0	0	0	0	0	0	0.818181818181818	0	0	0	0	0	0	0	0	0	0	0	0	0	0	0	0	0	0	0	0	0	0	0	0	0	0	0	0	0	0	0	0	0	0	0	0	0	0	0
"Megabothris_walkeri"	0	0	0.103846153846154	0.346153846153846	0.276923076923077	0	0	0.103846153846154	0	0	0	0	0	0	0.0692307692307692	0	0	0	0	0	0	0	0	0	0	0	0	0	0	0	0	0	0	0	0	0	0	0	0	0	0	0	0	0	0	0	0	0	0	0	0	0	0
"Ctenophthalmus_assimilis"	0.117391304347826	0	0.195652173913043	0.0782608695652174	0.0782608695652174	0	0	0	0.273913043478261	0	0	0.0782608695652174	0	0	0	0	0	0	0	0	0	0	0	0.0782608695652174	0	0	0	0	0	0	0	0	0	0	0	0	0	0	0	0	0	0	0	0	0	0	0	0	0	0	0	0	0
"Tarsopsylla_octodecimdentata"	0	0	0	0	0	0	0	0	0	0	0	0	0	0	0	0	0	0	0	0.9	0	0	0	0	0	0	0	0	0	0	0	0	0	0	0	0	0	0	0	0	0	0	0	0	0	0	0	0	0	0	0	0	0
"Neopsylla_pleskei"	0	0	0.16875	0	0	0	0	0	0.45	0	0	0	0	0	0	0	0	0.1125	0	0	0	0	0	0	0	0.16875	0	0	0	0	0	0	0	0	0	0	0	0	0	0	0	0	0	0	0	0	0	0	0	0	0	0	0
"Frontopsylla_elata"	0	0	0.24	0	0.12	0	0	0	0.42	0	0	0	0	0	0.12	0	0	0	0	0	0	0	0	0	0	0	0	0	0	0	0	0	0	0	0	0	0	0	0	0	0	0	0	0	0	0	0	0	0	0	0	0	0
"Amphipsylla_sibirica"	0	0.138461538461538	0.276923076923077	0.138461538461538	0.138461538461538	0	0	0.207692307692308	0	0	0	0	0	0	0	0	0	0	0	0	0	0	0	0	0	0	0	0	0	0	0	0	0	0	0	0	0	0	0	0	0	0	0	0	0	0	0	0	0	0	0	0	0
"Neopsylla_acanthina"	0	0	0.18	0.45	0	0	0	0	0.27	0	0	0	0	0	0	0	0	0	0	0	0	0	0	0	0	0	0	0	0	0	0	0	0	0	0	0	0	0	0	0	0	0	0	0	0	0	0	0	0	0	0	0	0
"Nosopsyllus_fasciatus"	0	0	0	0	0	0	0	0	0.9	0	0	0	0	0	0	0	0	0	0	0	0	0	0	0	0	0	0	0	0	0	0	0	0	0	0	0	0	0	0	0	0	0	0	0	0	0	0	0	0	0	0	0	0
"Leptopsylla_segnis"	0.2	0	0	0	0	0	0	0	0.3	0	0	0	0.2	0	0	0	0	0.2	0	0	0	0	0	0	0	0	0	0	0	0	0	0	0	0	0	0	0	0	0	0	0	0	0	0	0	0	0	0	0	0	0	0	0
"Catallagia_dacenkoi"	0.45	0	0	0.225	0	0.225	0	0	0	0	0	0	0	0	0	0	0	0	0	0	0	0	0	0	0	0	0	0	0	0	0	0	0	0	0	0	0	0	0	0	0	0	0	0	0	0	0	0	0	0	0	0	0
"Megabothris_calcarifer"	0	0	0.45	0	0	0	0	0.45	0	0	0	0	0	0	0	0	0	0	0	0	0	0	0	0	0	0	0	0	0	0	0	0	0	0	0	0	0	0	0	0	0	0	0	0	0	0	0	0	0	0	0	0	0
"Megabothris_turbidus"	0	0	0.45	0	0.45	0	0	0	0	0	0	0	0	0	0	0	0	0	0	0	0	0	0	0	0	0	0	0	0	0	0	0	0	0	0	0	0	0	0	0	0	0	0	0	0	0	0	0	0	0	0	0	0
"Catallagia_ioffi"	0.9	0	0	0	0	0	0	0	0	0	0	0	0	0	0	0	0	0	0	0	0	0	0	0	0	0	0	0	0	0	0	0	0	0	0	0	0	0	0	0	0	0	0	0	0	0	0	0	0	0	0	0	0
"Ctenophthalmus_pisticus"	0	0	0	0	0	0	0	0	0	0	0	0	0	0.9	0	0	0	0	0	0	0	0	0	0	0	0	0	0	0	0	0	0	0	0	0	0	0	0	0	0	0	0	0	0	0	0	0	0	0	0	0	0	0
"Neopsylla_mana"	0	0	0	0	0	0	0	0	0	0	0	0	0	0	0	0.9	0	0	0	0	0	0	0	0	0	0	0	0	0	0	0	0	0	0	0	0	0	0	0	0	0	0	0	0	0	0	0	0	0	0	0	0	0
"Rhadinopsylla_integella"	0.9	0	0	0	0	0	0	0	0	0	0	0	0	0	0	0	0	0	0	0	0	0	0	0	0	0	0	0	0	0	0	0	0	0	0	0	0	0	0	0	0	0	0	0	0	0	0	0	0	0	0	0	0
