"Apodemus_uralensis"	"Cricetulus_migratorius"	"Clethrionomys_centralis"	"Sicista_tianshanica"	"Spermophilus_relictus"	"Alticola_argentatus"	"Sciurus_vulgaris"	"Ellobius_tancrei"	"Microtus_oeconomus"	"Pectinoctenus_nemorosa"	"Frontopsylla_ornata"	"Neopsylla_teratura"	"Neopsylla_mana"	"Amalaraeus_penicilliger"	"Amphipsylla_anceps"	"Callopsylla_caspia"	"Megabothris_rectangulatus"	"Frontopsylla_elata"	"Amphipsylla_dumalis"	"Paraneopsylla_tiflovi"	"Amphipsylla_primaris"	"Neopsylla_pleskei"	"Neopsylla_setosa"	"Amphipsylla_kuznetzovi"	"Leptopsylla_nana"	"Frontopsylla_elatoides"	"Rhadinopsylla_li"	"Tarsopsylla_octodecimdentata"	"Amphipsylla_rossica"	"Amphipsylla_asiatica"	"Ctenophthalmus_breviatus"	"Oropsylla_silantiewi"	"Frontopsylla_protera"	"Amphipsylla_schelkovnikovi"	"Ctenophthalmus_arvalis"	"Hystrichopsylla_talpae"	"Palaeopsylla_soricis"	"Pectinoctenus_pectiniceps"
"Apodemus_uralensis"	0	0	0	0	0	0	0	0	0	0.469300225733634	0.297629796839729	0.00507900677200903	0.0558690744920993	0.00914221218961625	0.00203160270880361	0.0172686230248307	0.00812641083521445	0	0	0	0.00406320541760722	0	0	0.0101580135440181	0	0	0.00203160270880361	0	0.00203160270880361	0.00406320541760722	0.00609480812641084	0.00304740406320542	0	0	0.00203160270880361	0	0	0.00203160270880361
"Cricetulus_migratorius"	0	0	0	0	0	0	0	0	0	0.0286219081272085	0.00636042402826855	0.263957597173145	0.0127208480565371	0.0508833922261484	0.270318021201413	0.0699646643109541	0.0381625441696113	0	0.0858657243816254	0.00636042402826855	0.00636042402826855	0	0	0	0.0381625441696113	0	0	0	0	0.00636042402826855	0	0	0.00636042402826855	0.00954063604240283	0	0	0	0
"Clethrionomys_centralis"	0	0	0	0	0	0	0	0	0	0.099604743083004	0.0924901185770751	0.0106719367588933	0.049802371541502	0.256126482213439	0	0.0355731225296443	0.135177865612648	0.128063241106719	0	0.0106719367588933	0.00711462450592885	0	0	0.024901185770751	0.00711462450592885	0	0.00711462450592885	0	0.0213438735177866	0	0	0	0	0	0	0.00711462450592885	0.00711462450592885	0
"Sicista_tianshanica"	0	0	0	0	0	0	0	0	0	0.0616438356164384	0.756164383561644	0.0164383561643836	0.0123287671232877	0	0	0	0.0410958904109589	0	0	0	0	0	0	0	0	0	0	0	0	0	0	0	0.0123287671232877	0	0	0	0	0
"Spermophilus_relictus"	0	0	0	0	0	0	0	0	0	0	0	0.330150753768844	0.244221105527638	0.0135678391959799	0	0	0	0	0	0	0	0.117587939698492	0.0949748743718593	0	0	0.0542713567839196	0.0316582914572864	0	0	0	0	0.0135678391959799	0	0	0	0	0	0
"Alticola_argentatus"	0	0	0	0	0	0	0	0	0	0.0222222222222222	0.0444444444444444	0	0.0666666666666667	0.0777777777777778	0	0.222222222222222	0	0	0	0.277777777777778	0.188888888888889	0	0	0	0	0	0	0	0	0	0	0	0	0	0	0	0	0
"Sciurus_vulgaris"	0	0	0	0	0	0	0	0	0	0	0	0	0	0	0	0	0	0	0	0	0	0	0	0	0	0	0	0.9	0	0	0	0	0	0	0	0	0	0
"Ellobius_tancrei"	0	0	0	0	0	0	0	0	0	0	0	0	0	0	0	0	0	0	0.45	0	0.45	0	0	0	0	0	0	0	0	0	0	0	0	0	0	0	0	0
"Microtus_oeconomus"	0	0	0	0	0	0	0	0	0	0	0	0	0	0	0	0	0	0	0.9	0	0	0	0	0	0	0	0	0	0	0	0	0	0	0	0	0	0	0
"Pectinoctenus_nemorosa"	0.805813953488372	0.0156976744186047	0.0488372093023256	0.0261627906976744	0	0.00348837209302326	0	0	0	0	0	0	0	0	0	0	0	0	0	0	0	0	0	0	0	0	0	0	0	0	0	0	0	0	0	0	0	0
"Frontopsylla_ornata"	0.518074656188605	0.00353634577603143	0.0459724950884086	0.325343811394892	0	0.00707269155206287	0	0	0	0	0	0	0	0	0	0	0	0	0	0	0	0	0	0	0	0	0	0	0	0	0	0	0	0	0	0	0	0
"Neopsylla_teratura"	0.0267857142857143	0.444642857142857	0.0160714285714286	0.0214285714285714	0.391071428571429	0	0	0	0	0	0	0	0	0	0	0	0	0	0	0	0	0	0	0	0	0	0	0	0	0	0	0	0	0	0	0	0	0
"Neopsylla_mana"	0.363970588235294	0.0264705882352941	0.0926470588235294	0.0198529411764706	0.357352941176471	0.0397058823529412	0	0	0	0	0	0	0	0	0	0	0	0	0	0	0	0	0	0	0	0	0	0	0	0	0	0	0	0	0	0	0	0
"Amalaraeus_penicilliger"	0.0757009345794392	0.134579439252336	0.605607476635514	0	0.0252336448598131	0.0588785046728972	0	0	0	0	0	0	0	0	0	0	0	0	0	0	0	0	0	0	0	0	0	0	0	0	0	0	0	0	0	0	0	0
"Amphipsylla_anceps"	0.0206896551724138	0.879310344827586	0	0	0	0	0	0	0	0	0	0	0	0	0	0	0	0	0	0	0	0	0	0	0	0	0	0	0	0	0	0	0	0	0	0	0	0
"Callopsylla_caspia"	0.221739130434783	0.28695652173913	0.130434782608696	0	0	0.260869565217391	0	0	0	0	0	0	0	0	0	0	0	0	0	0	0	0	0	0	0	0	0	0	0	0	0	0	0	0	0	0	0	0
"Megabothris_rectangulatus"	0.105882352941176	0.158823529411765	0.502941176470588	0.132352941176471	0	0	0	0	0	0	0	0	0	0	0	0	0	0	0	0	0	0	0	0	0	0	0	0	0	0	0	0	0	0	0	0	0	0
"Frontopsylla_elata"	0	0	0.9	0	0	0	0	0	0	0	0	0	0	0	0	0	0	0	0	0	0	0	0	0	0	0	0	0	0	0	0	0	0	0	0	0	0	0
"Amphipsylla_dumalis"	0	0.783870967741936	0	0	0	0	0	0.0580645161290323	0.0580645161290323	0	0	0	0	0	0	0	0	0	0	0	0	0	0	0	0	0	0	0	0	0	0	0	0	0	0	0	0	0
"Paraneopsylla_tiflovi"	0	0.06	0.09	0	0	0.75	0	0	0	0	0	0	0	0	0	0	0	0	0	0	0	0	0	0	0	0	0	0	0	0	0	0	0	0	0	0	0	0
"Amphipsylla_primaris"	0.133333333333333	0.0666666666666667	0.0666666666666667	0	0	0.566666666666667	0	0.0666666666666667	0	0	0	0	0	0	0	0	0	0	0	0	0	0	0	0	0	0	0	0	0	0	0	0	0	0	0	0	0	0
"Neopsylla_pleskei"	0	0	0	0	0.9	0	0	0	0	0	0	0	0	0	0	0	0	0	0	0	0	0	0	0	0	0	0	0	0	0	0	0	0	0	0	0	0	0
"Neopsylla_setosa"	0	0	0	0	0.9	0	0	0	0	0	0	0	0	0	0	0	0	0	0	0	0	0	0	0	0	0	0	0	0	0	0	0	0	0	0	0	0	0
"Amphipsylla_kuznetzovi"	0.529411764705882	0	0.370588235294118	0	0	0	0	0	0	0	0	0	0	0	0	0	0	0	0	0	0	0	0	0	0	0	0	0	0	0	0	0	0	0	0	0	0	0
"Leptopsylla_nana"	0	0.771428571428571	0.128571428571429	0	0	0	0	0	0	0	0	0	0	0	0	0	0	0	0	0	0	0	0	0	0	0	0	0	0	0	0	0	0	0	0	0	0	0
"Frontopsylla_elatoides"	0	0	0	0	0.9	0	0	0	0	0	0	0	0	0	0	0	0	0	0	0	0	0	0	0	0	0	0	0	0	0	0	0	0	0	0	0	0	0
"Rhadinopsylla_li"	0.163636363636364	0	0.163636363636364	0	0.572727272727273	0	0	0	0	0	0	0	0	0	0	0	0	0	0	0	0	0	0	0	0	0	0	0	0	0	0	0	0	0	0	0	0	0
"Tarsopsylla_octodecimdentata"	0	0	0	0	0	0	0.9	0	0	0	0	0	0	0	0	0	0	0	0	0	0	0	0	0	0	0	0	0	0	0	0	0	0	0	0	0	0	0
"Amphipsylla_rossica"	0.225	0	0.675	0	0	0	0	0	0	0	0	0	0	0	0	0	0	0	0	0	0	0	0	0	0	0	0	0	0	0	0	0	0	0	0	0	0	0
"Amphipsylla_asiatica"	0.6	0.3	0	0	0	0	0	0	0	0	0	0	0	0	0	0	0	0	0	0	0	0	0	0	0	0	0	0	0	0	0	0	0	0	0	0	0	0
"Ctenophthalmus_breviatus"	0.9	0	0	0	0	0	0	0	0	0	0	0	0	0	0	0	0	0	0	0	0	0	0	0	0	0	0	0	0	0	0	0	0	0	0	0	0	0
"Oropsylla_silantiewi"	0.45	0	0	0	0.45	0	0	0	0	0	0	0	0	0	0	0	0	0	0	0	0	0	0	0	0	0	0	0	0	0	0	0	0	0	0	0	0	0
"Frontopsylla_protera"	0	0.36	0	0.54	0	0	0	0	0	0	0	0	0	0	0	0	0	0	0	0	0	0	0	0	0	0	0	0	0	0	0	0	0	0	0	0	0	0
"Amphipsylla_schelkovnikovi"	0	0.9	0	0	0	0	0	0	0	0	0	0	0	0	0	0	0	0	0	0	0	0	0	0	0	0	0	0	0	0	0	0	0	0	0	0	0	0
"Ctenophthalmus_arvalis"	0.9	0	0	0	0	0	0	0	0	0	0	0	0	0	0	0	0	0	0	0	0	0	0	0	0	0	0	0	0	0	0	0	0	0	0	0	0	0
"Hystrichopsylla_talpae"	0	0	0.9	0	0	0	0	0	0	0	0	0	0	0	0	0	0	0	0	0	0	0	0	0	0	0	0	0	0	0	0	0	0	0	0	0	0	0
"Palaeopsylla_soricis"	0	0	0.9	0	0	0	0	0	0	0	0	0	0	0	0	0	0	0	0	0	0	0	0	0	0	0	0	0	0	0	0	0	0	0	0	0	0	0
"Pectinoctenus_pectiniceps"	0.9	0	0	0	0	0	0	0	0	0	0	0	0	0	0	0	0	0	0	0	0	0	0	0	0	0	0	0	0	0	0	0	0	0	0	0	0	0
