"Spermophilus_fulvus"	"Marmota_caudata"	"Meriones_tamariscinus"	"Cricetulus_migratorius"	"Microtus_gregalis"	"Apodemus_uralensis"	"Allactaga_elater"	"Allactaga_major"	"Marmota_baibacina"	"Alticola_argentatus"	"Microtus_socialis"	"Apodemus_agrarius"	"Microtus_kirgisorum"	"Clethrionomys_centralis"	"Ellobius_talpinus"	"Citellophilus_trispinus"	"Neopsylla_setosa"	"Oropsylla_ilovaiskii"	"Citellophilus_lebedewi"	"Nosopsyllus_aralis"	"Rhadinopsylla_li"	"Oropsylla_silantiewi"	"Neopsylla_teratura"	"Frontopsylla_elata"	"Amphipsylla_schelkovnikovi"	"Pectinoctenus_nemorosa"	"Rhadinopsylla_bivirgis"	"Mesopsylla_hebes"	"Callopsylla_caspia"	"Nosopsyllus_fidus"	"Amphipsylla_rossica"	"Rhadinopsylla_angusta"	"Amphipsylla_asiatica"	"Frontopsylla_macrophthalma"	"Amphipsylla_anceps"	"Ctenophthalmus_assimilis"	"Neopsylla_pleskei"	"Amalaraeus_penicilliger"	"Neopsylla_meridiana"	"Amphipsylla_primaris"	"Ctenophthalmus_golovi"	"Frontopsylla_protera"	"Amphipsylla_sibirica"	"Peromyscopsylla_bidentata"	"Amphipsylla_dumalis"	"Frontopsylla_ornata"	"Rhadinopsylla_cedestis"	"Frontopsylla_ambigua"	"Neopsylla_mana"
"Spermophilus_fulvus"	0	0	0	0	0	0	0	0	0	0	0	0	0	0	0	0.37891552767197	0.27566659197849	0.238763163791172	0	0.0036298453954739	0	0	0	0	0	0	0	0	0	0.00262155500784226	0	0	0	0	0	0	0	0	0	0	0	0	0	0	0	0	0.000403316155052655	0	0
"Marmota_caudata"	0	0	0	0	0	0	0	0	0	0	0	0	0	0	0	0	0	0	0.52086258776329	0	0.232898696088265	0.144884653961886	0	0	0	0	0	0	0	0	0	0	0	0	0	0	0	0	0	0.00135406218655968	0	0	0	0	0	0	0	0	0
"Meriones_tamariscinus"	0	0	0	0	0	0	0	0	0	0	0	0	0	0	0	0.00358090185676393	0	0.00835543766578249	0	0.846286472148541	0	0	0.00835543766578249	0.00358090185676393	0	0	0.00477453580901857	0.0119363395225464	0	0.00835543766578249	0	0	0	0.00238726790450928	0	0.00238726790450928	0	0	0	0	0	0	0	0	0	0	0	0	0
"Cricetulus_migratorius"	0	0	0	0	0	0	0	0	0	0	0	0	0	0	0	0	0	0	0	0.006	0	0	0.297	0.006	0.2895	0	0.18	0.003	0.0315	0.012	0	0	0	0	0.0255	0	0.033	0	0.0135	0	0	0	0	0	0.003	0	0	0	0
"Microtus_gregalis"	0	0	0	0	0	0	0	0	0	0	0	0	0	0	0	0	0	0	0	0	0	0	0.0122282608695652	0.489130434782609	0	0.00733695652173913	0	0	0.156521739130435	0	0	0.0953804347826087	0.058695652173913	0	0.00489130434782609	0.0513586956521739	0	0.0195652173913043	0.00489130434782609	0	0	0	0	0	0	0	0	0	0
"Apodemus_uralensis"	0	0	0	0	0	0	0	0	0	0	0	0	0	0	0	0	0	0	0	0	0.00882352941176471	0	0.00882352941176471	0.0132352941176471	0	0.569117647058824	0	0	0.0308823529411765	0.0176470588235294	0.176470588235294	0	0	0	0	0	0	0	0	0	0.0441176470588235	0	0	0	0	0.00882352941176471	0	0.0132352941176471	0.00882352941176471
"Allactaga_elater"	0	0	0	0	0	0	0	0	0	0	0	0	0	0	0	0	0	0.0173076923076923	0	0.0173076923076923	0	0	0	0	0	0	0	0.675	0	0	0	0	0	0.190384615384615	0	0	0	0	0	0	0	0	0	0	0	0	0	0	0
"Allactaga_major"	0	0	0	0	0	0	0	0	0	0	0	0	0	0	0	0	0	0	0	0.391304347826087	0	0	0	0	0	0	0.0521739130434783	0.456521739130435	0	0	0	0	0	0	0	0	0	0	0	0	0	0	0	0	0	0	0	0	0
"Marmota_baibacina"	0	0	0	0	0	0	0	0	0	0	0	0	0	0	0	0	0	0	0	0	0	0.9	0	0	0	0	0	0	0	0	0	0	0	0	0	0	0	0	0	0	0	0	0	0	0	0	0	0	0
"Alticola_argentatus"	0	0	0	0	0	0	0	0	0	0	0	0	0	0	0	0	0	0	0	0	0	0	0	0	0	0	0	0	0	0	0	0	0	0	0	0	0	0.138461538461538	0.173076923076923	0.242307692307692	0	0.207692307692308	0	0.0692307692307692	0	0.0692307692307692	0	0	0
"Microtus_socialis"	0	0	0	0	0	0	0	0	0	0	0	0	0	0	0	0	0	0	0	0.1	0	0	0.45	0	0	0	0	0	0	0	0	0	0	0	0.2	0	0	0	0	0	0	0	0.15	0	0	0	0	0	0
"Apodemus_agrarius"	0	0	0	0	0	0	0	0	0	0	0	0	0	0	0	0	0	0	0	0	0	0	0	0	0	0	0	0	0	0.75	0	0	0	0	0	0	0	0	0	0	0	0	0	0	0	0	0.15	0	0
"Microtus_kirgisorum"	0	0	0	0	0	0	0	0	0	0	0	0	0	0	0	0	0	0	0	0	0	0	0	0	0	0	0	0	0	0.3	0	0	0	0	0	0	0	0.6	0	0	0	0	0	0	0	0	0	0	0
"Clethrionomys_centralis"	0	0	0	0	0	0	0	0	0	0	0	0	0	0	0	0	0	0	0	0	0	0	0	0	0	0	0	0	0	0	0	0	0	0	0	0	0	0	0	0	0	0	0.36	0.54	0	0	0	0	0
"Ellobius_talpinus"	0	0	0	0	0	0	0	0	0	0	0	0	0	0	0	0	0	0	0	0	0	0	0.45	0	0	0	0	0	0	0	0	0	0	0	0	0	0	0	0	0	0	0	0	0	0.45	0	0	0	0
"Citellophilus_trispinus"	0.898565356004251	0	0.0014346439957492	0	0	0	0	0	0	0	0	0	0	0	0	0	0	0	0	0	0	0	0	0	0	0	0	0	0	0	0	0	0	0	0	0	0	0	0	0	0	0	0	0	0	0	0	0	0
"Neopsylla_setosa"	0.9	0	0	0	0	0	0	0	0	0	0	0	0	0	0	0	0	0	0	0	0	0	0	0	0	0	0	0	0	0	0	0	0	0	0	0	0	0	0	0	0	0	0	0	0	0	0	0	0
"Oropsylla_ilovaiskii"	0.893210393964795	0	0.00528080469404862	0	0	0	0.00150880134115675	0	0	0	0	0	0	0	0	0	0	0	0	0	0	0	0	0	0	0	0	0	0	0	0	0	0	0	0	0	0	0	0	0	0	0	0	0	0	0	0	0	0
"Citellophilus_lebedewi"	0	0.9	0	0	0	0	0	0	0	0	0	0	0	0	0	0	0	0	0	0	0	0	0	0	0	0	0	0	0	0	0	0	0	0	0	0	0	0	0	0	0	0	0	0	0	0	0	0	0
"Nosopsyllus_aralis"	0.0211764705882353	0	0.834117647058824	0.00470588235294118	0	0	0.00235294117647059	0.0352941176470588	0	0	0.00235294117647059	0	0	0	0	0	0	0	0	0	0	0	0	0	0	0	0	0	0	0	0	0	0	0	0	0	0	0	0	0	0	0	0	0	0	0	0	0	0
"Rhadinopsylla_li"	0	0.896525096525097	0	0	0	0.00347490347490348	0	0	0	0	0	0	0	0	0	0	0	0	0	0	0	0	0	0	0	0	0	0	0	0	0	0	0	0	0	0	0	0	0	0	0	0	0	0	0	0	0	0	0
"Oropsylla_silantiewi"	0	0.776612903225806	0	0	0	0	0	0	0.123387096774194	0	0	0	0	0	0	0	0	0	0	0	0	0	0	0	0	0	0	0	0	0	0	0	0	0	0	0	0	0	0	0	0	0	0	0	0	0	0	0	0
"Neopsylla_teratura"	0	0	0.0282511210762332	0.799103139013453	0.0201793721973094	0.00807174887892377	0	0	0	0	0.0363228699551569	0	0	0	0.00807174887892377	0	0	0	0	0	0	0	0	0	0	0	0	0	0	0	0	0	0	0	0	0	0	0	0	0	0	0	0	0	0	0	0	0	0
"Frontopsylla_elata"	0	0	0.0128571428571429	0.0171428571428571	0.857142857142857	0.0128571428571429	0	0	0	0	0	0	0	0	0	0	0	0	0	0	0	0	0	0	0	0	0	0	0	0	0	0	0	0	0	0	0	0	0	0	0	0	0	0	0	0	0	0	0
"Amphipsylla_schelkovnikovi"	0	0	0	0.9	0	0	0	0	0	0	0	0	0	0	0	0	0	0	0	0	0	0	0	0	0	0	0	0	0	0	0	0	0	0	0	0	0	0	0	0	0	0	0	0	0	0	0	0	0
"Pectinoctenus_nemorosa"	0	0	0	0	0.0204545454545455	0.879545454545455	0	0	0	0	0	0	0	0	0	0	0	0	0	0	0	0	0	0	0	0	0	0	0	0	0	0	0	0	0	0	0	0	0	0	0	0	0	0	0	0	0	0	0
"Rhadinopsylla_bivirgis"	0	0	0.028125	0.84375	0	0	0	0.028125	0	0	0	0	0	0	0	0	0	0	0	0	0	0	0	0	0	0	0	0	0	0	0	0	0	0	0	0	0	0	0	0	0	0	0	0	0	0	0	0	0
"Mesopsylla_hebes"	0	0	0.072	0.0144	0	0	0.5616	0.252	0	0	0	0	0	0	0	0	0	0	0	0	0	0	0	0	0	0	0	0	0	0	0	0	0	0	0	0	0	0	0	0	0	0	0	0	0	0	0	0	0
"Callopsylla_caspia"	0	0	0	0.205434782608696	0.626086956521739	0.0684782608695652	0	0	0	0	0	0	0	0	0	0	0	0	0	0	0	0	0	0	0	0	0	0	0	0	0	0	0	0	0	0	0	0	0	0	0	0	0	0	0	0	0	0	0
"Nosopsyllus_fidus"	0.265909090909091	0	0.143181818181818	0.163636363636364	0	0.0818181818181818	0	0	0	0	0	0.204545454545455	0.0409090909090909	0	0	0	0	0	0	0	0	0	0	0	0	0	0	0	0	0	0	0	0	0	0	0	0	0	0	0	0	0	0	0	0	0	0	0	0
"Amphipsylla_rossica"	0	0	0	0	0	0.9	0	0	0	0	0	0	0	0	0	0	0	0	0	0	0	0	0	0	0	0	0	0	0	0	0	0	0	0	0	0	0	0	0	0	0	0	0	0	0	0	0	0	0
"Rhadinopsylla_angusta"	0	0	0	0	0.9	0	0	0	0	0	0	0	0	0	0	0	0	0	0	0	0	0	0	0	0	0	0	0	0	0	0	0	0	0	0	0	0	0	0	0	0	0	0	0	0	0	0	0	0
"Amphipsylla_asiatica"	0	0	0	0	0.9	0	0	0	0	0	0	0	0	0	0	0	0	0	0	0	0	0	0	0	0	0	0	0	0	0	0	0	0	0	0	0	0	0	0	0	0	0	0	0	0	0	0	0	0
"Frontopsylla_macrophthalma"	0	0	0.075	0	0	0	0.825	0	0	0	0	0	0	0	0	0	0	0	0	0	0	0	0	0	0	0	0	0	0	0	0	0	0	0	0	0	0	0	0	0	0	0	0	0	0	0	0	0	0
"Amphipsylla_anceps"	0	0	0	0.665217391304348	0.0782608695652174	0	0	0	0	0	0.156521739130435	0	0	0	0	0	0	0	0	0	0	0	0	0	0	0	0	0	0	0	0	0	0	0	0	0	0	0	0	0	0	0	0	0	0	0	0	0	0
"Ctenophthalmus_assimilis"	0	0	0.0782608695652174	0	0.821739130434783	0	0	0	0	0	0	0	0	0	0	0	0	0	0	0	0	0	0	0	0	0	0	0	0	0	0	0	0	0	0	0	0	0	0	0	0	0	0	0	0	0	0	0	0
"Neopsylla_pleskei"	0	0	0	0.9	0	0	0	0	0	0	0	0	0	0	0	0	0	0	0	0	0	0	0	0	0	0	0	0	0	0	0	0	0	0	0	0	0	0	0	0	0	0	0	0	0	0	0	0	0
"Amalaraeus_penicilliger"	0	0	0	0	0.45	0	0	0	0	0.225	0	0	0.225	0	0	0	0	0	0	0	0	0	0	0	0	0	0	0	0	0	0	0	0	0	0	0	0	0	0	0	0	0	0	0	0	0	0	0	0
"Neopsylla_meridiana"	0	0	0	0.50625	0.1125	0	0	0	0	0.28125	0	0	0	0	0	0	0	0	0	0	0	0	0	0	0	0	0	0	0	0	0	0	0	0	0	0	0	0	0	0	0	0	0	0	0	0	0	0	0
"Amphipsylla_primaris"	0	0.27	0	0	0	0	0	0	0	0.63	0	0	0	0	0	0	0	0	0	0	0	0	0	0	0	0	0	0	0	0	0	0	0	0	0	0	0	0	0	0	0	0	0	0	0	0	0	0	0
"Ctenophthalmus_golovi"	0	0	0	0	0	0.9	0	0	0	0	0	0	0	0	0	0	0	0	0	0	0	0	0	0	0	0	0	0	0	0	0	0	0	0	0	0	0	0	0	0	0	0	0	0	0	0	0	0	0
"Frontopsylla_protera"	0	0	0	0	0	0	0	0	0	0.9	0	0	0	0	0	0	0	0	0	0	0	0	0	0	0	0	0	0	0	0	0	0	0	0	0	0	0	0	0	0	0	0	0	0	0	0	0	0	0
"Amphipsylla_sibirica"	0	0	0	0	0	0	0	0	0	0	0.54	0	0	0.36	0	0	0	0	0	0	0	0	0	0	0	0	0	0	0	0	0	0	0	0	0	0	0	0	0	0	0	0	0	0	0	0	0	0	0
"Peromyscopsylla_bidentata"	0	0	0	0	0	0	0	0	0	0.36	0	0	0	0.54	0	0	0	0	0	0	0	0	0	0	0	0	0	0	0	0	0	0	0	0	0	0	0	0	0	0	0	0	0	0	0	0	0	0	0
"Amphipsylla_dumalis"	0	0	0	0.45	0	0	0	0	0	0	0	0	0	0	0.45	0	0	0	0	0	0	0	0	0	0	0	0	0	0	0	0	0	0	0	0	0	0	0	0	0	0	0	0	0	0	0	0	0	0
"Frontopsylla_ornata"	0	0	0	0	0	0.45	0	0	0	0.45	0	0	0	0	0	0	0	0	0	0	0	0	0	0	0	0	0	0	0	0	0	0	0	0	0	0	0	0	0	0	0	0	0	0	0	0	0	0	0
"Rhadinopsylla_cedestis"	0.45	0	0	0	0	0	0	0	0	0	0	0.45	0	0	0	0	0	0	0	0	0	0	0	0	0	0	0	0	0	0	0	0	0	0	0	0	0	0	0	0	0	0	0	0	0	0	0	0	0
"Frontopsylla_ambigua"	0	0	0	0	0	0.9	0	0	0	0	0	0	0	0	0	0	0	0	0	0	0	0	0	0	0	0	0	0	0	0	0	0	0	0	0	0	0	0	0	0	0	0	0	0	0	0	0	0	0
"Neopsylla_mana"	0	0	0	0	0	0.9	0	0	0	0	0	0	0	0	0	0	0	0	0	0	0	0	0	0	0	0	0	0	0	0	0	0	0	0	0	0	0	0	0	0	0	0	0	0	0	0	0	0	0
