"Spermophilus_undulatus"	"Marmota_sibirica"	"Lasiopodomys_brandtii"	"Alticola_semicanus"	"Allocricetulus_curtatus"	"Cricetulus_barabensis"	"Allactaga_sibirica"	"Meriones_meridianus"	"Ellobius_tancrei"	"Phodopus_sungorus"	"Microtus_gregalis"	"Eolagurus_przewalskii"	"Dipus_sagitta"	"Meriones_unguiculatus"	"Sciurus_vulgaris"	"Microtus_oeconomus"	"Clethrionomys_rufocanus"	"Tamias_sibiricus"	"Citellophilus_tesquorum"	"Oropsylla_silantiewi"	"Amphipsylla_primaris"	"Frontopsylla_elatoides"	"Rhadinopsylla_li"	"Oropsylla_alaskensis"	"Neopsylla_mana"	"Frontopsylla_hetera"	"Paradoxopsyllus_dashidorzhii"	"Neopsylla_pleskei"	"Paradoxopsyllus_scorodumovi"	"Amphipsylla_vinogradovi"	"Amalaraeus_penicilliger"	"Paramonopsyllus_scalonae"	"Frontopsylla_elata"	"Ctenophyllus_hirticrus"	"Nosopsyllus_laeviceps"	"Rhadinopsylla_dahurica"	"Ophthalmopsylla_praefecta"	"Neopsylla_abagaitui"	"Frontopsylla_wagneri"	"Ophthalmopsylla_kiritschenkovi"	"Amphipsylla_dumalis"	"Neopsylla_bidentatiformis"	"Amphipsylla_longispina"	"Callopsylla_caspia"	"Pectinoctenus_pavlovskii"	"Neopsylla_galea"	"Amphalius_runatus"	"Paradoxopsyllus_kalabukhovi"	"Wagnerina_longicauda"	"Paradoxopsyllus_integer"	"Tarsopsylla_octodecimdentata"	"Rhadinopsylla_rothschildi"	"Amphipsylla_kuznetzovi"	"Ceratophyllus_indages"	"Megabothris_rectangulatus"	"Rhadinopsylla_altaica"	"Rhadinopsylla_pseudodahurica"	"Xenopsylla_conformis"
"Spermophilus_undulatus"	0	0	0	0	0	0	0	0	0	0	0	0	0	0	0	0	0	0	0.584978052349212	0.000292635343846529	0.00117054137538612	0.0889611445293448	0.0869126971224191	0.0817915786051049	0.0147780848642497	0.0260445456023411	0	0.000292635343846529	0.000292635343846529	0.000438953015769794	0	0	0	0.00526743618923752	0	0.000292635343846529	0	0.00526743618923752	0	0	0	0.000438953015769794	0	0	0	0	0.0024874004226955	0	0	0	0	0	0.000292635343846529	0	0	0	0	0
"Marmota_sibirica"	0	0	0	0	0	0	0	0	0	0	0	0	0	0	0	0	0	0	0.006312625250501	0.88376753507014	0.000901803607214429	0	0.000901803607214429	0	0.00135270541082164	0.00495991983967936	0.000901803607214429	0.000901803607214429	0	0	0	0	0	0	0	0	0	0	0	0	0	0	0	0	0	0	0	0	0	0	0	0	0	0	0	0	0	0
"Lasiopodomys_brandtii"	0	0	0	0	0	0	0	0	0	0	0	0	0	0	0	0	0	0	0.00146938775510204	0	0.409959183673469	0	0	0	0.224081632653061	0.0786122448979592	0	0.103591836734694	0.00514285714285714	0	0.0624489795918367	0	0	0.00220408163265306	0	0.00808163265306122	0	0	0	0	0	0	0	0	0	0.00146938775510204	0	0	0	0	0	0.00293877551020408	0	0	0	0	0	0
"Alticola_semicanus"	0	0	0	0	0	0	0	0	0	0	0	0	0	0	0	0	0	0	0.00850661625708885	0	0.31304347826087	0	0	0	0.00680529300567108	0.0153119092627599	0.0374291115311909	0.0170132325141777	0.183742911153119	0	0	0.112287334593573	0.0850661625708885	0.0119092627599244	0	0.0374291115311909	0	0	0	0	0	0	0.00340264650283554	0.0391304347826087	0	0	0.00340264650283554	0	0.0187145557655955	0	0	0.00340264650283554	0	0	0	0	0.00340264650283554	0
"Allocricetulus_curtatus"	0	0	0	0	0	0	0	0	0	0	0	0	0	0	0	0	0	0	0	0	0.045	0	0	0	0	0	0.769090909090909	0.0122727272727273	0.0163636363636364	0	0	0	0.00818181818181818	0	0	0	0	0	0	0	0	0	0.00818181818181818	0	0.0409090909090909	0	0	0	0	0	0	0	0	0	0	0	0	0
"Cricetulus_barabensis"	0	0	0	0	0	0	0	0	0	0	0	0	0	0	0	0	0	0	0	0	0	0	0	0	0.0406779661016949	0.0711864406779661	0	0	0	0.513559322033898	0	0	0	0	0	0	0	0	0	0	0	0.13728813559322	0.0101694915254237	0	0.0457627118644068	0.0508474576271186	0	0	0	0.0305084745762712	0	0	0	0	0	0	0	0
"Allactaga_sibirica"	0	0	0	0	0	0	0	0	0	0	0	0	0	0	0	0	0	0	0	0	0	0.0211764705882353	0	0	0.0317647058823529	0.0317647058823529	0	0	0	0	0	0	0	0	0	0	0.391764705882353	0	0.349411764705882	0	0	0	0.0529411764705882	0	0.0211764705882353	0	0	0	0	0	0	0	0	0	0	0	0	0
"Meriones_meridianus"	0	0	0	0	0	0	0	0	0	0	0	0	0	0	0	0	0	0	0	0	0	0	0	0	0	0	0	0.0631578947368421	0	0	0	0	0	0	0.489473684210526	0	0	0	0	0.0473684210526316	0	0	0	0	0	0	0	0.268421052631579	0	0	0	0	0	0	0	0	0	0.0315789473684211
"Ellobius_tancrei"	0	0	0	0	0	0	0	0	0	0	0	0	0	0	0	0	0	0	0	0	0	0	0	0	0	0.05625	0	0	0	0	0	0	0	0	0	0	0	0	0	0	0.84375	0	0	0	0	0	0	0	0	0	0	0	0	0	0	0	0	0
"Phodopus_sungorus"	0	0	0	0	0	0	0	0	0	0	0	0	0	0	0	0	0	0	0	0	0.0620689655172414	0	0	0	0	0.0931034482758621	0	0	0	0	0	0	0	0	0	0.0931034482758621	0	0	0	0	0	0	0.341379310344828	0	0	0.248275862068966	0	0	0	0	0	0.0620689655172414	0	0	0	0	0	0
"Microtus_gregalis"	0	0	0	0	0	0	0	0	0	0	0	0	0	0	0	0	0	0	0	0	0.739285714285714	0	0	0	0	0	0	0	0	0	0	0	0	0	0	0	0	0	0	0	0	0	0	0.0964285714285714	0	0	0	0	0	0	0	0	0.0642857142857143	0	0	0	0	0
"Eolagurus_przewalskii"	0	0	0	0	0	0	0	0	0	0	0	0	0	0	0	0	0	0	0	0	0.566666666666667	0	0	0	0	0	0.133333333333333	0.0666666666666667	0	0	0	0	0	0	0	0	0	0	0	0.0666666666666667	0	0	0	0	0	0	0	0	0	0.0666666666666667	0	0	0	0	0	0	0	0
"Dipus_sagitta"	0	0	0	0	0	0	0	0	0	0	0	0	0	0	0	0	0	0	0	0	0	0	0	0	0	0	0	0	0	0	0	0	0	0	0	0	0	0	0	0.9	0	0	0	0	0	0	0	0	0	0	0	0	0	0	0	0	0	0
"Meriones_unguiculatus"	0	0	0	0	0	0	0	0	0	0	0	0	0	0	0	0	0	0	0	0	0	0	0	0	0	0	0	0.142105263157895	0	0	0	0	0	0	0.378947368421053	0	0	0	0	0	0	0	0.189473684210526	0	0	0	0	0.0947368421052632	0	0.0947368421052632	0	0	0	0	0	0	0	0
"Sciurus_vulgaris"	0	0	0	0	0	0	0	0	0	0	0	0	0	0	0	0	0	0	0	0	0	0	0	0	0	0	0	0	0	0	0	0	0	0	0	0	0	0	0	0	0	0	0	0	0	0	0	0	0	0	0.9	0	0	0	0	0	0	0
"Microtus_oeconomus"	0	0	0	0	0	0	0	0	0	0	0	0	0	0	0	0	0	0	0	0	0	0	0	0	0	0	0	0	0	0	0.6	0	0	0	0	0	0	0	0	0	0	0	0	0	0	0	0	0	0	0	0	0	0	0	0	0.3	0	0
"Clethrionomys_rufocanus"	0	0	0	0	0	0	0	0	0	0	0	0	0	0	0	0	0	0	0	0	0	0	0	0	0	0	0	0	0	0	0	0	0	0	0	0	0	0	0	0	0	0	0	0	0	0	0	0	0	0	0	0	0	0	0.9	0	0	0
"Tamias_sibiricus"	0	0	0	0	0	0	0	0	0	0	0	0	0	0	0	0	0	0	0	0	0	0	0	0	0	0	0	0	0	0	0	0	0	0	0	0	0	0	0	0	0	0	0	0	0	0	0	0	0	0	0	0	0	0.9	0	0	0	0
"Citellophilus_tesquorum"	0.895297337646181	0.00313510823587957	0.000447872605125653	0.00111968151281413	0	0	0	0	0	0	0	0	0	0	0	0	0	0	0	0	0	0	0	0	0	0	0	0	0	0	0	0	0	0	0	0	0	0	0	0	0	0	0	0	0	0	0	0	0	0	0	0	0	0	0	0	0	0
"Oropsylla_silantiewi"	0.000917431192660551	0.899082568807339	0	0	0	0	0	0	0	0	0	0	0	0	0	0	0	0	0	0	0	0	0	0	0	0	0	0	0	0	0	0	0	0	0	0	0	0	0	0	0	0	0	0	0	0	0	0	0	0	0	0	0	0	0	0	0	0
"Amphipsylla_primaris"	0.00894409937888199	0.0022360248447205	0.623850931677019	0.205714285714286	0.0122981366459627	0	0	0	0	0.0022360248447205	0.0257142857142857	0.0190062111801242	0	0	0	0	0	0	0	0	0	0	0	0	0	0	0	0	0	0	0	0	0	0	0	0	0	0	0	0	0	0	0	0	0	0	0	0	0	0	0	0	0	0	0	0	0	0
"Frontopsylla_elatoides"	0.897049180327869	0	0	0	0	0	0.00295081967213115	0	0	0	0	0	0	0	0	0	0	0	0	0	0	0	0	0	0	0	0	0	0	0	0	0	0	0	0	0	0	0	0	0	0	0	0	0	0	0	0	0	0	0	0	0	0	0	0	0	0	0
"Rhadinopsylla_li"	0.896979865771812	0.00302013422818792	0	0	0	0	0	0	0	0	0	0	0	0	0	0	0	0	0	0	0	0	0	0	0	0	0	0	0	0	0	0	0	0	0	0	0	0	0	0	0	0	0	0	0	0	0	0	0	0	0	0	0	0	0	0	0	0
"Oropsylla_alaskensis"	0.9	0	0	0	0	0	0	0	0	0	0	0	0	0	0	0	0	0	0	0	0	0	0	0	0	0	0	0	0	0	0	0	0	0	0	0	0	0	0	0	0	0	0	0	0	0	0	0	0	0	0	0	0	0	0	0	0	0
"Neopsylla_mana"	0.21438679245283	0.00636792452830189	0.647405660377358	0.00849056603773585	0	0.0169811320754717	0.00636792452830189	0	0	0	0	0	0	0	0	0	0	0	0	0	0	0	0	0	0	0	0	0	0	0	0	0	0	0	0	0	0	0	0	0	0	0	0	0	0	0	0	0	0	0	0	0	0	0	0	0	0	0
"Frontopsylla_hetera"	0.489908256880734	0.0302752293577982	0.294495412844037	0.0247706422018349	0	0.0385321100917431	0.00825688073394495	0	0.0055045871559633	0.00825688073394495	0	0	0	0	0	0	0	0	0	0	0	0	0	0	0	0	0	0	0	0	0	0	0	0	0	0	0	0	0	0	0	0	0	0	0	0	0	0	0	0	0	0	0	0	0	0	0	0
"Paradoxopsyllus_dashidorzhii"	0	0.00833333333333333	0	0.0916666666666667	0.783333333333333	0	0	0	0	0	0	0.0166666666666667	0	0	0	0	0	0	0	0	0	0	0	0	0	0	0	0	0	0	0	0	0	0	0	0	0	0	0	0	0	0	0	0	0	0	0	0	0	0	0	0	0	0	0	0	0	0
"Neopsylla_pleskei"	0.0107784431137725	0.0107784431137725	0.759880239520958	0.0538922155688623	0.0161676646706587	0	0	0.0215568862275449	0	0	0	0.0107784431137725	0	0.0161676646706587	0	0	0	0	0	0	0	0	0	0	0	0	0	0	0	0	0	0	0	0	0	0	0	0	0	0	0	0	0	0	0	0	0	0	0	0	0	0	0	0	0	0	0	0
"Paradoxopsyllus_scorodumovi"	0.0148760330578512	0	0.0520661157024793	0.803305785123967	0.0297520661157025	0	0	0	0	0	0	0	0	0	0	0	0	0	0	0	0	0	0	0	0	0	0	0	0	0	0	0	0	0	0	0	0	0	0	0	0	0	0	0	0	0	0	0	0	0	0	0	0	0	0	0	0	0
"Amphipsylla_vinogradovi"	0.0259615384615385	0	0	0	0	0.874038461538462	0	0	0	0	0	0	0	0	0	0	0	0	0	0	0	0	0	0	0	0	0	0	0	0	0	0	0	0	0	0	0	0	0	0	0	0	0	0	0	0	0	0	0	0	0	0	0	0	0	0	0	0
"Amalaraeus_penicilliger"	0	0	0.840659340659341	0	0	0	0	0	0	0	0	0	0	0	0	0.0593406593406593	0	0	0	0	0	0	0	0	0	0	0	0	0	0	0	0	0	0	0	0	0	0	0	0	0	0	0	0	0	0	0	0	0	0	0	0	0	0	0	0	0	0
"Paramonopsyllus_scalonae"	0	0	0	0.9	0	0	0	0	0	0	0	0	0	0	0	0	0	0	0	0	0	0	0	0	0	0	0	0	0	0	0	0	0	0	0	0	0	0	0	0	0	0	0	0	0	0	0	0	0	0	0	0	0	0	0	0	0	0
"Frontopsylla_elata"	0	0	0	0.865384615384615	0.0346153846153846	0	0	0	0	0	0	0	0	0	0	0	0	0	0	0	0	0	0	0	0	0	0	0	0	0	0	0	0	0	0	0	0	0	0	0	0	0	0	0	0	0	0	0	0	0	0	0	0	0	0	0	0	0
"Ctenophyllus_hirticrus"	0.704347826086957	0	0.058695652173913	0.13695652173913	0	0	0	0	0	0	0	0	0	0	0	0	0	0	0	0	0	0	0	0	0	0	0	0	0	0	0	0	0	0	0	0	0	0	0	0	0	0	0	0	0	0	0	0	0	0	0	0	0	0	0	0	0	0
"Nosopsyllus_laeviceps"	0	0	0	0	0	0	0	0.715384615384615	0	0	0	0	0	0.184615384615385	0	0	0	0	0	0	0	0	0	0	0	0	0	0	0	0	0	0	0	0	0	0	0	0	0	0	0	0	0	0	0	0	0	0	0	0	0	0	0	0	0	0	0	0
"Rhadinopsylla_dahurica"	0.0473684210526316	0	0.260526315789474	0.521052631578947	0	0	0	0	0	0.0710526315789474	0	0	0	0	0	0	0	0	0	0	0	0	0	0	0	0	0	0	0	0	0	0	0	0	0	0	0	0	0	0	0	0	0	0	0	0	0	0	0	0	0	0	0	0	0	0	0	0
"Ophthalmopsylla_praefecta"	0	0	0	0	0	0	0.9	0	0	0	0	0	0	0	0	0	0	0	0	0	0	0	0	0	0	0	0	0	0	0	0	0	0	0	0	0	0	0	0	0	0	0	0	0	0	0	0	0	0	0	0	0	0	0	0	0	0	0
"Neopsylla_abagaitui"	0.9	0	0	0	0	0	0	0	0	0	0	0	0	0	0	0	0	0	0	0	0	0	0	0	0	0	0	0	0	0	0	0	0	0	0	0	0	0	0	0	0	0	0	0	0	0	0	0	0	0	0	0	0	0	0	0	0	0
"Frontopsylla_wagneri"	0	0	0	0	0	0	0.9	0	0	0	0	0	0	0	0	0	0	0	0	0	0	0	0	0	0	0	0	0	0	0	0	0	0	0	0	0	0	0	0	0	0	0	0	0	0	0	0	0	0	0	0	0	0	0	0	0	0	0
"Ophthalmopsylla_kiritschenkovi"	0	0	0	0	0	0	0	0.0870967741935484	0	0	0	0.0580645161290323	0.754838709677419	0	0	0	0	0	0	0	0	0	0	0	0	0	0	0	0	0	0	0	0	0	0	0	0	0	0	0	0	0	0	0	0	0	0	0	0	0	0	0	0	0	0	0	0	0
"Amphipsylla_dumalis"	0	0	0	0	0	0	0	0	0.9	0	0	0	0	0	0	0	0	0	0	0	0	0	0	0	0	0	0	0	0	0	0	0	0	0	0	0	0	0	0	0	0	0	0	0	0	0	0	0	0	0	0	0	0	0	0	0	0	0
"Neopsylla_bidentatiformis"	0.09	0	0	0	0	0.81	0	0	0	0	0	0	0	0	0	0	0	0	0	0	0	0	0	0	0	0	0	0	0	0	0	0	0	0	0	0	0	0	0	0	0	0	0	0	0	0	0	0	0	0	0	0	0	0	0	0	0	0
"Amphipsylla_longispina"	0	0	0	0.0692307692307692	0.0692307692307692	0.0692307692307692	0.173076923076923	0	0	0.380769230769231	0	0	0	0.138461538461538	0	0	0	0	0	0	0	0	0	0	0	0	0	0	0	0	0	0	0	0	0	0	0	0	0	0	0	0	0	0	0	0	0	0	0	0	0	0	0	0	0	0	0	0
"Callopsylla_caspia"	0	0	0	0.796153846153846	0	0	0	0	0	0	0.103846153846154	0	0	0	0	0	0	0	0	0	0	0	0	0	0	0	0	0	0	0	0	0	0	0	0	0	0	0	0	0	0	0	0	0	0	0	0	0	0	0	0	0	0	0	0	0	0	0
"Pectinoctenus_pavlovskii"	0	0	0	0	0.428571428571429	0.385714285714286	0.0857142857142857	0	0	0	0	0	0	0	0	0	0	0	0	0	0	0	0	0	0	0	0	0	0	0	0	0	0	0	0	0	0	0	0	0	0	0	0	0	0	0	0	0	0	0	0	0	0	0	0	0	0	0
"Neopsylla_galea"	0	0	0.09	0	0	0.45	0	0	0	0.36	0	0	0	0	0	0	0	0	0	0	0	0	0	0	0	0	0	0	0	0	0	0	0	0	0	0	0	0	0	0	0	0	0	0	0	0	0	0	0	0	0	0	0	0	0	0	0	0
"Amphalius_runatus"	0.805263157894737	0	0	0.0947368421052632	0	0	0	0	0	0	0	0	0	0	0	0	0	0	0	0	0	0	0	0	0	0	0	0	0	0	0	0	0	0	0	0	0	0	0	0	0	0	0	0	0	0	0	0	0	0	0	0	0	0	0	0	0	0
"Paradoxopsyllus_kalabukhovi"	0	0	0	0	0	0	0	0.805263157894737	0	0	0	0	0	0.0947368421052632	0	0	0	0	0	0	0	0	0	0	0	0	0	0	0	0	0	0	0	0	0	0	0	0	0	0	0	0	0	0	0	0	0	0	0	0	0	0	0	0	0	0	0	0
"Wagnerina_longicauda"	0	0	0	0.9	0	0	0	0	0	0	0	0	0	0	0	0	0	0	0	0	0	0	0	0	0	0	0	0	0	0	0	0	0	0	0	0	0	0	0	0	0	0	0	0	0	0	0	0	0	0	0	0	0	0	0	0	0	0
"Paradoxopsyllus_integer"	0	0	0	0	0	0.54	0	0	0	0	0	0.18	0	0.18	0	0	0	0	0	0	0	0	0	0	0	0	0	0	0	0	0	0	0	0	0	0	0	0	0	0	0	0	0	0	0	0	0	0	0	0	0	0	0	0	0	0	0	0
"Tarsopsylla_octodecimdentata"	0	0	0	0	0	0	0	0	0	0	0	0	0	0	0.9	0	0	0	0	0	0	0	0	0	0	0	0	0	0	0	0	0	0	0	0	0	0	0	0	0	0	0	0	0	0	0	0	0	0	0	0	0	0	0	0	0	0	0
"Rhadinopsylla_rothschildi"	0	0	0.45	0.225	0	0	0	0	0	0.225	0	0	0	0	0	0	0	0	0	0	0	0	0	0	0	0	0	0	0	0	0	0	0	0	0	0	0	0	0	0	0	0	0	0	0	0	0	0	0	0	0	0	0	0	0	0	0	0
"Amphipsylla_kuznetzovi"	0.45	0	0	0	0	0	0	0	0	0	0.45	0	0	0	0	0	0	0	0	0	0	0	0	0	0	0	0	0	0	0	0	0	0	0	0	0	0	0	0	0	0	0	0	0	0	0	0	0	0	0	0	0	0	0	0	0	0	0
"Ceratophyllus_indages"	0	0	0	0	0	0	0	0	0	0	0	0	0	0	0	0	0	0.9	0	0	0	0	0	0	0	0	0	0	0	0	0	0	0	0	0	0	0	0	0	0	0	0	0	0	0	0	0	0	0	0	0	0	0	0	0	0	0	0
"Megabothris_rectangulatus"	0	0	0	0	0	0	0	0	0	0	0	0	0	0	0	0	0.9	0	0	0	0	0	0	0	0	0	0	0	0	0	0	0	0	0	0	0	0	0	0	0	0	0	0	0	0	0	0	0	0	0	0	0	0	0	0	0	0	0
"Rhadinopsylla_altaica"	0	0	0	0	0	0	0	0	0	0	0	0	0	0	0	0.9	0	0	0	0	0	0	0	0	0	0	0	0	0	0	0	0	0	0	0	0	0	0	0	0	0	0	0	0	0	0	0	0	0	0	0	0	0	0	0	0	0	0
"Rhadinopsylla_pseudodahurica"	0	0	0	0.9	0	0	0	0	0	0	0	0	0	0	0	0	0	0	0	0	0	0	0	0	0	0	0	0	0	0	0	0	0	0	0	0	0	0	0	0	0	0	0	0	0	0	0	0	0	0	0	0	0	0	0	0	0	0
"Xenopsylla_conformis"	0	0	0	0	0	0	0	0.9	0	0	0	0	0	0	0	0	0	0	0	0	0	0	0	0	0	0	0	0	0	0	0	0	0	0	0	0	0	0	0	0	0	0	0	0	0	0	0	0	0	0	0	0	0	0	0	0	0	0
