"Dipterocarpus_pachyphyllus"	"Dipterocarpus_geniculatus"	"Dipterocarpus_crinitus"	"Dipterocarpus_globosus"	"Dipterocarpus_palembanicus"	"Dipterocarpus_tempehes"	"Dryobalanops_aromatica"	"Dryobalanops_lanceolata"	"Shorea_smithiana"	"Shorea_macrophylla"	"Shorea_xantophylla"	"Shorea_laxa"	"Shorea_argentifolia"	"Sternuchopsis_hoplomachus"	"Araecerus_corporaali"	"Phloebius_sp._1"	"Ctenomerus_sp._2"	"Manoja_sp._1"	"Meregallia_dipterocarpi"	"Meregallia_sp._1"	"Nanophyes_shoreae"	"Nanophyes_sp._2"	"Apionidae_Gn._sp._1"	"Involvulus_sp._3"	"Imathia_sp._1"	"Ochyromera_sp._2"	"Idotasia_sp._1"	"Sternuchopsis_curranae"	"Sternuchopsis_dipterocarpi"	"Sternuchopsis_shoreaphilus"	"Niphades_sp._1"	"Orchestes_sp._1"	"Orchestes_sp._2"	"Orchestes_sp._4"	"Coccotrypes_advena"	"Coccotrypes_cardamoni"	"Coccotrypes_gedeanus"	"Coccotrypes_papuanus"	"Dryocoetiops_malaccensis"	"Xyleborinus_exiguus"	"Xyleborinus_similis"	"Andrioplecta_shoreae"	"Andrioplecta_subpulverula"	"Andrioplecta_sp._A"	"Andrioplecta_sp._B"	"Lamoria_adaptella"	"Cosmopterigidae_sp._A"	"Assara_albicostalis"	"Sesiidae_Gn._Sp._A"	"Imma_homocrossa"
"Dipterocarpus_pachyphyllus"	0	0	0	0	0	0	0	0	0	0	0	0	0	0	0.0391304347826087	0	0.0195652173913043	0	0	0	0	0	0	0.352173913043478	0.0195652173913043	0	0.0391304347826087	0.0195652173913043	0	0	0.0391304347826087	0	0	0	0.0391304347826087	0	0.0978260869565217	0	0.0195652173913043	0	0.0195652173913043	0.0195652173913043	0	0.0195652173913043	0	0.0195652173913043	0.117391304347826	0	0	0.0195652173913043
"Dipterocarpus_geniculatus"	0	0	0	0	0	0	0	0	0	0	0	0	0	0.028125	0.028125	0	0	0	0.196875	0	0	0	0	0	0	0.028125	0	0.05625	0	0	0.1125	0	0	0	0.05625	0	0.253125	0.028125	0	0	0	0.028125	0	0	0.028125	0	0.05625	0	0	0
"Dipterocarpus_crinitus"	0	0	0	0	0	0	0	0	0	0	0	0	0	0	0	0	0	0	0	0	0	0	0	0	0	0	0	0	0	0	0	0	0	0	0	0	0	0	0	0	0	0	0	0	0	0	0	0.9	0	0
"Dipterocarpus_globosus"	0	0	0	0	0	0	0	0	0	0	0	0	0	0	0	0	0	0	0	0	0	0	0	0	0.142105263157895	0	0	0	0	0	0	0	0	0	0.0473684210526316	0	0.615789473684211	0.0947368421052632	0	0	0	0	0	0	0	0	0	0	0	0
"Dipterocarpus_palembanicus"	0	0	0	0	0	0	0	0	0	0	0	0	0	0	0.227848101265823	0	0	0	0	0.0227848101265823	0	0	0.0113924050632911	0	0.159493670886076	0	0.0113924050632911	0.0455696202531646	0	0	0	0	0	0.0113924050632911	0	0.0341772151898734	0.341772151898734	0	0	0	0	0	0	0	0	0	0.0341772151898734	0	0	0
"Dipterocarpus_tempehes"	0	0	0	0	0	0	0	0	0	0	0	0	0	0.0076271186440678	0.0419491525423729	0.0038135593220339	0	0	0	0.0076271186440678	0	0	0	0	0	0	0	0.118220338983051	0	0	0.671186440677966	0	0	0	0.0228813559322034	0	0.0038135593220339	0.0038135593220339	0	0.0038135593220339	0	0	0.0152542372881356	0	0	0	0	0	0	0
"Dryobalanops_aromatica"	0	0	0	0	0	0	0	0	0	0	0	0	0	0	0	0	0	0	0	0	0	0	0	0	0	0	0	0.1125	0	0	0	0	0	0	0.1125	0	0.675	0	0	0	0	0	0	0	0	0	0	0	0	0
"Dryobalanops_lanceolata"	0	0	0	0	0	0	0	0	0	0	0	0	0	0	0	0	0	0	0	0	0	0	0	0	0	0	0.0272727272727273	0.709090909090909	0	0	0	0	0	0	0	0	0.163636363636364	0	0	0	0	0	0	0	0	0	0	0	0	0
"Shorea_smithiana"	0	0	0	0	0	0	0	0	0	0	0	0	0	0	0.110526315789474	0	0.0631578947368421	0	0	0	0.221052631578947	0	0	0	0	0	0	0	0.157894736842105	0	0.0473684210526316	0.0157894736842105	0.0157894736842105	0.0157894736842105	0.0789473684210526	0.0947368421052632	0	0	0	0	0.0157894736842105	0.0157894736842105	0	0.0315789473684211	0	0	0	0.0157894736842105	0	0
"Shorea_macrophylla"	0	0	0	0	0	0	0	0	0	0	0	0	0	0	0.110526315789474	0	0	0.0157894736842105	0	0	0	0.0315789473684211	0	0	0.0315789473684211	0	0	0	0	0	0	0	0	0	0.0157894736842105	0	0.394736842105263	0	0	0	0	0.0789473684210526	0	0.0157894736842105	0	0	0	0.0789473684210526	0.126315789473684	0
"Shorea_xantophylla"	0	0	0	0	0	0	0	0	0	0	0	0	0	0	0	0	0	0	0	0	0	0	0	0	0	0	0	0	0	0	0	0	0.45	0.45	0	0	0	0	0	0	0	0	0	0	0	0	0	0	0	0
"Shorea_laxa"	0	0	0	0	0	0	0	0	0	0	0	0	0	0	0	0	0	0	0	0	0	0	0	0	0	0	0	0.225	0	0.675	0	0	0	0	0	0	0	0	0	0	0	0	0	0	0	0	0	0	0	0
"Shorea_argentifolia"	0	0	0	0	0	0	0	0	0	0	0	0	0	0	0	0	0	0	0	0	0	0	0	0	0	0	0	0	0.514285714285714	0	0	0	0	0	0	0	0	0	0	0	0	0.257142857142857	0	0.128571428571429	0	0	0	0	0	0
"Sternuchopsis_hoplomachus"	0	0.3	0	0	0	0.6	0	0	0	0	0	0	0	0	0	0	0	0	0	0	0	0	0	0	0	0	0	0	0	0	0	0	0	0	0	0	0	0	0	0	0	0	0	0	0	0	0	0	0	0
"Araecerus_corporaali"	0.0375	0.01875	0	0	0.375	0.20625	0	0	0.13125	0.13125	0	0	0	0	0	0	0	0	0	0	0	0	0	0	0	0	0	0	0	0	0	0	0	0	0	0	0	0	0	0	0	0	0	0	0	0	0	0	0	0
"Phloebius_sp._1"	0	0	0	0	0	0.9	0	0	0	0	0	0	0	0	0	0	0	0	0	0	0	0	0	0	0	0	0	0	0	0	0	0	0	0	0	0	0	0	0	0	0	0	0	0	0	0	0	0	0	0
"Ctenomerus_sp._2"	0.18	0	0	0	0	0	0	0	0.72	0	0	0	0	0	0	0	0	0	0	0	0	0	0	0	0	0	0	0	0	0	0	0	0	0	0	0	0	0	0	0	0	0	0	0	0	0	0	0	0	0
"Manoja_sp._1"	0	0	0	0	0	0	0	0	0	0.9	0	0	0	0	0	0	0	0	0	0	0	0	0	0	0	0	0	0	0	0	0	0	0	0	0	0	0	0	0	0	0	0	0	0	0	0	0	0	0	0
"Meregallia_dipterocarpi"	0	0.9	0	0	0	0	0	0	0	0	0	0	0	0	0	0	0	0	0	0	0	0	0	0	0	0	0	0	0	0	0	0	0	0	0	0	0	0	0	0	0	0	0	0	0	0	0	0	0	0
"Meregallia_sp._1"	0	0	0	0	0.45	0.45	0	0	0	0	0	0	0	0	0	0	0	0	0	0	0	0	0	0	0	0	0	0	0	0	0	0	0	0	0	0	0	0	0	0	0	0	0	0	0	0	0	0	0	0
"Nanophyes_shoreae"	0	0	0	0	0	0	0	0	0.9	0	0	0	0	0	0	0	0	0	0	0	0	0	0	0	0	0	0	0	0	0	0	0	0	0	0	0	0	0	0	0	0	0	0	0	0	0	0	0	0	0
"Nanophyes_sp._2"	0	0	0	0	0	0	0	0	0	0.9	0	0	0	0	0	0	0	0	0	0	0	0	0	0	0	0	0	0	0	0	0	0	0	0	0	0	0	0	0	0	0	0	0	0	0	0	0	0	0	0
"Apionidae_Gn._sp._1"	0	0	0	0	0.9	0	0	0	0	0	0	0	0	0	0	0	0	0	0	0	0	0	0	0	0	0	0	0	0	0	0	0	0	0	0	0	0	0	0	0	0	0	0	0	0	0	0	0	0	0
"Involvulus_sp._3"	0.9	0	0	0	0	0	0	0	0	0	0	0	0	0	0	0	0	0	0	0	0	0	0	0	0	0	0	0	0	0	0	0	0	0	0	0	0	0	0	0	0	0	0	0	0	0	0	0	0	0
"Imathia_sp._1"	0.045	0	0	0.135	0.63	0	0	0	0	0.09	0	0	0	0	0	0	0	0	0	0	0	0	0	0	0	0	0	0	0	0	0	0	0	0	0	0	0	0	0	0	0	0	0	0	0	0	0	0	0	0
"Ochyromera_sp._2"	0	0.9	0	0	0	0	0	0	0	0	0	0	0	0	0	0	0	0	0	0	0	0	0	0	0	0	0	0	0	0	0	0	0	0	0	0	0	0	0	0	0	0	0	0	0	0	0	0	0	0
"Idotasia_sp._1"	0.45	0	0	0	0.225	0	0	0.225	0	0	0	0	0	0	0	0	0	0	0	0	0	0	0	0	0	0	0	0	0	0	0	0	0	0	0	0	0	0	0	0	0	0	0	0	0	0	0	0	0	0
"Sternuchopsis_curranae"	0.0136363636363636	0.0272727272727273	0	0	0.0545454545454545	0.422727272727273	0.0136363636363636	0.354545454545455	0	0	0	0.0136363636363636	0	0	0	0	0	0	0	0	0	0	0	0	0	0	0	0	0	0	0	0	0	0	0	0	0	0	0	0	0	0	0	0	0	0	0	0	0	0
"Sternuchopsis_dipterocarpi"	0	0	0	0	0	0	0	0	0.5	0	0	0	0.4	0	0	0	0	0	0	0	0	0	0	0	0	0	0	0	0	0	0	0	0	0	0	0	0	0	0	0	0	0	0	0	0	0	0	0	0	0
"Sternuchopsis_shoreaphilus"	0	0	0	0	0	0	0	0	0	0	0	0.9	0	0	0	0	0	0	0	0	0	0	0	0	0	0	0	0	0	0	0	0	0	0	0	0	0	0	0	0	0	0	0	0	0	0	0	0	0	0
"Niphades_sp._1"	0.00972972972972973	0.0194594594594595	0	0	0	0.856216216216216	0	0	0.0145945945945946	0	0	0	0	0	0	0	0	0	0	0	0	0	0	0	0	0	0	0	0	0	0	0	0	0	0	0	0	0	0	0	0	0	0	0	0	0	0	0	0	0
"Orchestes_sp._1"	0	0	0	0	0	0	0	0	0.9	0	0	0	0	0	0	0	0	0	0	0	0	0	0	0	0	0	0	0	0	0	0	0	0	0	0	0	0	0	0	0	0	0	0	0	0	0	0	0	0	0
"Orchestes_sp._2"	0	0	0	0	0	0	0	0	0.45	0	0.45	0	0	0	0	0	0	0	0	0	0	0	0	0	0	0	0	0	0	0	0	0	0	0	0	0	0	0	0	0	0	0	0	0	0	0	0	0	0	0
"Orchestes_sp._4"	0	0	0	0	0.3	0	0	0	0.3	0	0.3	0	0	0	0	0	0	0	0	0	0	0	0	0	0	0	0	0	0	0	0	0	0	0	0	0	0	0	0	0	0	0	0	0	0	0	0	0	0	0
"Coccotrypes_advena"	0.1	0.1	0	0.05	0	0.3	0.05	0	0.25	0.05	0	0	0	0	0	0	0	0	0	0	0	0	0	0	0	0	0	0	0	0	0	0	0	0	0	0	0	0	0	0	0	0	0	0	0	0	0	0	0	0
"Coccotrypes_cardamoni"	0	0	0	0	0.3	0	0	0	0.6	0	0	0	0	0	0	0	0	0	0	0	0	0	0	0	0	0	0	0	0	0	0	0	0	0	0	0	0	0	0	0	0	0	0	0	0	0	0	0	0	0
"Coccotrypes_gedeanus"	0.0473684210526316	0.0852631578947368	0	0.123157894736842	0.284210526315789	0.00947368421052632	0.0568421052631579	0.0568421052631579	0	0.236842105263158	0	0	0	0	0	0	0	0	0	0	0	0	0	0	0	0	0	0	0	0	0	0	0	0	0	0	0	0	0	0	0	0	0	0	0	0	0	0	0	0
"Coccotrypes_papuanus"	0	0.225	0	0.45	0	0.225	0	0	0	0	0	0	0	0	0	0	0	0	0	0	0	0	0	0	0	0	0	0	0	0	0	0	0	0	0	0	0	0	0	0	0	0	0	0	0	0	0	0	0	0
"Dryocoetiops_malaccensis"	0.9	0	0	0	0	0	0	0	0	0	0	0	0	0	0	0	0	0	0	0	0	0	0	0	0	0	0	0	0	0	0	0	0	0	0	0	0	0	0	0	0	0	0	0	0	0	0	0	0	0
"Xyleborinus_exiguus"	0	0	0	0	0	0.9	0	0	0	0	0	0	0	0	0	0	0	0	0	0	0	0	0	0	0	0	0	0	0	0	0	0	0	0	0	0	0	0	0	0	0	0	0	0	0	0	0	0	0	0
"Xyleborinus_similis"	0.45	0	0	0	0	0	0	0	0.45	0	0	0	0	0	0	0	0	0	0	0	0	0	0	0	0	0	0	0	0	0	0	0	0	0	0	0	0	0	0	0	0	0	0	0	0	0	0	0	0	0
"Andrioplecta_shoreae"	0.075	0.075	0	0	0	0	0	0	0.075	0.375	0	0	0.3	0	0	0	0	0	0	0	0	0	0	0	0	0	0	0	0	0	0	0	0	0	0	0	0	0	0	0	0	0	0	0	0	0	0	0	0	0
"Andrioplecta_subpulverula"	0	0	0	0	0	0.9	0	0	0	0	0	0	0	0	0	0	0	0	0	0	0	0	0	0	0	0	0	0	0	0	0	0	0	0	0	0	0	0	0	0	0	0	0	0	0	0	0	0	0	0
"Andrioplecta_sp._A"	0.15	0	0	0	0	0	0	0	0.3	0.15	0	0	0.3	0	0	0	0	0	0	0	0	0	0	0	0	0	0	0	0	0	0	0	0	0	0	0	0	0	0	0	0	0	0	0	0	0	0	0	0	0
"Andrioplecta_sp._B"	0	0.9	0	0	0	0	0	0	0	0	0	0	0	0	0	0	0	0	0	0	0	0	0	0	0	0	0	0	0	0	0	0	0	0	0	0	0	0	0	0	0	0	0	0	0	0	0	0	0	0
"Lamoria_adaptella"	0.9	0	0	0	0	0	0	0	0	0	0	0	0	0	0	0	0	0	0	0	0	0	0	0	0	0	0	0	0	0	0	0	0	0	0	0	0	0	0	0	0	0	0	0	0	0	0	0	0	0
"Cosmopterigidae_sp._A"	0.490909090909091	0.163636363636364	0	0	0.245454545454545	0	0	0	0	0	0	0	0	0	0	0	0	0	0	0	0	0	0	0	0	0	0	0	0	0	0	0	0	0	0	0	0	0	0	0	0	0	0	0	0	0	0	0	0	0
"Assara_albicostalis"	0	0	0.128571428571429	0	0	0	0	0	0.128571428571429	0.642857142857143	0	0	0	0	0	0	0	0	0	0	0	0	0	0	0	0	0	0	0	0	0	0	0	0	0	0	0	0	0	0	0	0	0	0	0	0	0	0	0	0
"Sesiidae_Gn._Sp._A"	0	0	0	0	0	0	0	0	0	0.9	0	0	0	0	0	0	0	0	0	0	0	0	0	0	0	0	0	0	0	0	0	0	0	0	0	0	0	0	0	0	0	0	0	0	0	0	0	0	0	0
"Imma_homocrossa"	0.9	0	0	0	0	0	0	0	0	0	0	0	0	0	0	0	0	0	0	0	0	0	0	0	0	0	0	0	0	0	0	0	0	0	0	0	0	0	0	0	0	0	0	0	0	0	0	0	0	0
