"Dracaena_reflexa"	"Stillingia_lineata"	"Myonima_violacea"	"Psiadia_terebinthina"	"Bertiera_zaluzania"	"Erythroxylum_macrocarpum"	"Homalanthus_populifolius"	"Croton_fothergillifolius"	"Molinaea_alternifolia"	"Olea_lancea"	"Psidium_cattleianum"	"Faujasiopsis_flexuosa"	"Claoxylon_linostachys"	"Aphloia_theiformis"	"Flagellaria_indica"	"Chassalia_coriacea"	"Antirhea_borbonica"	"Chaetocnema_sp1_M_PL_075"	"Stomorhina_lunata"	"Apis_mellifera"	"Technomyrmex_albipes"	"Dysauxes_florida"	"Allograpta_nasuta"	"Ophyra_capensis"	"Dioxyna_sororcula"	"Pachycerina_crinicornis"	"Ischiodon_aegyptius"	"Nacoleia_sp1_M_PL_075"	"Brachymyrmex_sp1_M_PL_075"	"Lygistorrhina_sp1_M_PL_075"	"Musca_domestica"	"Polistes_hebraeus"	"Melanostoma_bituberculatum"	"Panara_naso"	"Paragus_borbonicus"	"Chrysomya_megacephala"	"Fannia_pusio"	"Melanostoma_annulipes"	"Cerambycidae_sp1_M_PL_075"	"Episyrphus_sp1_M_PL_075"	"Eristalinus_flaveolus"	"Ornidia_obesa"	"Stomoxys_calcitrans"	"Agathidinae_sp1_M_PL_075"	"Cerambycidae_sp2_M_PL_075"	"Eumolpinae_sp1_M_PL_075"	"Eumolpinae_sp2_M_PL_075"	"Gelechioidea_sp1_M_PL_075"	"Henotesia_narcissus"	"Leptotes_pirithous"	"Mauritiborium_undulatus"	"Nacoleia_sp2_M_PL_075"	"Phorinia_sp1_M_PL_075"	"Stomoxys_niger"	"Syritta_sp1_M_PL_075"	"Villa_unifasciata"
"Dracaena_reflexa"	0	0	0	0	0	0	0	0	0	0	0	0	0	0	0	0	0	0	0.072	0.288	0	0.054	0.108	0	0	0.036	0.108	0.072	0	0	0	0	0	0	0	0.054	0	0.018	0	0.018	0.036	0	0	0	0	0	0	0	0.018	0	0	0	0	0.018	0	0
"Stillingia_lineata"	0	0	0	0	0	0	0	0	0	0	0	0	0	0	0	0	0	0.325531914893617	0.0382978723404255	0	0.0765957446808511	0	0.0957446808510638	0.191489361702128	0	0.0574468085106383	0	0	0	0	0.0191489361702128	0	0.0191489361702128	0	0	0	0.0382978723404255	0	0.0191489361702128	0	0	0	0	0	0	0	0	0	0	0	0	0	0	0	0.0191489361702128	0
"Myonima_violacea"	0	0	0	0	0	0	0	0	0	0	0	0	0	0	0	0	0	0	0	0.109756097560976	0.285365853658537	0.263414634146341	0.0219512195121951	0	0	0	0	0	0.109756097560976	0.0219512195121951	0	0.0219512195121951	0	0	0	0	0	0	0	0	0	0	0.0439024390243902	0	0	0	0	0	0	0.0219512195121951	0	0	0	0	0	0
"Psiadia_terebinthina"	0	0	0	0	0	0	0	0	0	0	0	0	0	0	0	0	0	0.102857142857143	0.282857142857143	0	0	0.18	0	0	0.257142857142857	0.0257142857142857	0	0	0	0	0	0	0	0	0	0	0	0	0.0257142857142857	0	0	0.0257142857142857	0	0	0	0	0	0	0	0	0	0	0	0	0	0
"Bertiera_zaluzania"	0	0	0	0	0	0	0	0	0	0	0	0	0	0	0	0	0	0	0.0264705882352941	0.423529411764706	0.317647058823529	0.0264705882352941	0.0529411764705882	0	0	0.0264705882352941	0.0264705882352941	0	0	0	0	0	0	0	0	0	0	0	0	0	0	0	0	0	0	0	0	0	0	0	0	0	0	0	0	0
"Erythroxylum_macrocarpum"	0	0	0	0	0	0	0	0	0	0	0	0	0	0	0	0	0	0.279310344827586	0.186206896551724	0	0	0.0310344827586207	0.0931034482758621	0	0	0.0310344827586207	0.0310344827586207	0	0	0	0	0	0	0.0310344827586207	0	0	0	0	0	0.0310344827586207	0	0.0310344827586207	0	0	0	0	0.0310344827586207	0.0310344827586207	0	0	0.0310344827586207	0	0.0310344827586207	0	0	0.0310344827586207
"Homalanthus_populifolius"	0	0	0	0	0	0	0	0	0	0	0	0	0	0	0	0	0	0.553846153846154	0.0692307692307692	0	0	0	0.0346153846153846	0	0.0346153846153846	0.0346153846153846	0	0	0	0	0.0692307692307692	0	0	0	0	0	0.0346153846153846	0.0692307692307692	0	0	0	0	0	0	0	0	0	0	0	0	0	0	0	0	0	0
"Croton_fothergillifolius"	0	0	0	0	0	0	0	0	0	0	0	0	0	0	0	0	0	0.36	0.072	0	0.036	0.036	0	0	0.072	0.144	0	0.072	0	0	0	0	0	0	0	0	0	0	0	0	0	0	0	0	0.036	0.036	0	0	0	0	0	0.036	0	0	0	0
"Molinaea_alternifolia"	0	0	0	0	0	0	0	0	0	0	0	0	0	0	0	0	0	0.072	0.216	0.108	0.036	0	0.036	0.216	0	0	0.036	0	0	0	0.072	0.072	0	0	0	0	0	0	0	0	0	0	0	0.036	0	0	0	0	0	0	0	0	0	0	0	0
"Olea_lancea"	0	0	0	0	0	0	0	0	0	0	0	0	0	0	0	0	0	0.757894736842105	0.0473684210526316	0.0473684210526316	0	0	0.0473684210526316	0	0	0	0	0	0	0	0	0	0	0	0	0	0	0	0	0	0	0	0	0	0	0	0	0	0	0	0	0	0	0	0	0
"Psidium_cattleianum"	0	0	0	0	0	0	0	0	0	0	0	0	0	0	0	0	0	0.6	0.075	0	0	0	0.075	0	0.075	0	0	0	0	0	0	0.075	0	0	0	0	0	0	0	0	0	0	0	0	0	0	0	0	0	0	0	0	0	0	0	0
"Faujasiopsis_flexuosa"	0	0	0	0	0	0	0	0	0	0	0	0	0	0	0	0	0	0.0818181818181818	0.818181818181818	0	0	0	0	0	0	0	0	0	0	0	0	0	0	0	0	0	0	0	0	0	0	0	0	0	0	0	0	0	0	0	0	0	0	0	0	0
"Claoxylon_linostachys"	0	0	0	0	0	0	0	0	0	0	0	0	0	0	0	0	0	0	0	0	0	0	0	0	0.1	0	0	0	0	0.4	0	0	0	0	0.4	0	0	0	0	0	0	0	0	0	0	0	0	0	0	0	0	0	0	0	0	0
"Aphloia_theiformis"	0	0	0	0	0	0	0	0	0	0	0	0	0	0	0	0	0	0	0.385714285714286	0	0	0	0	0.128571428571429	0	0	0	0	0	0	0	0.128571428571429	0.257142857142857	0	0	0	0	0	0	0	0	0	0	0	0	0	0	0	0	0	0	0	0	0	0	0
"Flagellaria_indica"	0	0	0	0	0	0	0	0	0	0	0	0	0	0	0	0	0	0.771428571428571	0	0	0	0	0	0	0	0	0	0	0	0	0	0	0.128571428571429	0	0	0	0	0	0	0	0	0	0	0	0	0	0	0	0	0	0	0	0	0	0	0
"Chassalia_coriacea"	0	0	0	0	0	0	0	0	0	0	0	0	0	0	0	0	0	0	0	0	0	0	0.3	0	0	0.15	0	0	0	0	0	0	0	0.45	0	0	0	0	0	0	0	0	0	0	0	0	0	0	0	0	0	0	0	0	0	0
"Antirhea_borbonica"	0	0	0	0	0	0	0	0	0	0	0	0	0	0	0	0	0	0.36	0	0	0	0	0	0	0	0	0	0.54	0	0	0	0	0	0	0	0	0	0	0	0	0	0	0	0	0	0	0	0	0	0	0	0	0	0	0	0
"Chaetocnema_sp1_M_PL_075"	0	0.168131868131868	0	0.0395604395604396	0	0.089010989010989	0.158241758241758	0.0989010989010989	0.0197802197802198	0.158241758241758	0.0791208791208791	0.00989010989010989	0	0	0.0593406593406593	0	0.0197802197802198	0	0	0	0	0	0	0	0	0	0	0	0	0	0	0	0	0	0	0	0	0	0	0	0	0	0	0	0	0	0	0	0	0	0	0	0	0	0	0
"Stomorhina_lunata"	0.073469387755102	0.036734693877551	0	0.202040816326531	0.0183673469387755	0.110204081632653	0.036734693877551	0.036734693877551	0.110204081632653	0.0183673469387755	0.0183673469387755	0.183673469387755	0	0.0551020408163265	0	0	0	0	0	0	0	0	0	0	0	0	0	0	0	0	0	0	0	0	0	0	0	0	0	0	0	0	0	0	0	0	0	0	0	0	0	0	0	0	0	0
"Apis_mellifera"	0.351219512195122	0	0.109756097560976	0	0.351219512195122	0	0	0	0.0658536585365854	0.0219512195121951	0	0	0	0	0	0	0	0	0	0	0	0	0	0	0	0	0	0	0	0	0	0	0	0	0	0	0	0	0	0	0	0	0	0	0	0	0	0	0	0	0	0	0	0	0	0
"Technomyrmex_albipes"	0	0.116129032258065	0.37741935483871	0	0.348387096774194	0	0	0.0290322580645161	0.0290322580645161	0	0	0	0	0	0	0	0	0	0	0	0	0	0	0	0	0	0	0	0	0	0	0	0	0	0	0	0	0	0	0	0	0	0	0	0	0	0	0	0	0	0	0	0	0	0	0
"Dysauxes_florida"	0.108	0	0.432	0.252	0.036	0.036	0	0.036	0	0	0	0	0	0	0	0	0	0	0	0	0	0	0	0	0	0	0	0	0	0	0	0	0	0	0	0	0	0	0	0	0	0	0	0	0	0	0	0	0	0	0	0	0	0	0	0
"Allograpta_nasuta"	0.234782608695652	0.195652173913043	0.0391304347826087	0	0.0782608695652174	0.117391304347826	0.0391304347826087	0	0.0391304347826087	0.0391304347826087	0.0391304347826087	0	0	0	0	0.0782608695652174	0	0	0	0	0	0	0	0	0	0	0	0	0	0	0	0	0	0	0	0	0	0	0	0	0	0	0	0	0	0	0	0	0	0	0	0	0	0	0	0
"Ophyra_capensis"	0	0.529411764705882	0	0	0	0	0	0	0.317647058823529	0	0	0	0	0.0529411764705882	0	0	0	0	0	0	0	0	0	0	0	0	0	0	0	0	0	0	0	0	0	0	0	0	0	0	0	0	0	0	0	0	0	0	0	0	0	0	0	0	0	0
"Dioxyna_sororcula"	0	0	0	0.6	0	0	0.06	0.12	0	0	0.06	0	0.06	0	0	0	0	0	0	0	0	0	0	0	0	0	0	0	0	0	0	0	0	0	0	0	0	0	0	0	0	0	0	0	0	0	0	0	0	0	0	0	0	0	0	0
"Pachycerina_crinicornis"	0.128571428571429	0.192857142857143	0	0.0642857142857143	0.0642857142857143	0.0642857142857143	0.0642857142857143	0.257142857142857	0	0	0	0	0	0	0	0.0642857142857143	0	0	0	0	0	0	0	0	0	0	0	0	0	0	0	0	0	0	0	0	0	0	0	0	0	0	0	0	0	0	0	0	0	0	0	0	0	0	0	0
"Ischiodon_aegyptius"	0.6	0	0	0	0.1	0.1	0	0	0.1	0	0	0	0	0	0	0	0	0	0	0	0	0	0	0	0	0	0	0	0	0	0	0	0	0	0	0	0	0	0	0	0	0	0	0	0	0	0	0	0	0	0	0	0	0	0	0
"Nacoleia_sp1_M_PL_075"	0.4	0	0	0	0	0	0	0.2	0	0	0	0	0	0	0	0	0.3	0	0	0	0	0	0	0	0	0	0	0	0	0	0	0	0	0	0	0	0	0	0	0	0	0	0	0	0	0	0	0	0	0	0	0	0	0	0	0
"Brachymyrmex_sp1_M_PL_075"	0	0	0.9	0	0	0	0	0	0	0	0	0	0	0	0	0	0	0	0	0	0	0	0	0	0	0	0	0	0	0	0	0	0	0	0	0	0	0	0	0	0	0	0	0	0	0	0	0	0	0	0	0	0	0	0	0
"Lygistorrhina_sp1_M_PL_075"	0	0	0.18	0	0	0	0	0	0	0	0	0	0.72	0	0	0	0	0	0	0	0	0	0	0	0	0	0	0	0	0	0	0	0	0	0	0	0	0	0	0	0	0	0	0	0	0	0	0	0	0	0	0	0	0	0	0
"Musca_domestica"	0	0.18	0	0	0	0	0.36	0	0.36	0	0	0	0	0	0	0	0	0	0	0	0	0	0	0	0	0	0	0	0	0	0	0	0	0	0	0	0	0	0	0	0	0	0	0	0	0	0	0	0	0	0	0	0	0	0	0
"Polistes_hebraeus"	0	0	0.18	0	0	0	0	0	0.36	0	0.18	0	0	0.18	0	0	0	0	0	0	0	0	0	0	0	0	0	0	0	0	0	0	0	0	0	0	0	0	0	0	0	0	0	0	0	0	0	0	0	0	0	0	0	0	0	0
"Melanostoma_bituberculatum"	0	0.225	0	0	0	0	0	0	0	0	0	0	0	0.45	0.225	0	0	0	0	0	0	0	0	0	0	0	0	0	0	0	0	0	0	0	0	0	0	0	0	0	0	0	0	0	0	0	0	0	0	0	0	0	0	0	0	0
"Panara_naso"	0	0	0	0	0	0.225	0	0	0	0	0	0	0	0	0	0.675	0	0	0	0	0	0	0	0	0	0	0	0	0	0	0	0	0	0	0	0	0	0	0	0	0	0	0	0	0	0	0	0	0	0	0	0	0	0	0	0
"Paragus_borbonicus"	0	0	0	0	0	0	0	0	0	0	0	0	0.9	0	0	0	0	0	0	0	0	0	0	0	0	0	0	0	0	0	0	0	0	0	0	0	0	0	0	0	0	0	0	0	0	0	0	0	0	0	0	0	0	0	0	0
"Chrysomya_megacephala"	0.9	0	0	0	0	0	0	0	0	0	0	0	0	0	0	0	0	0	0	0	0	0	0	0	0	0	0	0	0	0	0	0	0	0	0	0	0	0	0	0	0	0	0	0	0	0	0	0	0	0	0	0	0	0	0	0
"Fannia_pusio"	0	0.6	0	0	0	0	0.3	0	0	0	0	0	0	0	0	0	0	0	0	0	0	0	0	0	0	0	0	0	0	0	0	0	0	0	0	0	0	0	0	0	0	0	0	0	0	0	0	0	0	0	0	0	0	0	0	0
"Melanostoma_annulipes"	0.3	0	0	0	0	0	0.6	0	0	0	0	0	0	0	0	0	0	0	0	0	0	0	0	0	0	0	0	0	0	0	0	0	0	0	0	0	0	0	0	0	0	0	0	0	0	0	0	0	0	0	0	0	0	0	0	0
"Cerambycidae_sp1_M_PL_075"	0	0.45	0	0.45	0	0	0	0	0	0	0	0	0	0	0	0	0	0	0	0	0	0	0	0	0	0	0	0	0	0	0	0	0	0	0	0	0	0	0	0	0	0	0	0	0	0	0	0	0	0	0	0	0	0	0	0
"Episyrphus_sp1_M_PL_075"	0.45	0	0	0	0	0.45	0	0	0	0	0	0	0	0	0	0	0	0	0	0	0	0	0	0	0	0	0	0	0	0	0	0	0	0	0	0	0	0	0	0	0	0	0	0	0	0	0	0	0	0	0	0	0	0	0	0
"Eristalinus_flaveolus"	0.9	0	0	0	0	0	0	0	0	0	0	0	0	0	0	0	0	0	0	0	0	0	0	0	0	0	0	0	0	0	0	0	0	0	0	0	0	0	0	0	0	0	0	0	0	0	0	0	0	0	0	0	0	0	0	0
"Ornidia_obesa"	0	0	0	0.45	0	0.45	0	0	0	0	0	0	0	0	0	0	0	0	0	0	0	0	0	0	0	0	0	0	0	0	0	0	0	0	0	0	0	0	0	0	0	0	0	0	0	0	0	0	0	0	0	0	0	0	0	0
"Stomoxys_calcitrans"	0	0	0.9	0	0	0	0	0	0	0	0	0	0	0	0	0	0	0	0	0	0	0	0	0	0	0	0	0	0	0	0	0	0	0	0	0	0	0	0	0	0	0	0	0	0	0	0	0	0	0	0	0	0	0	0	0
"Agathidinae_sp1_M_PL_075"	0	0	0	0	0	0	0	0	0.9	0	0	0	0	0	0	0	0	0	0	0	0	0	0	0	0	0	0	0	0	0	0	0	0	0	0	0	0	0	0	0	0	0	0	0	0	0	0	0	0	0	0	0	0	0	0	0
"Cerambycidae_sp2_M_PL_075"	0	0	0	0	0	0	0	0.9	0	0	0	0	0	0	0	0	0	0	0	0	0	0	0	0	0	0	0	0	0	0	0	0	0	0	0	0	0	0	0	0	0	0	0	0	0	0	0	0	0	0	0	0	0	0	0	0
"Eumolpinae_sp1_M_PL_075"	0	0	0	0	0	0	0	0.9	0	0	0	0	0	0	0	0	0	0	0	0	0	0	0	0	0	0	0	0	0	0	0	0	0	0	0	0	0	0	0	0	0	0	0	0	0	0	0	0	0	0	0	0	0	0	0	0
"Eumolpinae_sp2_M_PL_075"	0	0	0	0	0	0.9	0	0	0	0	0	0	0	0	0	0	0	0	0	0	0	0	0	0	0	0	0	0	0	0	0	0	0	0	0	0	0	0	0	0	0	0	0	0	0	0	0	0	0	0	0	0	0	0	0	0
"Gelechioidea_sp1_M_PL_075"	0	0	0	0	0	0.9	0	0	0	0	0	0	0	0	0	0	0	0	0	0	0	0	0	0	0	0	0	0	0	0	0	0	0	0	0	0	0	0	0	0	0	0	0	0	0	0	0	0	0	0	0	0	0	0	0	0
"Henotesia_narcissus"	0.9	0	0	0	0	0	0	0	0	0	0	0	0	0	0	0	0	0	0	0	0	0	0	0	0	0	0	0	0	0	0	0	0	0	0	0	0	0	0	0	0	0	0	0	0	0	0	0	0	0	0	0	0	0	0	0
"Leptotes_pirithous"	0	0	0.9	0	0	0	0	0	0	0	0	0	0	0	0	0	0	0	0	0	0	0	0	0	0	0	0	0	0	0	0	0	0	0	0	0	0	0	0	0	0	0	0	0	0	0	0	0	0	0	0	0	0	0	0	0
"Mauritiborium_undulatus"	0	0	0	0	0	0.9	0	0	0	0	0	0	0	0	0	0	0	0	0	0	0	0	0	0	0	0	0	0	0	0	0	0	0	0	0	0	0	0	0	0	0	0	0	0	0	0	0	0	0	0	0	0	0	0	0	0
"Nacoleia_sp2_M_PL_075"	0	0	0	0	0	0	0	0.9	0	0	0	0	0	0	0	0	0	0	0	0	0	0	0	0	0	0	0	0	0	0	0	0	0	0	0	0	0	0	0	0	0	0	0	0	0	0	0	0	0	0	0	0	0	0	0	0
"Phorinia_sp1_M_PL_075"	0	0	0	0	0	0.9	0	0	0	0	0	0	0	0	0	0	0	0	0	0	0	0	0	0	0	0	0	0	0	0	0	0	0	0	0	0	0	0	0	0	0	0	0	0	0	0	0	0	0	0	0	0	0	0	0	0
"Stomoxys_niger"	0.9	0	0	0	0	0	0	0	0	0	0	0	0	0	0	0	0	0	0	0	0	0	0	0	0	0	0	0	0	0	0	0	0	0	0	0	0	0	0	0	0	0	0	0	0	0	0	0	0	0	0	0	0	0	0	0
"Syritta_sp1_M_PL_075"	0	0.9	0	0	0	0	0	0	0	0	0	0	0	0	0	0	0	0	0	0	0	0	0	0	0	0	0	0	0	0	0	0	0	0	0	0	0	0	0	0	0	0	0	0	0	0	0	0	0	0	0	0	0	0	0	0
"Villa_unifasciata"	0	0	0	0	0	0.9	0	0	0	0	0	0	0	0	0	0	0	0	0	0	0	0	0	0	0	0	0	0	0	0	0	0	0	0	0	0	0	0	0	0	0	0	0	0	0	0	0	0	0	0	0	0	0	0	0	0
