"Diplopterys_pubipetala"	"Byrsonima_gardnerana"	"Banisteriopsis_muricata"	"Heteropterys_sp1_M_PL_059"	"Heteropterys_sp2_M_PL_059"	"Dicella_bracteosa"	"Carolus_chasei"	"Stigmaphyllon_paralias"	"Banisteriopsis_stellaris"	"Banisteriopsis_schizoptera"	"Stigmaphyllon_auriculatum"	"Stigmaphyllon_ciliatum"	"Janusia_anisandra"	"Centris_aenea"	"Centris_fuscata"	"Centris_caxiensis"	"Centris_tarsata"	"Centris_flavifrons"	"Centris_trigonoides"	"Centris_obsoleta"	"Epicharis_sp1_M_PL_059"	"Apis_mellifera"	"Centris_sp1_M_PL_059"	"Centris_sp2_M_PL_059"	"Xylocopa_sp1_M_PL_059"	"Xylocopa_grisescens"
"Diplopterys_pubipetala"	0	0	0	0	0	0	0	0	0	0	0	0	0	0.217372881355932	0.216737288135593	0.117584745762712	0.0730932203389831	0.0661016949152542	0.0406779661016949	0	0.0521186440677966	0.0578389830508475	0.0584745762711864	0	0	0
"Byrsonima_gardnerana"	0	0	0	0	0	0	0	0	0	0	0	0	0	0.201453488372093	0.0697674418604651	0.459593023255814	0.101162790697674	0.0619186046511628	0	0	0	0.0061046511627907	0	0	0	0
"Banisteriopsis_muricata"	0	0	0	0	0	0	0	0	0	0	0	0	0	0.0897280966767372	0.106042296072508	0.0244712990936556	0.0317220543806647	0.061631419939577	0.14773413897281	0.206646525679758	0.0824773413897281	0.00996978851963746	0	0.0833836858006042	0.0371601208459214	0.0190332326283988
"Heteropterys_sp1_M_PL_059"	0	0	0	0	0	0	0	0	0	0	0	0	0	0.222668393782383	0.198186528497409	0.153886010362694	0.0897668393782383	0.117746113989637	0.0874352331606218	0	0.00816062176165803	0	0	0	0.0221502590673575	0
"Heteropterys_sp2_M_PL_059"	0	0	0	0	0	0	0	0	0	0	0	0	0	0.236842105263158	0.209957325746799	0.168990042674253	0.106258890469417	0	0.103698435277383	0	0.037126600284495	0.037126600284495	0	0	0	0
"Dicella_bracteosa"	0	0	0	0	0	0	0	0	0	0	0	0	0	0.240576923076923	0.221538461538462	0.154038461538462	0.0571153846153846	0.226730769230769	0	0	0	0	0	0	0	0
"Carolus_chasei"	0	0	0	0	0	0	0	0	0	0	0	0	0	0.322037914691943	0.240995260663507	0.230331753554502	0.106635071090047	0	0	0	0	0	0	0	0	0
"Stigmaphyllon_paralias"	0	0	0	0	0	0	0	0	0	0	0	0	0	0.343636363636364	0.556363636363636	0	0	0	0	0	0	0	0	0	0	0
"Banisteriopsis_stellaris"	0	0	0	0	0	0	0	0	0	0	0	0	0	0.276050420168067	0.283613445378151	0.230672268907563	0.109663865546218	0	0	0	0	0	0	0	0	0
"Banisteriopsis_schizoptera"	0	0	0	0	0	0	0	0	0	0	0	0	0	0.294827586206897	0.289655172413793	0.160344827586207	0.155172413793103	0	0	0	0	0	0	0	0	0
"Stigmaphyllon_auriculatum"	0	0	0	0	0	0	0	0	0	0	0	0	0	0.323353293413174	0.220958083832335	0.0916167664670659	0	0.264071856287425	0	0	0	0	0	0	0	0
"Stigmaphyllon_ciliatum"	0	0	0	0	0	0	0	0	0	0	0	0	0	0.384076433121019	0.280891719745223	0	0	0.235031847133758	0	0	0	0	0	0	0	0
"Janusia_anisandra"	0	0	0	0	0	0	0	0	0	0	0	0	0	0.320454545454545	0.415909090909091	0	0.163636363636364	0	0	0	0	0	0	0	0	0
"Centris_aenea"	0.174095022624434	0.117590497737557	0.05039592760181	0.0972285067873303	0.0941742081447964	0.0707579185520362	0.0768665158371041	0.0641402714932127	0.0371606334841629	0.0290158371040724	0.0305429864253394	0.034106334841629	0.0239253393665158	0	0	0	0	0	0	0	0	0	0	0	0	0
"Centris_fuscata"	0.191932457786116	0.0450281425891182	0.0658536585365854	0.0956848030018762	0.0923076923076923	0.0720450281425891	0.0636022514071295	0.114821763602251	0.0422138836772983	0.0315196998123827	0.0230769230769231	0.0275797373358349	0.0343339587242026	0	0	0	0	0	0	0	0	0	0	0	0	0
"Centris_caxiensis"	0.127196333078686	0.362337662337662	0.0185637891520244	0.0907563025210084	0.0907563025210084	0.0611917494270435	0.0742551566080978	0	0.0419404125286478	0.0213139801375095	0.0116883116883117	0	0	0	0	0	0	0	0	0	0	0	0	0	0	0
"Centris_tarsata"	0.174831081081081	0.176351351351351	0.0532094594594595	0.117060810810811	0.126182432432432	0.0501689189189189	0.0760135135135135	0	0.0440878378378378	0.0456081081081081	0	0	0.0364864864864865	0	0	0	0	0	0	0	0	0	0	0	0	0
"Centris_flavifrons"	0.165663716814159	0.113097345132743	0.108318584070796	0.160884955752212	0	0.208672566371681	0	0	0	0	0.0780530973451327	0.0653097345132743	0	0	0	0	0	0	0	0	0	0	0	0	0	0
"Centris_trigonoides"	0.150391644908616	0	0.383028720626632	0.176240208877285	0.190339425587467	0	0	0	0	0	0	0	0	0	0	0	0	0	0	0	0	0	0	0	0	0
"Centris_obsoleta"	0	0	0.9	0	0	0	0	0	0	0	0	0	0	0	0	0	0	0	0	0	0	0	0	0	0	0
"Epicharis_sp1_M_PL_059"	0.35311004784689	0	0.391866028708134	0.0301435406698565	0.12488038277512	0	0	0	0	0	0	0	0	0	0	0	0	0	0	0	0	0	0	0	0	0
"Apis_mellifera"	0.593478260869565	0.0456521739130435	0.0717391304347826	0	0.189130434782609	0	0	0	0	0	0	0	0	0	0	0	0	0	0	0	0	0	0	0	0	0
"Centris_sp1_M_PL_059"	0.9	0	0	0	0	0	0	0	0	0	0	0	0	0	0	0	0	0	0	0	0	0	0	0	0	0
"Centris_sp2_M_PL_059"	0	0	0.9	0	0	0	0	0	0	0	0	0	0	0	0	0	0	0	0	0	0	0	0	0	0	0
"Xylocopa_sp1_M_PL_059"	0	0	0.615	0.285	0	0	0	0	0	0	0	0	0	0	0	0	0	0	0	0	0	0	0	0	0	0
"Xylocopa_grisescens"	0	0	0.9	0	0	0	0	0	0	0	0	0	0	0	0	0	0	0	0	0	0	0	0	0	0	0
