"Pandanus_barklyi"	"Syzygium_coriaceum"	"Pittosporum_senacia"	"Aphloia_theiformis"	"Gaertnera_sp1_M_PL_067"	"Tabernaemontana_persicarifolia"	"Diospyros_revaughanii"	"Psiadia_terebinthina"	"Stillingia_lineata"	"Gaertnera_rotundifolia"	"Euodia_obtusifolia"	"Turraea_rigida"	"Gaertnera_petrinensis"	"Labourdonnaisia_callophylloides"	"Phyllanthus_phillyreifolius"	"Euodia_chapelieri"	"Ochna_mauritiana"	"Cordemoya_integrifolia"	"Smilax_anceps"	"Apis_mellifera"	"Nacoleia_sp1_M_PL_067"	"Technomyrmex_albipes"	"Villa_unifasciata"	"Phorinia_sp1_M_PL_067"	"Paragus_borbonicus"	"Pachycerina_crinicornis"	"Phelsuma_cepediana"	"Chrysomya_megacephala"	"Hippotion_eson"	"Nogodinidae_sp1_M_PL_067"	"Brachymyrmex_sp1_M_PL_067"	"Lecithoceridae_sp1_M_PL_067"	"Episyrphus_sp1_M_PL_067"	"Eristalinus_flaveolus"	"Ischiodon_aegyptius"	"Musca_domestica"	"Nacoleia_sp2_M_PL_067"	"Syritta_sp1_M_PL_067"	"Allograpta_nasuta"	"Cephonodes_trochilus"	"Fannia_pusio"	"Lygaeidae_sp1_M_PL_067"	"Melanagromyza_sojae"	"Pheidole_megacephala"	"Sarrothripinae_sp1_M_PL_067"	"Stomorhina_lunata"	"Zosterops_mauritianus"
"Pandanus_barklyi"	0	0	0	0	0	0	0	0	0	0	0	0	0	0	0	0	0	0	0	0.823943661971831	0	0	0	0	0	0	0.0253521126760563	0	0	0	0	0	0.0253521126760563	0	0.0253521126760563	0	0	0	0	0	0	0	0	0	0	0	0
"Syzygium_coriaceum"	0	0	0	0	0	0	0	0	0	0	0	0	0	0	0	0	0	0	0	0	0	0	0.306382978723404	0.229787234042553	0.21063829787234	0.0574468085106383	0	0.0574468085106383	0	0	0	0	0	0.0191489361702128	0	0.0191489361702128	0	0	0	0	0	0	0	0	0	0	0
"Pittosporum_senacia"	0	0	0	0	0	0	0	0	0	0	0	0	0	0	0	0	0	0	0	0.2	0.02	0.5	0.06	0.02	0	0.06	0	0.02	0	0	0	0	0	0.02	0	0	0	0	0	0	0	0	0	0	0	0	0
"Aphloia_theiformis"	0	0	0	0	0	0	0	0	0	0	0	0	0	0	0	0	0	0	0	0.109090909090909	0	0.490909090909091	0.245454545454545	0.0545454545454545	0	0	0	0	0	0	0	0	0	0	0	0	0	0	0	0	0	0	0	0	0	0	0
"Gaertnera_sp1_M_PL_067"	0	0	0	0	0	0	0	0	0	0	0	0	0	0	0	0	0	0	0	0	0.585	0	0.045	0	0	0	0	0	0.225	0	0	0	0	0	0	0	0	0	0	0.045	0	0	0	0	0	0	0
"Tabernaemontana_persicarifolia"	0	0	0	0	0	0	0	0	0	0	0	0	0	0	0	0	0	0	0	0	0.757894736842105	0	0	0	0	0	0	0	0	0	0	0.0947368421052632	0	0	0	0	0	0	0	0	0	0	0	0	0.0473684210526316	0	0
"Diospyros_revaughanii"	0	0	0	0	0	0	0	0	0	0	0	0	0	0	0	0	0	0	0	0.1	0.7	0	0	0	0	0	0.05	0	0	0	0	0.05	0	0	0	0	0	0	0	0	0	0	0	0	0	0	0
"Psiadia_terebinthina"	0	0	0	0	0	0	0	0	0	0	0	0	0	0	0	0	0	0	0	0.06	0.12	0.06	0.24	0	0.06	0	0	0	0	0.3	0	0	0	0	0	0	0	0	0	0	0	0.06	0	0	0	0	0
"Stillingia_lineata"	0	0	0	0	0	0	0	0	0	0	0	0	0	0	0	0	0	0	0	0	0	0	0	0.06	0.06	0.06	0	0.06	0	0	0.24	0	0	0	0	0.06	0	0.12	0.06	0	0.06	0	0.06	0	0	0.06	0
"Gaertnera_rotundifolia"	0	0	0	0	0	0	0	0	0	0	0	0	0	0	0	0	0	0	0	0	0.9	0	0	0	0	0	0	0	0	0	0	0	0	0	0	0	0	0	0	0	0	0	0	0	0	0	0
"Euodia_obtusifolia"	0	0	0	0	0	0	0	0	0	0	0	0	0	0	0	0	0	0	0	0	0	0.2	0.6	0.1	0	0	0	0	0	0	0	0	0	0	0	0	0	0	0	0	0	0	0	0	0	0	0
"Turraea_rigida"	0	0	0	0	0	0	0	0	0	0	0	0	0	0	0	0	0	0	0	0	0	0.675	0.225	0	0	0	0	0	0	0	0	0	0	0	0	0	0	0	0	0	0	0	0	0	0	0	0
"Gaertnera_petrinensis"	0	0	0	0	0	0	0	0	0	0	0	0	0	0	0	0	0	0	0	0.15	0.45	0	0	0	0	0	0	0	0	0	0	0	0	0	0	0	0.3	0	0	0	0	0	0	0	0	0	0
"Labourdonnaisia_callophylloides"	0	0	0	0	0	0	0	0	0	0	0	0	0	0	0	0	0	0	0	0.15	0	0	0	0	0	0	0.6	0	0	0	0	0	0	0	0	0	0	0	0	0	0	0	0	0	0	0	0.15
"Phyllanthus_phillyreifolius"	0	0	0	0	0	0	0	0	0	0	0	0	0	0	0	0	0	0	0	0	0	0.675	0	0	0	0	0	0	0	0	0	0	0	0	0	0	0	0	0	0	0	0	0	0.225	0	0	0
"Euodia_chapelieri"	0	0	0	0	0	0	0	0	0	0	0	0	0	0	0	0	0	0	0	0	0	0	0.45	0	0.45	0	0	0	0	0	0	0	0	0	0	0	0	0	0	0	0	0	0	0	0	0	0
"Ochna_mauritiana"	0	0	0	0	0	0	0	0	0	0	0	0	0	0	0	0	0	0	0	0	0	0.45	0.45	0	0	0	0	0	0	0	0	0	0	0	0	0	0	0	0	0	0	0	0	0	0	0	0
"Cordemoya_integrifolia"	0	0	0	0	0	0	0	0	0	0	0	0	0	0	0	0	0	0	0	0.9	0	0	0	0	0	0	0	0	0	0	0	0	0	0	0	0	0	0	0	0	0	0	0	0	0	0	0
"Smilax_anceps"	0	0	0	0	0	0	0	0	0	0	0	0	0	0	0	0	0	0	0	0	0.9	0	0	0	0	0	0	0	0	0	0	0	0	0	0	0	0	0	0	0	0	0	0	0	0	0	0
"Apis_mellifera"	0.688235294117647	0	0.105882352941176	0.0423529411764706	0	0	0.0211764705882353	0.0105882352941176	0	0	0	0	0.0105882352941176	0.0105882352941176	0	0	0	0.0105882352941176	0	0	0	0	0	0	0	0	0	0	0	0	0	0	0	0	0	0	0	0	0	0	0	0	0	0	0	0	0
"Nacoleia_sp1_M_PL_067"	0	0	0.0145161290322581	0	0.188709677419355	0.232258064516129	0.203225806451613	0.0290322580645161	0	0.174193548387097	0	0	0.0435483870967742	0	0	0	0	0	0.0145161290322581	0	0	0	0	0	0	0	0	0	0	0	0	0	0	0	0	0	0	0	0	0	0	0	0	0	0	0	0
"Technomyrmex_albipes"	0	0	0.401785714285714	0.289285714285714	0	0	0	0.0160714285714286	0	0	0.0321428571428571	0.0964285714285714	0	0	0.0482142857142857	0	0.0160714285714286	0	0	0	0	0	0	0	0	0	0	0	0	0	0	0	0	0	0	0	0	0	0	0	0	0	0	0	0	0	0
"Villa_unifasciata"	0	0.334883720930233	0.0627906976744186	0.188372093023256	0.0209302325581395	0	0	0.0837209302325581	0	0	0.125581395348837	0.0418604651162791	0	0	0	0.0209302325581395	0.0209302325581395	0	0	0	0	0	0	0	0	0	0	0	0	0	0	0	0	0	0	0	0	0	0	0	0	0	0	0	0	0	0
"Phorinia_sp1_M_PL_067"	0	0.635294117647059	0.0529411764705882	0.105882352941176	0	0	0	0	0.0529411764705882	0	0.0529411764705882	0	0	0	0	0	0	0	0	0	0	0	0	0	0	0	0	0	0	0	0	0	0	0	0	0	0	0	0	0	0	0	0	0	0	0	0
"Paragus_borbonicus"	0	0.707142857142857	0	0	0	0	0	0.0642857142857143	0.0642857142857143	0	0	0	0	0	0	0.0642857142857143	0	0	0	0	0	0	0	0	0	0	0	0	0	0	0	0	0	0	0	0	0	0	0	0	0	0	0	0	0	0	0
"Pachycerina_crinicornis"	0	0.385714285714286	0.385714285714286	0	0	0	0	0	0.128571428571429	0	0	0	0	0	0	0	0	0	0	0	0	0	0	0	0	0	0	0	0	0	0	0	0	0	0	0	0	0	0	0	0	0	0	0	0	0	0
"Phelsuma_cepediana"	0.257142857142857	0	0	0	0	0	0.128571428571429	0	0	0	0	0	0	0.514285714285714	0	0	0	0	0	0	0	0	0	0	0	0	0	0	0	0	0	0	0	0	0	0	0	0	0	0	0	0	0	0	0	0	0
"Chrysomya_megacephala"	0	0.54	0.18	0	0	0	0	0	0.18	0	0	0	0	0	0	0	0	0	0	0	0	0	0	0	0	0	0	0	0	0	0	0	0	0	0	0	0	0	0	0	0	0	0	0	0	0	0
"Hippotion_eson"	0	0	0	0	0.9	0	0	0	0	0	0	0	0	0	0	0	0	0	0	0	0	0	0	0	0	0	0	0	0	0	0	0	0	0	0	0	0	0	0	0	0	0	0	0	0	0	0
"Nogodinidae_sp1_M_PL_067"	0	0	0	0	0	0	0	0.9	0	0	0	0	0	0	0	0	0	0	0	0	0	0	0	0	0	0	0	0	0	0	0	0	0	0	0	0	0	0	0	0	0	0	0	0	0	0	0
"Brachymyrmex_sp1_M_PL_067"	0	0	0	0	0	0	0	0	0.9	0	0	0	0	0	0	0	0	0	0	0	0	0	0	0	0	0	0	0	0	0	0	0	0	0	0	0	0	0	0	0	0	0	0	0	0	0	0
"Lecithoceridae_sp1_M_PL_067"	0	0	0	0	0	0.6	0.3	0	0	0	0	0	0	0	0	0	0	0	0	0	0	0	0	0	0	0	0	0	0	0	0	0	0	0	0	0	0	0	0	0	0	0	0	0	0	0	0
"Episyrphus_sp1_M_PL_067"	0.9	0	0	0	0	0	0	0	0	0	0	0	0	0	0	0	0	0	0	0	0	0	0	0	0	0	0	0	0	0	0	0	0	0	0	0	0	0	0	0	0	0	0	0	0	0	0
"Eristalinus_flaveolus"	0	0.45	0.45	0	0	0	0	0	0	0	0	0	0	0	0	0	0	0	0	0	0	0	0	0	0	0	0	0	0	0	0	0	0	0	0	0	0	0	0	0	0	0	0	0	0	0	0
"Ischiodon_aegyptius"	0.9	0	0	0	0	0	0	0	0	0	0	0	0	0	0	0	0	0	0	0	0	0	0	0	0	0	0	0	0	0	0	0	0	0	0	0	0	0	0	0	0	0	0	0	0	0	0
"Musca_domestica"	0	0.45	0	0	0	0	0	0	0.45	0	0	0	0	0	0	0	0	0	0	0	0	0	0	0	0	0	0	0	0	0	0	0	0	0	0	0	0	0	0	0	0	0	0	0	0	0	0
"Nacoleia_sp2_M_PL_067"	0	0	0	0	0	0	0	0	0	0	0	0	0.9	0	0	0	0	0	0	0	0	0	0	0	0	0	0	0	0	0	0	0	0	0	0	0	0	0	0	0	0	0	0	0	0	0	0
"Syritta_sp1_M_PL_067"	0	0	0	0	0	0	0	0	0.9	0	0	0	0	0	0	0	0	0	0	0	0	0	0	0	0	0	0	0	0	0	0	0	0	0	0	0	0	0	0	0	0	0	0	0	0	0	0
"Allograpta_nasuta"	0	0	0	0	0	0	0	0	0.9	0	0	0	0	0	0	0	0	0	0	0	0	0	0	0	0	0	0	0	0	0	0	0	0	0	0	0	0	0	0	0	0	0	0	0	0	0	0
"Cephonodes_trochilus"	0	0	0	0	0.9	0	0	0	0	0	0	0	0	0	0	0	0	0	0	0	0	0	0	0	0	0	0	0	0	0	0	0	0	0	0	0	0	0	0	0	0	0	0	0	0	0	0
"Fannia_pusio"	0	0	0	0	0	0	0	0	0.9	0	0	0	0	0	0	0	0	0	0	0	0	0	0	0	0	0	0	0	0	0	0	0	0	0	0	0	0	0	0	0	0	0	0	0	0	0	0
"Lygaeidae_sp1_M_PL_067"	0	0	0	0	0	0	0	0.9	0	0	0	0	0	0	0	0	0	0	0	0	0	0	0	0	0	0	0	0	0	0	0	0	0	0	0	0	0	0	0	0	0	0	0	0	0	0	0
"Melanagromyza_sojae"	0	0	0	0	0	0	0	0	0.9	0	0	0	0	0	0	0	0	0	0	0	0	0	0	0	0	0	0	0	0	0	0	0	0	0	0	0	0	0	0	0	0	0	0	0	0	0	0
"Pheidole_megacephala"	0	0	0	0	0	0	0	0	0	0	0	0	0	0	0.9	0	0	0	0	0	0	0	0	0	0	0	0	0	0	0	0	0	0	0	0	0	0	0	0	0	0	0	0	0	0	0	0
"Sarrothripinae_sp1_M_PL_067"	0	0	0	0	0	0.9	0	0	0	0	0	0	0	0	0	0	0	0	0	0	0	0	0	0	0	0	0	0	0	0	0	0	0	0	0	0	0	0	0	0	0	0	0	0	0	0	0
"Stomorhina_lunata"	0	0	0	0	0	0	0	0	0.9	0	0	0	0	0	0	0	0	0	0	0	0	0	0	0	0	0	0	0	0	0	0	0	0	0	0	0	0	0	0	0	0	0	0	0	0	0	0
"Zosterops_mauritianus"	0	0	0	0	0	0	0	0	0	0	0	0	0	0.9	0	0	0	0	0	0	0	0	0	0	0	0	0	0	0	0	0	0	0	0	0	0	0	0	0	0	0	0	0	0	0	0	0
