"Prunus_mahaleb"	"Crataegus_monogyna"	"Juniperus_phoenicea"	"Berberis_vulgaris"	"Hedera_helix"	"Rosa_canina"	"Lonicera_arborea"	"Juniperus_sabina"	"Taxus_baccata"	"Juniperus_communis"	"Daphne_laureola"	"Rhamnus_myrtifolius"	"Rubus_ulmifolius"	"Sorbus_aria"	"Amelanchier_ovalis"	"Arum_italicum"	"Prunus_prostrata"	"Rhamnus_saxatilis"	"Rubia_peregrina"	"Cotoneaster_granatensis"	"Juniperus_oxycedrus"	"Lonicera_splendida"	"Lonicera_etrusca"	"Paeonia_officinalis"	"Polygonatum_odoratum"	"Turdus_viscivorus"	"Phoenicurus_ochruros"	"Turdus_merula"	"Fringilla_coelebs"	"Turdus_torquatus"	"Parus_ater"	"Turdus_iliacus"	"Erithacus_rubecula"	"Sylvia_communis"	"Sylvia_atricapilla"	"Garrulus_glandarius"	"Phoenicurus_phoenicurus"	"Turdus_pilaris"	"Coccothraustes_coccothraustes"	"Parus_major"	"Columba_palumbus"	"Parus_caeruleus"	"Parus_cristatus"	"Corvus_corone"	"Sylvia_melanocephala"	"Sitta_europaea"	"Sylvia_cantillans"	"Dendrocopos_major"	"Serinus_serinus"	"Pica_pica"	"Sylvia_borin"	"Turdus_philomelos"	"Loxia_curvirostra"	"Serinus_citinella"	"Sylvia_conspicillata"	"Corvus_corax"	"Ficedula_hypoleuca"	"Emberiza_cia"
"Prunus_mahaleb"	0	0	0	0	0	0	0	0	0	0	0	0	0	0	0	0	0	0	0	0	0	0	0	0	0	0.163475021910605	0.185560911481157	0.114964943032428	0.154404031551271	0	0.0771034180543383	0	0.0345092024539877	0.0358895705521472	0.0122261174408414	0.0266213847502191	0.0218886941279579	0	0.000591586327782647	0.00808501314636284	0.0108457493426819	0.0120289219982472	0.00729623137598598	0.0037467134092901	0.00690184049079755	0.00650744960560912	0.0063102541630149	0.00414110429447853	0.00354951796669588	0	0.00157756354075372	0	0	0.00118317265556529	0.000394390885188431	0	0.000197195442594216	0
"Crataegus_monogyna"	0	0	0	0	0	0	0	0	0	0	0	0	0	0	0	0	0	0	0	0	0	0	0	0	0	0.100926784059314	0	0.0925857275254866	0.0567191844300278	0.312789620018536	0.00333642261353105	0.12678405931418	0.00166821130676552	0	0.00500463392029657	0.0108433734939759	0	0.0617238183503244	0.055885078776645	0.0225208526413346	0.0100092678405931	0.00583873957367933	0.00250231696014829	0.00834105653382762	0	0.000834105653382762	0	0	0	0.0108433734939759	0	0.00500463392029657	0.00333642261353105	0	0	0.00166821130676552	0	0.000834105653382762
"Juniperus_phoenicea"	0	0	0	0	0	0	0	0	0	0	0	0	0	0	0	0	0	0	0	0	0	0	0	0	0	0.308035714285714	0	0.0267857142857143	0	0.490178571428571	0	0.00535714285714286	0	0	0	0.0107142857142857	0	0.0214285714285714	0.0214285714285714	0	0.00803571428571428	0	0	0.00803571428571428	0	0	0	0	0	0	0	0	0	0	0	0	0	0
"Berberis_vulgaris"	0	0	0	0	0	0	0	0	0	0	0	0	0	0	0	0	0	0	0	0	0	0	0	0	0	0.0348837209302326	0.0767441860465116	0.0906976744186047	0.0418604651162791	0.331395348837209	0	0.12906976744186	0.0558139534883721	0	0.027906976744186	0	0.00697674418604651	0.0418604651162791	0	0.027906976744186	0	0.013953488372093	0	0.00697674418604651	0	0	0	0	0	0.013953488372093	0	0	0	0	0	0	0	0
"Hedera_helix"	0	0	0	0	0	0	0	0	0	0	0	0	0	0	0	0	0	0	0	0	0	0	0	0	0	0.0293877551020408	0.0036734693877551	0.517959183673469	0.0073469387755102	0.0073469387755102	0	0.0257142857142857	0	0	0.308571428571429	0	0	0	0	0	0	0	0	0	0	0	0	0	0	0	0	0	0	0	0	0	0	0
"Rosa_canina"	0	0	0	0	0	0	0	0	0	0	0	0	0	0	0	0	0	0	0	0	0	0	0	0	0	0.12	0	0.272727272727273	0	0.316363636363636	0	0.0490909090909091	0	0	0	0	0	0.103636363636364	0.0218181818181818	0	0	0	0	0	0	0	0	0	0	0	0	0.00545454545454545	0.0109090909090909	0	0	0	0	0
"Lonicera_arborea"	0	0	0	0	0	0	0	0	0	0	0	0	0	0	0	0	0	0	0	0	0	0	0	0	0	0.00947368421052632	0.0189473684210526	0.0663157894736842	0.0473684210526316	0.625263157894737	0.0757894736842105	0.00947368421052632	0	0	0.0378947368421053	0	0	0	0	0.00947368421052632	0	0	0	0	0	0	0	0	0	0	0	0	0	0	0	0	0	0
"Juniperus_sabina"	0	0	0	0	0	0	0	0	0	0	0	0	0	0	0	0	0	0	0	0	0	0	0	0	0	0.0847058823529412	0	0.0423529411764706	0	0.656470588235294	0	0.0952941176470588	0	0	0	0	0	0	0	0	0	0	0	0.0211764705882353	0	0	0	0	0	0	0	0	0	0	0	0	0	0
"Taxus_baccata"	0	0	0	0	0	0	0	0	0	0	0	0	0	0	0	0	0	0	0	0	0	0	0	0	0	0.075	0.24	0.15	0	0.165	0	0.09	0.075	0	0	0	0	0	0.03	0	0.075	0	0	0	0	0	0	0	0	0	0	0	0	0	0	0	0	0
"Juniperus_communis"	0	0	0	0	0	0	0	0	0	0	0	0	0	0	0	0	0	0	0	0	0	0	0	0	0	0.325	0	0.275	0	0.225	0	0.025	0	0	0	0	0	0	0	0	0.05	0	0	0	0	0	0	0	0	0	0	0	0	0	0	0	0	0
"Daphne_laureola"	0	0	0	0	0	0	0	0	0	0	0	0	0	0	0	0	0	0	0	0	0	0	0	0	0	0	0	0	0.264705882352941	0	0	0	0.0529411764705882	0	0.529411764705882	0	0	0	0	0.0529411764705882	0	0	0	0	0	0	0	0	0	0	0	0	0	0	0	0	0	0
"Rhamnus_myrtifolius"	0	0	0	0	0	0	0	0	0	0	0	0	0	0	0	0	0	0	0	0	0	0	0	0	0	0	0.54	0.3	0	0	0	0	0	0	0	0	0.06	0	0	0	0	0	0	0	0	0	0	0	0	0	0	0	0	0	0	0	0	0
"Rubus_ulmifolius"	0	0	0	0	0	0	0	0	0	0	0	0	0	0	0	0	0	0	0	0	0	0	0	0	0	0.138461538461538	0.138461538461538	0	0	0	0	0.0692307692307692	0.0692307692307692	0.0692307692307692	0.207692307692308	0	0	0	0	0	0	0	0	0	0	0	0	0	0	0	0	0.0692307692307692	0	0	0.0692307692307692	0	0.0692307692307692	0
"Sorbus_aria"	0	0	0	0	0	0	0	0	0	0	0	0	0	0	0	0	0	0	0	0	0	0	0	0	0	0	0	0	0	0.9	0	0	0	0	0	0	0	0	0	0	0	0	0	0	0	0	0	0	0	0	0	0	0	0	0	0	0	0
"Amelanchier_ovalis"	0	0	0	0	0	0	0	0	0	0	0	0	0	0	0	0	0	0	0	0	0	0	0	0	0	0	0.1	0	0	0	0.6	0	0.2	0	0	0	0	0	0	0	0	0	0	0	0	0	0	0	0	0	0	0	0	0	0	0	0	0
"Arum_italicum"	0	0	0	0	0	0	0	0	0	0	0	0	0	0	0	0	0	0	0	0	0	0	0	0	0	0	0	0.675	0	0	0	0	0.225	0	0	0	0	0	0	0	0	0	0	0	0	0	0	0	0	0	0	0	0	0	0	0	0	0
"Prunus_prostrata"	0	0	0	0	0	0	0	0	0	0	0	0	0	0	0	0	0	0	0	0	0	0	0	0	0	0	0	0.6	0	0	0	0	0.3	0	0	0	0	0	0	0	0	0	0	0	0	0	0	0	0	0	0	0	0	0	0	0	0	0
"Rhamnus_saxatilis"	0	0	0	0	0	0	0	0	0	0	0	0	0	0	0	0	0	0	0	0	0	0	0	0	0	0	0.3	0	0	0	0	0.3	0.3	0	0	0	0	0	0	0	0	0	0	0	0	0	0	0	0	0	0	0	0	0	0	0	0	0
"Rubia_peregrina"	0	0	0	0	0	0	0	0	0	0	0	0	0	0	0	0	0	0	0	0	0	0	0	0	0	0.3	0	0	0	0	0	0	0.3	0.3	0	0	0	0	0	0	0	0	0	0	0	0	0	0	0	0	0	0	0	0	0	0	0	0
"Cotoneaster_granatensis"	0	0	0	0	0	0	0	0	0	0	0	0	0	0	0	0	0	0	0	0	0	0	0	0	0	0	0	0.45	0	0	0	0	0.45	0	0	0	0	0	0	0	0	0	0	0	0	0	0	0	0	0	0	0	0	0	0	0	0	0
"Juniperus_oxycedrus"	0	0	0	0	0	0	0	0	0	0	0	0	0	0	0	0	0	0	0	0	0	0	0	0	0	0.9	0	0	0	0	0	0	0	0	0	0	0	0	0	0	0	0	0	0	0	0	0	0	0	0	0	0	0	0	0	0	0	0
"Lonicera_splendida"	0	0	0	0	0	0	0	0	0	0	0	0	0	0	0	0	0	0	0	0	0	0	0	0	0	0	0	0	0.45	0	0.45	0	0	0	0	0	0	0	0	0	0	0	0	0	0	0	0	0	0	0	0	0	0	0	0	0	0	0
"Lonicera_etrusca"	0	0	0	0	0	0	0	0	0	0	0	0	0	0	0	0	0	0	0	0	0	0	0	0	0	0	0	0	0	0	0.9	0	0	0	0	0	0	0	0	0	0	0	0	0	0	0	0	0	0	0	0	0	0	0	0	0	0	0
"Paeonia_officinalis"	0	0	0	0	0	0	0	0	0	0	0	0	0	0	0	0	0	0	0	0	0	0	0	0	0	0	0	0.9	0	0	0	0	0	0	0	0	0	0	0	0	0	0	0	0	0	0	0	0	0	0	0	0	0	0	0	0	0	0
"Polygonatum_odoratum"	0	0	0	0	0	0	0	0	0	0	0	0	0	0	0	0	0	0	0	0	0	0	0	0	0	0	0	0.9	0	0	0	0	0	0	0	0	0	0	0	0	0	0	0	0	0	0	0	0	0	0	0	0	0	0	0	0	0	0
"Turdus_viscivorus"	0.656200527704485	0.095778364116095	0.0910290237467018	0.0079155672823219	0.00633245382585752	0.0174142480211082	0.00079155672823219	0.00633245382585752	0.00395778364116095	0.0102902374670185	0	0	0.00158311345646438	0	0	0	0	0	0.00079155672823219	0	0.00158311345646438	0	0	0	0	0	0	0	0	0	0	0	0	0	0	0	0	0	0	0	0	0	0	0	0	0	0	0	0	0	0	0	0	0	0	0	0	0
"Phoenicurus_ochruros"	0.851155778894472	0	0	0.0198994974874372	0.000904522613065327	0	0.00180904522613065	0	0.0144723618090452	0	0	0.00814070351758794	0.00180904522613065	0	0.000904522613065327	0	0	0.000904522613065327	0	0	0	0	0	0	0	0	0	0	0	0	0	0	0	0	0	0	0	0	0	0	0	0	0	0	0	0	0	0	0	0	0	0	0	0	0	0	0	0
"Turdus_merula"	0.543167701863354	0.103416149068323	0.0093167701863354	0.024223602484472	0.131366459627329	0.046583850931677	0.00652173913043478	0.00372670807453416	0.0093167701863354	0.0102484472049689	0	0.0046583850931677	0	0	0	0.00279503105590062	0.00186335403726708	0	0	0.00093167701863354	0	0	0	0.00093167701863354	0.00093167701863354	0	0	0	0	0	0	0	0	0	0	0	0	0	0	0	0	0	0	0	0	0	0	0	0	0	0	0	0	0	0	0	0	0
"Fringilla_coelebs"	0.804452054794521	0.0698630136986301	0	0.0123287671232877	0.00205479452054795	0	0.00513698630136986	0	0	0	0.00513698630136986	0	0	0	0	0	0	0	0	0	0	0.00102739726027397	0	0	0	0	0	0	0	0	0	0	0	0	0	0	0	0	0	0	0	0	0	0	0	0	0	0	0	0	0	0	0	0	0	0	0	0
"Turdus_torquatus"	0	0.38704128440367	0.188876146788991	0.0980504587155963	0.00206422018348624	0.0598623853211009	0.0681192660550459	0.0639908256880734	0.0113532110091743	0.00928899082568807	0	0	0	0.0113532110091743	0	0	0	0	0	0	0	0	0	0	0	0	0	0	0	0	0	0	0	0	0	0	0	0	0	0	0	0	0	0	0	0	0	0	0	0	0	0	0	0	0	0	0	0
"Parus_ater"	0.856204379562044	0.00875912408759124	0	0	0	0	0.0175182481751825	0	0	0	0	0	0	0	0.0131386861313869	0	0	0	0	0	0	0.00218978102189781	0.00218978102189781	0	0	0	0	0	0	0	0	0	0	0	0	0	0	0	0	0	0	0	0	0	0	0	0	0	0	0	0	0	0	0	0	0	0	0
"Turdus_iliacus"	0	0.605309734513274	0.0079646017699115	0.147345132743363	0.0278761061946903	0.0358407079646018	0.00398230088495575	0.0358407079646018	0.0238938053097345	0.00398230088495575	0	0	0.00398230088495575	0	0	0	0	0.00398230088495575	0	0	0	0	0	0	0	0	0	0	0	0	0	0	0	0	0	0	0	0	0	0	0	0	0	0	0	0	0	0	0	0	0	0	0	0	0	0	0	0
"Erithacus_rubecula"	0.760869565217391	0.00869565217391304	0	0.0695652173913043	0	0	0	0	0.0217391304347826	0	0.00434782608695652	0	0.00434782608695652	0	0.00869565217391304	0.00434782608695652	0.00434782608695652	0.00434782608695652	0.00434782608695652	0.00434782608695652	0	0	0	0	0	0	0	0	0	0	0	0	0	0	0	0	0	0	0	0	0	0	0	0	0	0	0	0	0	0	0	0	0	0	0	0	0	0
"Sylvia_communis"	0.890217391304348	0	0	0	0	0	0	0	0	0	0	0	0.00489130434782609	0	0	0	0	0	0.00489130434782609	0	0	0	0	0	0	0	0	0	0	0	0	0	0	0	0	0	0	0	0	0	0	0	0	0	0	0	0	0	0	0	0	0	0	0	0	0	0	0
"Sylvia_atricapilla"	0.315254237288136	0.0305084745762712	0	0.0406779661016949	0.427118644067797	0	0.0203389830508475	0	0	0	0.0508474576271186	0	0.0152542372881356	0	0	0	0	0	0	0	0	0	0	0	0	0	0	0	0	0	0	0	0	0	0	0	0	0	0	0	0	0	0	0	0	0	0	0	0	0	0	0	0	0	0	0	0	0
"Garrulus_glandarius"	0.799342105263158	0.0769736842105263	0.0236842105263158	0	0	0	0	0	0	0	0	0	0	0	0	0	0	0	0	0	0	0	0	0	0	0	0	0	0	0	0	0	0	0	0	0	0	0	0	0	0	0	0	0	0	0	0	0	0	0	0	0	0	0	0	0	0	0
"Phoenicurus_phoenicurus"	0.876315789473684	0	0	0.0157894736842105	0	0	0	0	0	0	0	0.00789473684210526	0	0	0	0	0	0	0	0	0	0	0	0	0	0	0	0	0	0	0	0	0	0	0	0	0	0	0	0	0	0	0	0	0	0	0	0	0	0	0	0	0	0	0	0	0	0
"Turdus_pilaris"	0	0.589380530973451	0.063716814159292	0.0955752212389381	0	0.151327433628319	0	0	0	0	0	0	0	0	0	0	0	0	0	0	0	0	0	0	0	0	0	0	0	0	0	0	0	0	0	0	0	0	0	0	0	0	0	0	0	0	0	0	0	0	0	0	0	0	0	0	0	0
"Coccothraustes_coccothraustes"	0.0321428571428571	0.717857142857143	0.0857142857142857	0	0	0.0428571428571429	0	0	0.0214285714285714	0	0	0	0	0	0	0	0	0	0	0	0	0	0	0	0	0	0	0	0	0	0	0	0	0	0	0	0	0	0	0	0	0	0	0	0	0	0	0	0	0	0	0	0	0	0	0	0	0
"Parus_major"	0.473076923076923	0.311538461538462	0	0.0923076923076923	0	0	0.0115384615384615	0	0	0	0.0115384615384615	0	0	0	0	0	0	0	0	0	0	0	0	0	0	0	0	0	0	0	0	0	0	0	0	0	0	0	0	0	0	0	0	0	0	0	0	0	0	0	0	0	0	0	0	0	0	0
"Columba_palumbus"	0.642857142857143	0.14025974025974	0.0350649350649351	0	0	0	0	0	0.0584415584415584	0.0233766233766234	0	0	0	0	0	0	0	0	0	0	0	0	0	0	0	0	0	0	0	0	0	0	0	0	0	0	0	0	0	0	0	0	0	0	0	0	0	0	0	0	0	0	0	0	0	0	0	0
"Parus_caeruleus"	0.7625	0.0875	0	0.05	0	0	0	0	0	0	0	0	0	0	0	0	0	0	0	0	0	0	0	0	0	0	0	0	0	0	0	0	0	0	0	0	0	0	0	0	0	0	0	0	0	0	0	0	0	0	0	0	0	0	0	0	0	0
"Parus_cristatus"	0.8325	0.0675	0	0	0	0	0	0	0	0	0	0	0	0	0	0	0	0	0	0	0	0	0	0	0	0	0	0	0	0	0	0	0	0	0	0	0	0	0	0	0	0	0	0	0	0	0	0	0	0	0	0	0	0	0	0	0	0
"Corvus_corone"	0.475	0.25	0.075	0.05	0	0	0	0.05	0	0	0	0	0	0	0	0	0	0	0	0	0	0	0	0	0	0	0	0	0	0	0	0	0	0	0	0	0	0	0	0	0	0	0	0	0	0	0	0	0	0	0	0	0	0	0	0	0	0
"Sylvia_melanocephala"	0.9	0	0	0	0	0	0	0	0	0	0	0	0	0	0	0	0	0	0	0	0	0	0	0	0	0	0	0	0	0	0	0	0	0	0	0	0	0	0	0	0	0	0	0	0	0	0	0	0	0	0	0	0	0	0	0	0	0
"Sitta_europaea"	0.873529411764706	0.0264705882352941	0	0	0	0	0	0	0	0	0	0	0	0	0	0	0	0	0	0	0	0	0	0	0	0	0	0	0	0	0	0	0	0	0	0	0	0	0	0	0	0	0	0	0	0	0	0	0	0	0	0	0	0	0	0	0	0
"Sylvia_cantillans"	0.9	0	0	0	0	0	0	0	0	0	0	0	0	0	0	0	0	0	0	0	0	0	0	0	0	0	0	0	0	0	0	0	0	0	0	0	0	0	0	0	0	0	0	0	0	0	0	0	0	0	0	0	0	0	0	0	0	0
"Dendrocopos_major"	0.9	0	0	0	0	0	0	0	0	0	0	0	0	0	0	0	0	0	0	0	0	0	0	0	0	0	0	0	0	0	0	0	0	0	0	0	0	0	0	0	0	0	0	0	0	0	0	0	0	0	0	0	0	0	0	0	0	0
"Serinus_serinus"	0.9	0	0	0	0	0	0	0	0	0	0	0	0	0	0	0	0	0	0	0	0	0	0	0	0	0	0	0	0	0	0	0	0	0	0	0	0	0	0	0	0	0	0	0	0	0	0	0	0	0	0	0	0	0	0	0	0	0
"Pica_pica"	0	0.688235294117647	0	0.211764705882353	0	0	0	0	0	0	0	0	0	0	0	0	0	0	0	0	0	0	0	0	0	0	0	0	0	0	0	0	0	0	0	0	0	0	0	0	0	0	0	0	0	0	0	0	0	0	0	0	0	0	0	0	0	0
"Sylvia_borin"	0.9	0	0	0	0	0	0	0	0	0	0	0	0	0	0	0	0	0	0	0	0	0	0	0	0	0	0	0	0	0	0	0	0	0	0	0	0	0	0	0	0	0	0	0	0	0	0	0	0	0	0	0	0	0	0	0	0	0
"Turdus_philomelos"	0	0.675	0	0	0	0.1125	0	0	0	0	0	0	0.1125	0	0	0	0	0	0	0	0	0	0	0	0	0	0	0	0	0	0	0	0	0	0	0	0	0	0	0	0	0	0	0	0	0	0	0	0	0	0	0	0	0	0	0	0	0
"Loxia_curvirostra"	0	0.6	0	0	0	0.3	0	0	0	0	0	0	0	0	0	0	0	0	0	0	0	0	0	0	0	0	0	0	0	0	0	0	0	0	0	0	0	0	0	0	0	0	0	0	0	0	0	0	0	0	0	0	0	0	0	0	0	0
"Serinus_citinella"	0.9	0	0	0	0	0	0	0	0	0	0	0	0	0	0	0	0	0	0	0	0	0	0	0	0	0	0	0	0	0	0	0	0	0	0	0	0	0	0	0	0	0	0	0	0	0	0	0	0	0	0	0	0	0	0	0	0	0
"Sylvia_conspicillata"	0.6	0	0	0	0	0	0	0	0	0	0	0	0.3	0	0	0	0	0	0	0	0	0	0	0	0	0	0	0	0	0	0	0	0	0	0	0	0	0	0	0	0	0	0	0	0	0	0	0	0	0	0	0	0	0	0	0	0	0
"Corvus_corax"	0	0.9	0	0	0	0	0	0	0	0	0	0	0	0	0	0	0	0	0	0	0	0	0	0	0	0	0	0	0	0	0	0	0	0	0	0	0	0	0	0	0	0	0	0	0	0	0	0	0	0	0	0	0	0	0	0	0	0
"Ficedula_hypoleuca"	0.45	0	0	0	0	0	0	0	0	0	0	0	0.45	0	0	0	0	0	0	0	0	0	0	0	0	0	0	0	0	0	0	0	0	0	0	0	0	0	0	0	0	0	0	0	0	0	0	0	0	0	0	0	0	0	0	0	0	0
"Emberiza_cia"	0	0.9	0	0	0	0	0	0	0	0	0	0	0	0	0	0	0	0	0	0	0	0	0	0	0	0	0	0	0	0	0	0	0	0	0	0	0	0	0	0	0	0	0	0	0	0	0	0	0	0	0	0	0	0	0	0	0	0
