"Clethrionomys_rufocanus"	"Clethrionomys_rutilus"	"Apodemus_peninsulae"	"Tamias_sibiricus"	"Microtus_evoronensis"	"Myopus_schisticolor"	"Sciurus_vulgaris"	"Megabothris_advenarius"	"Pectinoctenus_pectiniceps"	"Amalaraeus_dissimilis"	"Neopsylla_acanthina"	"Catallagia_ioffi"	"Hystrichopsylla_microti"	"Megabothris_asio"	"Ctenophthalmus_pisticus"	"Ceratophyllus_indages"	"Catallagia_dacenkoi"	"Corrodopsylla_birulai"	"Ctenophthalmus_congeneroides"	"Rhadinopsylla_pseudodahurica"
"Clethrionomys_rufocanus"	1.00648360326479	0.00282537770932703	0.000585015405242529	9.31871517838232e-05	0.000109468042365775	2.85152639633268e-06	1.5070011064631e-06	0.0413756480107872	0.0198785318754826	0.0163075046656805	0.0100816394009167	0.00462884227211804	0.00332487700283686	0.00314431971032875	0.00028218281156517	0.000632940464714501	0.000673556734345824	0.00027195202539672	0.000182352838744237	0.000225753197183882
"Clethrionomys_rutilus"	0.00633313207100649	1.00300837050711	0.000570515485573478	9.47947928346293e-05	8.96010271497356e-05	3.38517238841855e-06	1.21104494660407e-06	0.0491188513559532	0.0179628704535783	0.0138178352986344	0.00609546721878419	0.00453404933267672	0.00292426883039509	0.00132419112142611	0.00201119054241546	0.000508638877573711	0.000404870859874093	0.000903078439298524	0.000802774995699802	0.000602013683791347
"Apodemus_peninsulae"	0.00549767615135867	0.00239186827006119	1.00176695385504	0.000365797620677368	7.66062018876155e-05	1.06360483479978e-06	1.04439715365712e-06	0.0154329061529449	0.0315889533268751	0.000541948608959941	0.0394839642457101	0.000874252590502452	2.54501081089751e-05	0.000441871443263474	0.0104901079155492	0.000438646804535991	0.000423775835512958	0.000422973439461125	0.000842594400626783	2.65613805006423e-06
"Tamias_sibiricus"	0.00402496813281667	0.00182662273885189	0.00168126214119021	1.00244730936626	2.42736598614082e-05	1.5212142080168e-07	9.64219406104075e-05	0.00220728181583237	0.000165073382868459	9.11236660254203e-05	0.0406006540050091	2.80685337550901e-05	1.86790901726222e-05	1.64050048956414e-05	0.0135168562291941	0.0404972150563712	4.12073859379468e-06	3.48497692244263e-06	0.00385914869408401	1.98981637678248e-06
"Microtus_evoronensis"	0.00664500603117647	0.00242649268119014	0.000494834655436219	3.41143327781953e-05	1.00049958666083	9.59217579955668e-07	1.65220212524649e-08	0.0139182470851568	0.0272299329440761	0.0163650982872031	0.000101642251225522	4.17850459167246e-05	0.0054370222655245	0.0324727006012172	0.0027163067192547	6.93924892603527e-06	5.61359715127885e-06	0.002708214622598	3.66605435178116e-06	2.93228749926294e-06
"Myopus_schisticolor"	0.0064045282861632	0.00339194273319539	0.000254201555517148	7.91031388168734e-06	3.54910504583597e-05	1.00000692160943	1.45523663163575e-08	0.100432552800298	0.000195229789072709	0.000150569160939664	9.45025660391648e-05	4.481671859707e-05	3.11101387752668e-05	2.56188304586997e-05	1.13426794541929e-05	6.11199385287017e-06	5.73771903334642e-06	4.95985322885185e-06	4.09189372038821e-06	3.45686663121747e-06
"Sciurus_vulgaris"	0.00338472448511612	0.00121346703649728	0.000249610919724052	0.00501394091174119	6.11314786341202e-07	1.45523663163575e-08	1.00023864088078	0.000211154835250348	9.60155496289023e-05	7.14098088612034e-05	0.000253326502990631	2.11806930870197e-05	1.46671429372292e-05	1.22476323166956e-05	7.34342940706393e-05	0.100229169927097	2.84935935370199e-06	2.10023303331248e-06	2.10649039526814e-05	1.48012752119399e-06
"Megabothris_advenarius"	0.064045282861632	0.0339194273319539	0.00254201555517148	7.91031388168734e-05	0.000354910504583597	6.92160942800121e-05	1.45523663163575e-07	1.00432552800298	0.00195229789072709	0.00150569160939664	0.000945025660391648	0.0004481671859707	0.000311101387752668	0.000256188304586997	0.000113426794541929	6.11199385287017e-05	5.73771903334642e-05	4.95985322885185e-05	4.09189372038821e-05	3.45686663121747e-05
"Pectinoctenus_pectiniceps"	0.0633293370104027	0.0255302073680645	0.0107088792129406	1.21756254030636e-05	0.00142908867933449	2.76921686627956e-07	1.36192268977166e-07	0.00401813367297164	1.00207449260406	0.00140025374098323	0.00120615482568643	0.000414041965991416	0.000290268718840799	0.000281328041962566	0.000183920266683758	5.72007529704099e-05	5.69671508189259e-05	4.81923278873832e-05	4.06702332695098e-05	2.93857988792742e-05
"Amalaraeus_dissimilis"	0.0722419240219299	0.0273086212410882	0.00025547478805015	9.34601702824824e-06	0.00119429711366176	2.96980593569357e-07	1.40847749233143e-07	0.00430918841269137	0.0019470983972252	1.00156043395816	0.000894439433778949	0.000454153740872103	0.00032351139358879	0.000299424124957649	7.98330203432252e-05	5.915605467792e-05	5.92555936466875e-05	4.71622470567961e-05	3.49189044579425e-05	3.24348195503371e-05
"Neopsylla_acanthina"	0.0567502809384937	0.015307413917849	0.0236507956258765	0.00529131330391097	9.42547191815615e-06	2.3684853643901e-07	6.34903516267245e-07	0.00343667226373003	0.00213117581982188	0.00113654334066648	1.00180153424364	0.000348790178353667	0.000231331616419807	0.000206932206307965	0.000364362031882262	0.000266659476832243	5.3907374469824e-05	3.88307388149107e-05	6.24710606153832e-05	2.17997494529546e-05
"Catallagia_ioffi"	0.0693091982878475	0.0302874495422805	0.00139297579420057	9.7304250350979e-06	1.03069779927921e-05	2.98778123980467e-07	1.41204620580131e-07	0.00433527057895658	0.00194599724015965	0.00153503964414771	0.000927781874420755	1.00045503431945	0.000316070219250796	0.000256224849009709	9.36990798873376e-05	5.9305940643655e-05	5.89620560019866e-05	4.63303568421453e-05	3.77282706656007e-05	3.35656715711004e-05
"Hystrichopsylla_microti"	0.0711207023654437	0.0279058796957703	5.79292936956671e-05	9.25059703787005e-06	0.00191590308404197	2.96287035954922e-07	1.39687075592659e-07	0.00429912489170591	0.0019489471122168	0.00156209787190016	0.000879060142395267	0.000451528884643994	1.00032544641793	0.000320025335512495	8.06082544994097e-05	5.86685717489169e-05	5.86625528307069e-05	4.92668132040099e-05	3.50303971914965e-05	3.25428552348141e-05
"Megabothris_asio"	0.0735639798895664	0.0138212448298851	0.00110007578062469	8.88604431847242e-06	0.0125155200233858	2.66862817278121e-07	1.27579503298913e-07	0.00387217947870554	0.00206600280816259	0.00158133365993258	0.000860061982467481	0.00040035132657767	0.000350027710716791	1.00065357410725	9.26917316745504e-05	5.35833913855435e-05	5.51077412332283e-05	6.63523024992586e-05	2.50910007385856e-05	2.46528596668755e-05
"Ctenophthalmus_pisticus"	0.0107420778775487	0.0341561512457676	0.0424938269799366	0.0119131614223405	0.00170344658665125	1.92248804308355e-07	1.24464905204473e-06	0.00278953015051422	0.00219769132223813	0.00068602273413585	0.00246407543594954	0.00023821799971357	0.000143455368176916	0.00015082044475859	1.0006805150948	0.000522752601858788	3.85891733198112e-05	5.59325870948034e-05	0.000110563023517069	2.28441649361332e-05
"Ceratophyllus_indages"	0.0338472448511612	0.0121346703649728	0.00249610919724052	0.0501394091174119	6.11314786341202e-06	1.45523663163575e-07	0.00238640880778804	0.00211154835250348	0.000960155496289023	0.000714098088612034	0.00253326502990631	0.000211806930870197	0.000146671429372292	0.000122476323166956	0.000734342940706393	1.00229169927097	2.84935935370199e-05	2.10023303331248e-05	0.000210649039526814	1.48012752119399e-05
"Catallagia_dacenkoi"	0.0756404212670361	0.0202840300796921	0.00506412123437984	1.07139203438662e-05	1.03851547298659e-05	2.86885951667321e-07	1.42467967685099e-07	0.00416271515869283	0.00200809206636714	0.00150212929894353	0.00107545212067299	0.0004422154200149	0.000307978402361211	0.000264517157919496	0.000113838061293443	5.98365464277418e-05	1.00006073305145	4.05728378880301e-05	3.39449348229477e-05	2.89850441548684e-05
"Corrodopsylla_birulai"	0.035929661708296	0.0532285056574777	0.00594650894301229	1.06599294098245e-05	0.00589434947271328	2.91756072285403e-07	1.23543119606617e-07	0.0042333806088612	0.00199856418591795	0.00140654466222327	0.000911380281597022	0.000408797266254223	0.00030429502273065	0.000374695355289931	0.000194118978740788	5.1888110234779e-05	4.7732750456506e-05	1.00007582709511	5.39138379337777e-05	3.98719456633809e-05
"Ctenophthalmus_congeneroides"	0.0255977797387222	0.0502737841057001	0.0125862538593626	0.012542233255773	8.47775068849394e-06	2.55743357524263e-07	1.31655649704259e-06	0.00371083611767706	0.00179203215343778	0.00110649278501105	0.00155787207409612	0.000353702537490007	0.000229886981569196	0.000150546004431514	0.000407701149219193	0.000552953728757887	4.24311685286846e-05	5.72834528046388e-05	1.00010346935944	3.58025885495e-05
"Rhadinopsylla_pseudodahurica"	0.0460946982613635	0.0548379737417209	5.7710635815032e-05	9.40640469024447e-06	9.86314886115715e-06	3.14260602837952e-07	1.34557047381272e-07	0.00455992134717868	0.0018833625645353	0.00149495031927463	0.000790736366520808	0.000457713703242278	0.000310636345423226	0.000215152229820004	0.000122527793748351	5.65139599001343e-05	5.27000802815789e-05	6.16202796615886e-05	5.20764924356364e-05	1.00004309861899
