"Clethrionomys_rutilus"	"Spermophilus_undulatus"	"Microtus_gregalis"	"Tamias_sibiricus"	"Microtus_oeconomus"	"Myopus_schisticolor"	"Sorex_araneus"	"Sciurus_vulgaris"	"Citellophilus_tesquorum"	"Megabothris_advenarius"	"Catallagia_ioffi"	"Amphipsylla_primaris"	"Catallagia_dacenkoi"	"Frontopsylla_luculenta"	"Amalaraeus_penicilliger"	"Megabothris_calcarifer"	"Ceratophyllus_indages"	"Corrodopsylla_birulai"	"Megabothris_rectangulatus"	"Oropsylla_alaskensis"	"Ceratophyllus_paradoxus"	"Amphipsylla_marikovskii"	"Neopsylla_mana"	"Rhadinopsylla_dahurica"	"Rhadinopsylla_pseudodahurica"
"Clethrionomys_rutilus"	1.00774273986904	0.000100652782272811	0.00155367679470219	0.000160323380298029	0.000351478016129217	0.000167186351091158	2.19436660854476e-05	3.00924138630068e-06	8.08796998892219e-06	0.0283074762833545	0.0266072909002328	0.00677342400033519	0.0196033570372304	0.000578492432500605	0.00981064666299115	3.97177133629414e-05	0.000571755863397129	0.00197085442551957	0.00225570436482168	1.2873898717685e-06	0.00251935684967261	0.000839785616557538	3.14934485412607e-06	0.000559857077705025	0.000559857077705025
"Spermophilus_undulatus"	0.000174206738549097	1.0088759194867	0.000576122123802153	7.27763130864613e-05	7.8711661365174e-06	5.41960791208895e-05	0.000339889960589244	2.82330225315147e-08	0.0722840340616538	1.517423992935e-05	9.23022465411479e-06	2.03185461956929e-05	6.09715720561025e-06	0.0184377121194282	5.2799763526128e-06	9.01208018043468e-06	5.36427428098779e-06	0.00292439329593401	0.000975871771389501	0.00631567119560957	4.35516846372742e-07	1.45172282124247e-07	1.16781511581517e-06	9.67815214161649e-08	9.67815214161649e-08
"Microtus_gregalis"	0.00377921382495128	0.000809685146965187	1.00430634048288	0.000183006117259326	0.00102158929141618	7.13607365396741e-07	3.80859751844538e-07	8.0770424610675e-08	5.80167184755608e-05	0.0177707545813689	0.0075703238059959	0.0332866312246871	7.35203936312114e-05	0.0108742577310945	0.00615476421484026	0.0142998518648652	1.53463806760282e-05	1.20674560241879e-05	0.00883694207901904	5.07195796108776e-06	9.44803456237821e-06	3.14934485412607e-06	0.0020357560955734	2.09956323608405e-06	2.09956323608405e-06
"Tamias_sibiricus"	0.00122800887036788	0.000322073896212424	0.000576274582008089	1.00689249007705	0.000316724734315804	0.000238636738311561	0.000143232411669613	0.000383568791070109	2.88009361473861e-05	5.12441028857106e-05	0.0043230047777588	3.06000315352765e-05	3.58097871727313e-05	1.2796264966023e-05	1.87772921584792e-05	0.00645015296055926	0.0728780703033207	0.0128734923454421	0.00429441633259872	6.30993420141606e-06	3.07002217591971e-06	1.02334072530657e-06	1.1681241527191e-06	6.82227150204379e-07	6.82227150204379e-07
"Microtus_oeconomus"	0.00332979173175047	4.30842777998847e-05	0.0039788214507788	0.000391738487180074	1.00235662533188	6.47345004471871e-07	1.42506558993923e-07	1.58970053476841e-07	3.09202593167842e-06	0.0212655621154235	0.00539466998386909	0.0107050522341948	6.47783175898161e-05	4.56512868634341e-05	0.0106076908829337	0.0475390073823595	3.02043101605997e-05	1.16364359091472e-05	0.00531961822995294	2.73551933019097e-07	8.32447932937618e-06	2.77482644312539e-06	8.06517861644352e-06	1.84988429541693e-06	1.84988429541693e-06
"Myopus_schisticolor"	0.00601870863928168	0.0011272784457145	1.05613890078718e-05	0.00112159267006434	2.45991101699311e-06	1.00126248105888	0.000557483120174235	4.44866867023454e-07	0.000103051482697095	0.00016909554011743	0.000163691212013114	4.05002856711012e-05	0.050180154498708	2.40524142662246e-05	5.86053413449698e-05	7.42548179688509e-06	8.45247047344563e-05	0.0501091215601717	1.93372802935327e-05	2.37699838909427e-05	1.50467715982042e-05	5.01559053273474e-06	2.14082209619022e-08	3.34372702182316e-06	3.34372702182316e-06
"Sorex_araneus"	0.000789971979076112	0.00706971118025627	5.63672432729915e-06	0.000673192334847183	5.41524924176906e-07	0.000557483120174235	1.00100421448073	2.58756678722367e-07	0.040546604620507	2.22735268065011e-05	2.37558757184502e-05	5.45880140127099e-06	4.3234722268525e-05	0.000129657995905917	7.72026076993241e-06	4.40260407859467e-06	4.91637689572498e-05	0.030088523989392	1.14703026309326e-05	0.0300743121292984	1.97492994769028e-06	6.58309982563426e-07	1.14257925553361e-08	4.38873321708951e-07	4.38873321708951e-07
"Sciurus_vulgaris"	0.000541663449534123	2.93623434327753e-06	5.97701142118995e-06	0.00901386659014757	3.02043101605997e-06	2.22433433511727e-06	1.29378339361184e-06	1.00053002826682	2.62087353604258e-07	1.53652585742031e-05	5.27110964308227e-05	3.84077121455234e-06	1.06435615688083e-05	4.19183221128486e-07	5.33431312779637e-06	5.77632006544867e-05	0.10070537069564	0.000116282371931562	3.9631796745129e-05	5.71649664538396e-08	1.35415862383531e-06	4.51386207945102e-07	1.21155636916013e-08	3.00924138630068e-07	3.00924138630068e-07
"Citellophilus_tesquorum"	1.90305176209934e-05	0.0982684907504835	5.6120747283549e-05	8.84734639821664e-06	7.67954152965883e-07	6.7353910259539e-06	0.00265010487715732	3.42597847848703e-09	1.00714542973442	1.5359842200648e-06	9.60998023749611e-07	1.9930056135708e-06	7.06807393928122e-07	0.00179590701815584	5.34377463803292e-07	8.89157100130161e-07	6.50935910912536e-07	0.000363456664739697	9.50658661095159e-05	0.000693681213505242	4.75762940524834e-08	1.58587646841611e-08	1.13758271520707e-07	1.05725097894408e-08	1.05725097894408e-08
"Megabothris_advenarius"	0.0754866034222787	2.33795696689244e-05	0.0194820124299451	1.78405395231733e-05	0.00598586192878589	1.25255955642541e-05	1.64989087455564e-06	2.27633460358564e-07	1.74078211607344e-06	1.0025860883116	0.00216838678500026	0.00121126566944391	0.00146842134632252	0.000252980479248834	0.000915378303415868	0.000560088664144464	4.32503574681271e-05	0.000147750475793614	0.000370476726474895	1.95619036667447e-07	0.000188716508555697	6.29055028518989e-05	3.94905657363753e-05	4.1937001901266e-05	4.1937001901266e-05
"Catallagia_ioffi"	0.08707840658258	1.74535157095989e-05	0.0101855265753399	0.00184710204140603	0.00186361326715478	1.48810192739195e-05	2.15962506531366e-06	9.58383571469504e-07	1.33666088757901e-06	0.00266120196340941	1.00239127413356	0.00093736320730442	0.00169393529006942	0.000158809555666597	0.000928151614270533	0.000244590794517122	0.000182092878579206	0.000193758336366662	0.000300660315138521	1.73873225144403e-07	0.00021769601645645	7.25653388188167e-05	2.06463376527161e-05	4.83768925458778e-05	4.83768925458778e-05
"Amphipsylla_primaris"	0.0316679563652035	5.48864624507028e-05	0.0639794989773207	1.86779413267272e-05	0.00528301279090134	5.25977735988327e-06	7.08935246918311e-07	9.97602912870738e-08	3.96012803735497e-06	0.00212364760227179	0.00133909029614917	1.0023849705389	0.000616028807080284	0.000710266301754676	0.000752558090871032	0.00115818441042668	1.8954455344544e-05	6.22576068847941e-05	0.000660292908503202	3.64308447724442e-07	7.91698909130087e-05	2.63899636376696e-05	0.000129688173602677	1.75933090917797e-05	1.75933090917797e-05
"Catallagia_dacenkoi"	0.0940961137787061	1.69094493168924e-05	0.000145080243432257	2.24407999615783e-05	3.28210142455068e-05	0.0066906872664944	5.76462963580334e-06	2.83828308501553e-07	1.44188708361337e-06	0.00264315842338054	0.00248443842543515	0.000632456241935759	1.00216418102013	5.41529764618313e-05	0.00091605105748814	3.75648979252043e-06	5.39273786152951e-05	0.000518007223449638	0.000210661322585314	2.78622947304678e-07	0.000235240284446765	7.84134281489217e-05	2.94081574524846e-07	5.22756187659478e-05	5.22756187659478e-05
"Frontopsylla_luculenta"	0.00371887992321817	0.0684829307293048	0.0287391097178927	1.07397223821979e-05	3.09776589430446e-05	4.29507397611154e-06	2.3153213554628e-05	1.49708293260174e-08	0.0049066745317472	0.000609863655332012	0.000311947341487957	0.000976616164912679	7.25263077613812e-05	1.00156388958768	0.000211246714044332	0.000409320579127545	2.8444575719433e-06	0.000205824523915926	0.000326760016619195	0.000428712913464794	9.29719980804543e-06	3.09906660268181e-06	5.82549521308636e-05	2.06604440178787e-06	2.06604440178787e-06
"Amalaraeus_penicilliger"	0.0735798499724336	2.28798975279888e-05	0.0189771896624241	1.83860985718443e-05	0.00839775528232251	1.22094461135354e-05	1.60838766040258e-06	2.22263046991515e-07	1.70332816587299e-06	0.00257450147835713	0.00212701411603664	0.00120722860410561	0.00143132977732522	0.000246454499718387	1.00091915890556	0.000667176700585265	4.22299789283879e-05	0.000144031370293832	0.000374501259166129	1.91250989362008e-07	0.000183949624931084	6.13165416436947e-05	3.84672763427516e-05	4.08776944291298e-05	4.08776944291298e-05
"Megabothris_calcarifer"	0.000340437543110926	4.46312542269146e-05	0.0503899541904772	0.00721802831300679	0.0430114828697538	1.76797185640121e-06	1.04823906633206e-06	2.75062860259461e-06	3.2390722933313e-06	0.00180028499189292	0.000640594938021033	0.00212333808578224	6.70801748664363e-06	0.000545760772170059	0.000762487657811732	1.00279845114506	0.000522619434492975	9.30555939504737e-05	0.000700505144753212	3.10392510908178e-07	8.51093857777316e-07	2.83697952592439e-07	0.000102141799034751	1.89131968394959e-07	1.89131968394959e-07
"Ceratophyllus_indages"	0.00541663449534123	2.93623434327753e-05	5.97701142118995e-05	0.0901386659014757	3.02043101605997e-05	2.22433433511727e-05	1.29378339361184e-05	0.00530028266819157	2.62087353604258e-06	0.000153652585742031	0.000527110964308227	3.84077121455234e-05	0.000106435615688083	4.19183221128486e-06	5.33431312779637e-05	0.000577632006544867	1.0070537069564	0.00116282371931562	0.00039631796745129	5.71649664538396e-07	1.35415862383531e-05	4.51386207945102e-06	1.21155636916013e-07	3.00924138630068e-06	3.00924138630068e-06
"Corrodopsylla_birulai"	0.0262780590069276	0.0225286594649731	6.6147536725178e-05	0.0224094126013252	1.63772060943553e-05	0.0185589339111747	0.0111438977738489	8.61350903196753e-06	0.00205958776685828	0.000738752378968069	0.00078938581482714	0.000177549471486265	0.00143890895402677	0.000426895308862661	0.000256055769411256	0.000144753146145181	0.00163656671607383	1.00166442397998	0.000176084283285339	0.000475121054871549	6.5695147517319e-05	2.1898382505773e-05	1.34082844713199e-07	1.45989216705153e-05	1.45989216705153e-05
"Megabothris_rectangulatus"	0.0300760581976224	0.00751782697959319	0.0484395343590674	0.00747546546785703	0.00748687010141524	7.16195566427135e-06	4.24826023367875e-06	2.93568864778733e-06	0.00053870657462059	0.00185238363237448	0.00122491239500879	0.0018830575538795	0.000585170340514761	0.000677724478913886	0.000665780016295341	0.00108967466961611	0.000557780843079593	0.000176084283285339	1.0005707618319	4.71138664294678e-05	7.51901454940561e-05	2.5063381831352e-05	9.81882453224339e-05	1.67089212209014e-05	1.67089212209014e-05
"Oropsylla_alaskensis"	2.89662721147912e-05	0.0821037255429245	4.69156111400618e-05	1.85354317166597e-05	6.49685840920356e-07	1.48562399318392e-05	0.0187964450808115	7.14562080672996e-09	0.00663332660414387	1.65053562188158e-06	1.19537842286777e-06	1.75323440467388e-06	1.30604506549068e-06	0.00150049519712678	5.73752968086023e-07	8.14780341133968e-07	1.35766795327869e-06	0.000801766780095739	7.95046495997269e-05	1.00107704163707	7.2415680286978e-08	2.41385600956593e-08	9.50992117703955e-08	1.60923733971062e-08	1.60923733971062e-08
"Ceratophyllus_paradoxus"	0.100774273986905	1.00652782272811e-05	0.000155367679470219	1.60323380298029e-05	3.51478016129217e-05	1.67186351091158e-05	2.19436660854475e-06	3.00924138630068e-07	8.08796998892219e-07	0.00283074762833545	0.00266072909002328	0.000677342400033519	0.00196033570372304	5.78492432500605e-05	0.000981064666299115	3.97177133629414e-06	5.7175586339713e-05	0.000197085442551957	0.000225570436482168	1.2873898717685e-07	1.00025193568497	8.39785616557538e-05	3.14934485412607e-07	5.59857077705025e-05	5.59857077705025e-05
"Amphipsylla_marikovskii"	0.100774273986905	1.00652782272812e-05	0.000155367679470219	1.60323380298029e-05	3.51478016129217e-05	1.67186351091158e-05	2.19436660854475e-06	3.00924138630068e-07	8.08796998892219e-07	0.00283074762833545	0.00266072909002328	0.000677342400033519	0.00196033570372304	5.78492432500604e-05	0.000981064666299115	3.97177133629414e-06	5.7175586339713e-05	0.000197085442551957	0.000225570436482168	1.2873898717685e-07	0.000251935684967261	1.00008397856166	3.14934485412607e-07	5.59857077705025e-05	5.59857077705025e-05
"Neopsylla_mana"	0.000377921382495128	8.09685146965188e-05	0.100430634048288	1.83006117259326e-05	0.000102158929141618	7.13607365396741e-08	3.80859751844538e-08	8.0770424610675e-09	5.80167184755608e-06	0.00177707545813689	0.000757032380599589	0.00332866312246871	7.35203936312114e-06	0.00108742577310945	0.000615476421484026	0.00142998518648652	1.53463806760282e-06	1.20674560241879e-06	0.000883694207901905	5.07195796108776e-07	9.44803456237821e-07	3.14934485412607e-07	1.00020357560956	2.09956323608405e-07	2.09956323608405e-07
"Rhadinopsylla_dahurica"	0.100774273986905	1.00652782272812e-05	0.000155367679470219	1.60323380298029e-05	3.51478016129217e-05	1.67186351091158e-05	2.19436660854475e-06	3.00924138630068e-07	8.08796998892219e-07	0.00283074762833545	0.00266072909002328	0.000677342400033519	0.00196033570372304	5.78492432500604e-05	0.000981064666299115	3.97177133629414e-06	5.7175586339713e-05	0.000197085442551957	0.000225570436482168	1.2873898717685e-07	0.000251935684967261	8.39785616557538e-05	3.14934485412607e-07	1.00005598570777	5.59857077705025e-05
"Rhadinopsylla_pseudodahurica"	0.100774273986905	1.00652782272812e-05	0.000155367679470219	1.60323380298029e-05	3.51478016129217e-05	1.67186351091158e-05	2.19436660854475e-06	3.00924138630068e-07	8.08796998892219e-07	0.00283074762833545	0.00266072909002328	0.000677342400033519	0.00196033570372304	5.78492432500604e-05	0.000981064666299115	3.97177133629414e-06	5.7175586339713e-05	0.000197085442551957	0.000225570436482168	1.2873898717685e-07	0.000251935684967261	8.39785616557538e-05	3.14934485412607e-07	5.59857077705025e-05	1.00005598570777
