"R1"	"R2"	"R3"	"R4"	"R5"	"R6"	"R7"	"R8"	"R9"	"R10"	"R11"	"R12"	"C1"	"C2"	"C3"	"C4"	"C5"	"C6"	"C7"	"C8"	"C9"	"C10"	"C11"	"C12"
"R1"	1.0563769806552	0.0579858073296393	0	0.0563769806551959	0.0563769806551959	0.0102896860114708	0.00868085933702731	0	0.0102896860114708	0.0563769806551959	0.0102896860114708	0.0102896860114708	0.173617186740546	0.158987071060562	0.158987071060562	0.158987071060562	0.0160882667444347	0	0	0	0	0	0	0
"R2"	0.0463886458637115	1.05900651307475	0	0.0463886458637115	0.0463886458637115	0.0202780208029552	0.00766015359191212	0	0.0202780208029552	0.0463886458637115	0.0202780208029552	0.0202780208029552	0.153203071838242	0.129094974239331	0.129094974239331	0.129094974239331	0.126178672110431	0	0	0	0	0	0	0
"R3"	0	0	1.33333333333333	0	0	0	0	0	0	0	0	0	0	0	0	0	0	0.666666666666667	0	0	0	0	0	0
"R4"	0.0563769806551959	0.0579858073296393	0	1.0563769806552	0.0563769806551959	0.0102896860114708	0.00868085933702731	0	0.0102896860114708	0.0563769806551959	0.0102896860114708	0.0102896860114708	0.173617186740546	0.158987071060562	0.158987071060562	0.158987071060562	0.0160882667444347	0	0	0	0	0	0	0
"R5"	0.0563769806551959	0.0579858073296393	0	0.0563769806551959	1.0563769806552	0.0102896860114708	0.00868085933702731	0	0.0102896860114708	0.0563769806551959	0.0102896860114708	0.0102896860114708	0.173617186740546	0.158987071060562	0.158987071060562	0.158987071060562	0.0160882667444347	0	0	0	0	0	0	0
"R6"	0.0205793720229416	0.050695052007388	0	0.0205793720229416	0.0205793720229416	1.04608729464373	0.0159716146592787	0	0.0460872946437251	0.0205793720229416	0.0460872946437251	0.0460872946437251	0.319432293185574	0.0153591912122096	0.0153591912122096	0.0153591912122096	0.301156799844464	0	0	0	0	0	0	0
"R7"	0.0347234373481093	0.0383007679595606	0	0.0347234373481093	0.0347234373481093	0.0319432293185574	1.02836589870711	0	0.0319432293185574	0.0347234373481093	0.0319432293185574	0.0319432293185574	0.567317974142121	0.0211917954700107	0.0211917954700107	0.0211917954700107	0.0357733061145135	0	0	0	0	0	0	0
"R8"	0	0	0	0	0	0	0	1.33333333333333	0	0	0	0	0	0	0	0	0	0	0.111111111111111	0.111111111111111	0.111111111111111	0.111111111111111	0.111111111111111	0.111111111111111
"R9"	0.0205793720229416	0.050695052007388	0	0.0205793720229416	0.0205793720229416	0.0460872946437251	0.0159716146592787	0	1.04608729464373	0.0205793720229416	0.0460872946437251	0.0460872946437251	0.319432293185574	0.0153591912122096	0.0153591912122096	0.0153591912122096	0.301156799844464	0	0	0	0	0	0	0
"R10"	0.0563769806551959	0.0579858073296393	0	0.0563769806551959	0.0563769806551959	0.0102896860114708	0.00868085933702731	0	0.0102896860114708	1.0563769806552	0.0102896860114708	0.0102896860114708	0.173617186740546	0.158987071060562	0.158987071060562	0.158987071060562	0.0160882667444347	0	0	0	0	0	0	0
"R11"	0.0205793720229416	0.050695052007388	0	0.0205793720229416	0.0205793720229416	0.0460872946437251	0.0159716146592787	0	0.0460872946437251	0.0205793720229416	1.04608729464373	0.0460872946437251	0.319432293185574	0.0153591912122096	0.0153591912122096	0.0153591912122096	0.301156799844464	0	0	0	0	0	0	0
"R12"	0.0205793720229416	0.050695052007388	0	0.0205793720229416	0.0205793720229416	0.0460872946437251	0.0159716146592787	0	0.0460872946437251	0.0205793720229416	0.0460872946437251	1.04608729464373	0.319432293185574	0.0153591912122096	0.0153591912122096	0.0153591912122096	0.301156799844464	0	0	0	0	0	0	0
"C1"	0.0694468746962185	0.0766015359191212	0	0.0694468746962185	0.0694468746962185	0.0638864586371148	0.0567317974142121	0	0.0638864586371148	0.0694468746962185	0.0638864586371148	0.0638864586371148	1.13463594828424	0.0423835909400214	0.0423835909400214	0.0423835909400214	0.0715466122290269	0	0	0	0	0	0	0
"C2"	0.127189656848449	0.129094974239331	0	0.127189656848449	0.127189656848449	0.00614367648488383	0.00423835909400214	0	0.00614367648488383	0.127189656848449	0.00614367648488383	0.00614367648488383	0.0847671818800427	1.07650432584816	0.0765043258481578	0.0765043258481578	0.019053173908817	0	0	0	0	0	0	0
"C3"	0.127189656848449	0.129094974239331	0	0.127189656848449	0.127189656848449	0.00614367648488383	0.00423835909400214	0	0.00614367648488383	0.127189656848449	0.00614367648488383	0.00614367648488383	0.0847671818800427	0.0765043258481578	1.07650432584816	0.0765043258481578	0.019053173908817	0	0	0	0	0	0	0
"C4"	0.127189656848449	0.129094974239331	0	0.127189656848449	0.127189656848449	0.00614367648488383	0.00423835909400214	0	0.00614367648488383	0.127189656848449	0.00614367648488383	0.00614367648488383	0.0847671818800427	0.0765043258481578	0.0765043258481578	1.07650432584816	0.019053173908817	0	0	0	0	0	0	0
"C5"	0.0128706133955478	0.126178672110431	0	0.0128706133955478	0.0128706133955478	0.120462719937786	0.00715466122290269	0	0.120462719937786	0.0128706133955478	0.120462719937786	0.120462719937786	0.143093224458054	0.019053173908817	0.019053173908817	0.019053173908817	1.13308058714883	0	0	0	0	0	0	0
"C6"	0	0	0.666666666666667	0	0	0	0	0	0	0	0	0	0	0	0	0	0	1.33333333333333	0	0	0	0	0	0
"C7"	0	0	0	0	0	0	0	0.666666666666667	0	0	0	0	0	0	0	0	0	0	1.05555555555556	0.0555555555555556	0.0555555555555556	0.0555555555555555	0.0555555555555555	0.0555555555555555
"C8"	0	0	0	0	0	0	0	0.666666666666667	0	0	0	0	0	0	0	0	0	0	0.0555555555555555	1.05555555555556	0.0555555555555556	0.0555555555555555	0.0555555555555555	0.0555555555555555
"C9"	0	0	0	0	0	0	0	0.666666666666667	0	0	0	0	0	0	0	0	0	0	0.0555555555555556	0.0555555555555556	1.05555555555556	0.0555555555555555	0.0555555555555556	0.0555555555555556
"C10"	0	0	0	0	0	0	0	0.666666666666667	0	0	0	0	0	0	0	0	0	0	0.0555555555555556	0.0555555555555556	0.0555555555555556	1.05555555555556	0.0555555555555556	0.0555555555555556
"C11"	0	0	0	0	0	0	0	0.666666666666667	0	0	0	0	0	0	0	0	0	0	0.0555555555555556	0.0555555555555555	0.0555555555555556	0.0555555555555556	1.05555555555556	0.0555555555555556
"C12"	0	0	0	0	0	0	0	0.666666666666667	0	0	0	0	0	0	0	0	0	0	0.0555555555555556	0.0555555555555556	0.0555555555555556	0.0555555555555556	0.0555555555555556	1.05555555555556
