"Nephrosperma_vanhoutteanum"	"Phoenicophorium_borsigianum"	"Northea_hornei"	"Paragenipa_wrightii"	"Erythroxylum_sechellarum"	"Pittosporum_senacia"	"Memecylon_eleagni"	"Colea_seychellarum"	"Lasioglossum_mahense"	"Apis_mellifera"	"Phelsuma_sp1_M_PL_099"	"Rhiparida_seychellensis"	"Cratopus_aurostriatus"	"Hemipyrellia_germana"	"Unidentified_sp2_M_PL_099"	"Neophyllomyza_approximatonervis"	"Unidentified_sp1_M_PL_099"	"Unidentified_sp4_M_PL_099"	"Melanostoma_annulipes"	"Nectarinia_dussumieri"	"Unidentified_sp3_M_PL_099"	"Mabuya_sechellensis"	"Pachycerina_seychellensis"	"Tricimba_seychellensis"	"Ceratina_tabescens"	"Forcipomyia_sp1_M_PL_099"	"Lygistorrhina_sp1_M_PL_099"
"Nephrosperma_vanhoutteanum"	1.13843836496291	0.108585713146131	0.0259000394988289	0.0162960105652105	0.00687089172436465	0.0143481738549131	0.00629831741400093	0.0165958221669704	0.0770774087746287	0.0764696350214923	0.0715908693185692	0.0677709805456951	0.0677709805456951	0.0677709805456951	0.063246575831273	0.00668274133932454	0.00475672929487899	0.0677709805456951	0.00452440471442214	0.00419533794555373	0.00452440471442214	0.00215833662490241	0.00452440471442214	0.0677709805456951	0.00239136230915218	0.00452440471442214	0.00114514862072744
"Phoenicophorium_borsigianum"	0.0814392848595985	1.19013054961577	0.0263399598849021	0.00678910461198026	0.0052998271104276	0.0113079157158288	0.0048581748512253	0.00716851668359766	0.0611393131991678	0.0599849560623588	0.00936016861889425	0.0541131776150793	0.0541131776150794	0.0541131776150793	0.00452440471442214	0.0517837695577324	0.00294648630770846	0.0541131776150794	0.0495887729006572	0.00304363473357271	0.0495887729006572	0.00219499665707517	0.0495887729006572	0.0541131776150793	0.00188465261930481	0.0495887729006572	0.0008833045184046
"Northea_hornei"	0.0388500592482434	0.0526799197698041	1.12842124910945	0.0482614886211216	0.0105884197211751	0.0204989832717812	0.00970605141107714	0.0243271621806773	0.112028870137001	0.107886725131565	0.108307917340166	0.00435333328197758	0.00435333328197758	0.00435333328197758	0.00215833662490241	0.0962301007495296	0.0102239355506053	0.00435333328197758	0.00219499665707517	0.100067790170095	0.00219499665707517	0.0940351040924545	0.00219499665707517	0.00435333328197758	0.00341649721196353	0.00219499665707517	0.00176473662019584
"Paragenipa_wrightii"	0.0366660237717237	0.0203673138359408	0.0723922329316824	1.09142123103859	0.0404818140897111	0.0145556262523366	0.0371083295822351	0.0203407618311158	0.163795968473846	0.0164294536412908	0.149582531735894	0.00288563939714885	0.00288563939714885	0.00288563939714885	0.00203700132065131	0.00688132415413773	0.152451705290334	0.00288563939714885	0.000848638076497532	0.142460339957464	0.000848638076497532	0.0060326860776402	0.000848638076497533	0.00288563939714885	0.00242593770872277	0.000848638076497532	0.00674696901495185
"Erythroxylum_sechellarum"	0.0206126751730939	0.0211993084417104	0.0211768394423501	0.0539757521196148	1.14608554251093	0.0177110429414575	0.0505784139683487	0.00199375873583202	0.217150859841764	0.00724346993352881	0.0101552939398331	0.00202845313913204	0.00202845313913204	0.00202845313913204	0.00114514862072744	0.00264804113860044	0.210405829592193	0.00202845313913204	0.0008833045184046	0.00851170563514769	0.0008833045184046	0.00176473662019584	0.0008833045184046	0.00202845313913204	0.00295184049024292	0.0008833045184046	0.191014257085154
"Pittosporum_senacia"	0.0430445215647392	0.0452316628633153	0.0409979665435623	0.0194075016697821	0.0177110429414575	1.12886405618871	0.016235122696336	0.0218414588654308	0.205273080378255	0.201296886221563	0.0136941619461962	0.00427601492845699	0.00427601492845699	0.00427601492845698	0.00239136230915218	0.00530114983126833	0.00943655887304969	0.00427601492845699	0.00188465261930481	0.0058424349206863	0.00188465261930481	0.00341649721196353	0.00188465261930481	0.00427601492845699	0.188144009364785	0.00188465261930481	0.00295184049024292
"Memecylon_eleagni"	0.0283424283630042	0.0291490491073518	0.0291181542332314	0.0742166591644703	0.0758676209525231	0.024352684044504	1.06954531920648	0.00274141826176903	0.298582432282426	0.00995977115860211	0.0139635291672706	0.00278912306630656	0.00278912306630656	0.00278912306630656	0.00157457935350023	0.00364105656557561	0.289308015689266	0.00278912306630656	0.00121454371280633	0.0117035952483281	0.00121454371280633	0.00242651285276929	0.00121454371280633	0.00278912306630656	0.00405878067408401	0.00121454371280632	0.0126446034920872
"Colea_seychellarum"	0.0746811997513668	0.0430111001015859	0.0729814865420318	0.0406815236622317	0.00299063810374803	0.0327621882981463	0.00274141826176903	1.06348377861245	0.0237522246813483	0.283354184627283	0.281186881197804	0.00594108471264201	0.00594108471264201	0.00594108471264201	0.0041489555417426	0.00787391971606873	0.00626898470717922	0.00594108471264201	0.00179212917089942	0.0111669810029483	0.00179212917089942	0.00608179054516932	0.00179212917089942	0.00594108471264201	0.00546036471635771	0.00179212917089942	0.000498439683958006
"Lasioglossum_mahense"	0.0990995255673797	0.104810251198573	0.096024745831715	0.0935976962707691	0.093064654217899	0.0879741773049665	0.0853092663664073	0.00678634990895665	1.08107485236336	0.0342336355121715	0.026903890861916	0.00987262299812832	0.00987262299812832	0.00987262299812832	0.00550552919818776	0.0123691559525835	0.0485378043284311	0.00987262299812832	0.00436709379994056	0.0197017741864891	0.00436709379994056	0.00800206215264292	0.00436709379994056	0.00987262299812832	0.0146623628841611	0.00436709379994056	0.0155107757029832
"Apis_mellifera"	0.137645343038686	0.143963894549661	0.129464070157878	0.0131435629130326	0.00434608196011728	0.120778131732938	0.00398390846344084	0.113341673850913	0.0479270897170401	1.07289923870643	0.048413999842163	0.0136454591083851	0.0136454591083851	0.0136454591083851	0.00764696350214923	0.0167871681193924	0.00336326947334217	0.0136454591083851	0.00599849560623588	0.0124316178772856	0.00599849560623588	0.0107886725131565	0.00599849560623588	0.0136454591083851	0.0201296886221563	0.00599849560623588	0.000724346993352881
"Phelsuma_sp1_M_PL_099"	0.161079455966781	0.0280805058566828	0.16246187601025	0.149582531735894	0.00761647045487485	0.0102706214596471	0.00698176458363528	0.140593440598902	0.047081809008353	0.0605174998027038	1.07633352494905	0.0101188797421829	0.0101188797421829	0.0101188797421829	0.00894885866482116	0.0147085107448826	0.0217126693553747	0.0101188797421829	0.00117002107736178	0.0322363061345075	0.00117002107736178	0.0135384896675208	0.00117002107736178	0.0101188797421829	0.00171177024327452	0.00117002107736178	0.00126941174247914
"Rhiparida_seychellensis"	0.304969412455628	0.324679065690476	0.0130599998459327	0.00577127879429769	0.00304267970869806	0.00641402239268548	0.00278912306630656	0.00594108471264201	0.0345541804934491	0.0341136477709627	0.0202377594843659	1.03047103954019	0.0304710395401936	0.0304710395401936	0.0169427451364238	0.0146166277242642	0.00192580390064686	0.0304710395401936	0.0135282944037698	0.00180974316978161	0.0135282944037698	0.0010883333204944	0.0135282944037698	0.0304710395401936	0.00106900373211425	0.0135282944037698	0.00050711328478301
"Cratopus_aurostriatus"	0.304969412455628	0.324679065690476	0.0130599998459327	0.00577127879429769	0.00304267970869806	0.00641402239268548	0.00278912306630655	0.00594108471264201	0.0345541804934491	0.0341136477709628	0.0202377594843659	0.0304710395401936	1.03047103954019	0.0304710395401936	0.0169427451364238	0.0146166277242642	0.00192580390064686	0.0304710395401936	0.0135282944037698	0.00180974316978161	0.0135282944037698	0.0010883333204944	0.0135282944037698	0.0304710395401936	0.00106900373211425	0.0135282944037698	0.00050711328478301
"Hemipyrellia_germana"	0.304969412455628	0.324679065690476	0.0130599998459327	0.00577127879429769	0.00304267970869806	0.00641402239268548	0.00278912306630656	0.00594108471264201	0.0345541804934491	0.0341136477709628	0.0202377594843659	0.0304710395401936	0.0304710395401936	1.03047103954019	0.0169427451364238	0.0146166277242642	0.00192580390064686	0.0304710395401936	0.0135282944037698	0.00180974316978161	0.0135282944037698	0.0010883333204944	0.0135282944037698	0.0304710395401936	0.00106900373211425	0.0135282944037698	0.00050711328478301
"Unidentified_sp2_M_PL_099"	0.569219182481457	0.0542928565730656	0.0129500197494145	0.00814800528260526	0.00343544586218232	0.00717408692745654	0.00314915870700046	0.00829791108348519	0.0385387043873143	0.0382348175107462	0.0357954346592846	0.0338854902728476	0.0338854902728475	0.0338854902728475	1.03162328791564	0.00334137066966227	0.00237836464743949	0.0338854902728476	0.00226220235721107	0.00209766897277686	0.00226220235721107	0.00107916831245121	0.00226220235721107	0.0338854902728476	0.00119568115457609	0.00226220235721107	0.000572574310363721
"Neophyllomyza_approximatonervis"	0.0300723360269604	0.310702617346394	0.288690302248589	0.0137626483082755	0.00397206170790066	0.0079517247469025	0.00364105656557561	0.00787391971606874	0.0432920458340422	0.0419679202984809	0.0294170214897652	0.0146166277242642	0.0146166277242642	0.0146166277242642	0.00167068533483114	1.03700346757682	0.00329260546457845	0.0146166277242642	0.0129459423894331	0.0257778562259168	0.0129459423894331	0.0240575251873824	0.0129459423894331	0.0146166277242642	0.00132528745781708	0.0129459423894331	0.000662010284650111
"Unidentified_sp1_M_PL_099"	0.014270187884637	0.0117859452308338	0.0204478711012107	0.203268940387112	0.210405829592193	0.00943655887304969	0.19287201045951	0.00417932313811948	0.113254876766339	0.00560544912223694	0.0289502258071663	0.00128386926709791	0.00128386926709791	0.00128386926709791	0.000792788215813164	0.00219507030971896	1.10869425842863	0.00128386926709791	0.000491081051284743	0.0271126068068232	0.000491081051284743	0.00170398925843422	0.000491081051284743	0.00128386926709791	0.00157275981217495	0.000491081051284743	0.0350676382653656
"Unidentified_sp4_M_PL_099"	0.304969412455628	0.324679065690476	0.0130599998459327	0.00577127879429769	0.00304267970869806	0.00641402239268548	0.00278912306630656	0.00594108471264201	0.0345541804934491	0.0341136477709627	0.0202377594843659	0.0304710395401936	0.0304710395401936	0.0304710395401936	0.0169427451364238	0.0146166277242642	0.00192580390064686	1.03047103954019	0.0135282944037698	0.00180974316978161	0.0135282944037698	0.0010883333204944	0.0135282944037698	0.0304710395401936	0.00106900373211425	0.0135282944037698	0.00050711328478301
"Melanostoma_annulipes"	0.0407196424297992	0.595065274807887	0.013169979942451	0.00339455230599013	0.0026499135552138	0.00565395785791442	0.00242908742561265	0.00358425834179883	0.0305696565995839	0.0299924780311794	0.00468008430944713	0.0270565888075397	0.0270565888075397	0.0270565888075397	0.00226220235721107	0.0258918847788662	0.00147324315385423	0.0270565888075397	1.02479438645033	0.00152181736678635	0.0247943864503286	0.00109749832853759	0.0247943864503286	0.0270565888075397	0.000942326309652403	0.0247943864503286	0.0004416522592023
"Nectarinia_dussumieri"	0.0188790207549918	0.0182618084014362	0.300203370510284	0.284920679914927	0.0127675584527215	0.00876365238102944	0.0117035952483281	0.0111669810029483	0.0689562096527117	0.0310790446932139	0.064472612269015	0.00180974316978161	0.00180974316978161	0.00180974316978161	0.00104883448638843	0.0257778562259168	0.0406689102102348	0.00180974316978161	0.000760908683393176	1.06063203253189	0.000760908683393176	0.0250169475425237	0.000760908683393176	0.00180974316978161	0.00146060873017157	0.000760908683393176	0.00212792640878692
"Unidentified_sp3_M_PL_099"	0.0407196424297992	0.595065274807887	0.013169979942451	0.00339455230599013	0.0026499135552138	0.00565395785791442	0.00242908742561265	0.00358425834179883	0.0305696565995839	0.0299924780311794	0.00468008430944713	0.0270565888075397	0.0270565888075397	0.0270565888075397	0.00226220235721107	0.0258918847788662	0.00147324315385423	0.0270565888075397	0.0247943864503286	0.00152181736678635	1.02479438645033	0.00109749832853759	0.0247943864503286	0.0270565888075397	0.000942326309652403	0.0247943864503286	0.0004416522592023
"Mabuya_sechellensis"	0.0194250296241217	0.0263399598849021	0.564210624554727	0.0241307443105608	0.00529420986058753	0.0102494916358906	0.00485302570553857	0.0121635810903386	0.0560144350685004	0.0539433625657824	0.0541539586700832	0.00217666664098879	0.00217666664098879	0.00217666664098879	0.0010791683124512	0.0481150503747648	0.00511196777530266	0.00217666664098879	0.00109749832853759	0.0500338950850473	0.00109749832853759	1.04701755204623	0.00109749832853759	0.00217666664098879	0.00170824860598176	0.00109749832853759	0.000882368310097922
"Pachycerina_seychellensis"	0.0407196424297993	0.595065274807887	0.013169979942451	0.00339455230599013	0.0026499135552138	0.00565395785791442	0.00242908742561265	0.00358425834179883	0.0305696565995839	0.0299924780311794	0.00468008430944713	0.0270565888075397	0.0270565888075397	0.0270565888075397	0.00226220235721107	0.0258918847788662	0.00147324315385423	0.0270565888075397	0.0247943864503286	0.00152181736678635	0.0247943864503286	0.00109749832853759	1.02479438645033	0.0270565888075397	0.000942326309652403	0.0247943864503286	0.0004416522592023
"Tricimba_seychellensis"	0.304969412455628	0.324679065690476	0.0130599998459327	0.00577127879429769	0.00304267970869806	0.00641402239268548	0.00278912306630656	0.00594108471264201	0.0345541804934491	0.0341136477709627	0.0202377594843659	0.0304710395401936	0.0304710395401936	0.0304710395401936	0.0169427451364238	0.0146166277242642	0.00192580390064686	0.0304710395401936	0.0135282944037698	0.00180974316978161	0.0135282944037698	0.0010883333204944	0.0135282944037698	1.03047103954019	0.00106900373211425	0.0135282944037698	0.00050711328478301
"Ceratina_tabescens"	0.0215222607823696	0.0226158314316577	0.0204989832717812	0.00970375083489106	0.00885552147072874	0.564432028094355	0.00811756134816801	0.0109207294327154	0.102636540189128	0.100648443110782	0.00684708097309809	0.00213800746422849	0.00213800746422849	0.00213800746422849	0.00119568115457609	0.00265057491563417	0.00471827943652484	0.00213800746422849	0.000942326309652403	0.00292121746034315	0.000942326309652403	0.00170824860598176	0.000942326309652403	0.00213800746422849	1.09407200468239	0.000942326309652403	0.00147592024512146
"Forcipomyia_sp1_M_PL_099"	0.0407196424297992	0.595065274807887	0.013169979942451	0.00339455230599013	0.0026499135552138	0.00565395785791442	0.00242908742561265	0.00358425834179883	0.0305696565995839	0.0299924780311794	0.00468008430944713	0.0270565888075397	0.0270565888075397	0.0270565888075397	0.00226220235721107	0.0258918847788662	0.00147324315385423	0.0270565888075397	0.0247943864503286	0.00152181736678635	0.0247943864503286	0.00109749832853759	0.0247943864503286	0.0270565888075397	0.000942326309652403	1.02479438645033	0.0004416522592023
"Lygistorrhina_sp1_M_PL_099"	0.010306337586547	0.0105996542208552	0.0105884197211751	0.0269878760598074	0.573042771255463	0.00885552147072875	0.0252892069841743	0.000996879367916011	0.108575429920882	0.0036217349667644	0.00507764696991657	0.00101422656956602	0.00101422656956602	0.00101422656956602	0.000572574310363721	0.00132402056930022	0.105202914796097	0.00101422656956602	0.0004416522592023	0.00425585281757384	0.0004416522592023	0.000882368310097922	0.0004416522592023	0.00101422656956602	0.00147592024512146	0.0004416522592023	1.09550712854258
