"Apodemus_flavicollis"	"Clethrionomys_glareolus"	"Apodemus_agrarius"	"Microtus_arvalis"	"Apodemus_uralensis"	"Sorex_araneus"	"Microtus_subterraneus"	"Neomys_fodiens"	"Crocidura_leucodon"	"Apodemus_sylvaticus"	"Arvicola_terrestris"	"Talpa_europaea"	"Neomys_anomalus"	"Sorex_alpinus"	"Micromys_minutus"	"Myoxus_glis"	"Muscardinus_avellanarius"	"Ctenophthalmus_agyrtes"	"Megabothris_turbidus"	"Ctenophthalmus_assimilis"	"Amalaraeus_penicilliger"	"Palaeopsylla_soricis"	"Peromyscopsylla_bidentata"	"Doratopsylla_dasycnema"	"Ctenophthalmus_solutus"	"Hystrichopsylla_orientalis"	"Rhadinopsylla_integella"	"Ctenophthalmus_uncinatus"	"Rhadinopsylla_pentacantha"	"Atyphloceras_nuperus"	"Ceratophyllus_sciurorum"	"Ctenophthalmus_bisoctodentatus"	"Peromyscopsylla_silvatica"	"Amalaraeus_arvicolae"	"Rhadinopsylla_isacantha"	"Amphipsylla_rossica"	"Ctenophthalmus_obtusus"	"Palaeopsylla_kohauti"
"Apodemus_flavicollis"	0	0	0	0	0	0	0	0	0	0	0	0	0	0	0	0	0	0.322516367776829	0.100056931397666	0.0434101907201822	0	0.00170794192997438	0.000711642470822659	0	0.0180757187588955	0.00683176771989752	0.00199259891830344	0.00241958440079704	0.000426985482493595	0	0.00185027042413891	0	0	0	0	0	0	0
"Clethrionomys_glareolus"	0	0	0	0	0	0	0	0	0	0	0	0	0	0	0	0	0	0.228839076614252	0.0960187353629977	0.0250920040147206	0.0990297758447641	0	0.0255938440950151	0	0	0	0.0115423218467715	0	0.00451656072264972	0.00451656072264972	0.000501840080294413	0	0.00250920040147206	0	0.00117096018735363	0.000669120107059217	0	0
"Apodemus_agrarius"	0	0	0	0	0	0	0	0	0	0	0	0	0	0	0	0	0	0.281002638522427	0.105013192612137	0.0854881266490765	0	0.00633245382585752	0.00237467018469657	0	0.00211081794195251	0.016622691292876	0.000527704485488127	0.000527704485488127	0	0	0	0	0	0	0	0	0	0
"Microtus_arvalis"	0	0	0	0	0	0	0	0	0	0	0	0	0	0	0	0	0	0.0943775100401606	0.071285140562249	0.311746987951807	0.00953815261044177	0.00150602409638554	0.00853413654618474	0	0	0.00200803212851406	0	0	0	0	0	0	0	0	0	0.00100401606425703	0	0
"Apodemus_uralensis"	0	0	0	0	0	0	0	0	0	0	0	0	0	0	0	0	0	0.28125	0.0883620689655172	0.12823275862069	0	0	0	0	0	0.0021551724137931	0	0	0	0	0	0	0	0	0	0	0	0
"Sorex_araneus"	0	0	0	0	0	0	0	0	0	0	0	0	0	0	0	0	0	0.0678233438485804	0.00630914826498423	0.026813880126183	0	0.26813880126183	0	0.121451104100946	0	0	0	0	0	0	0	0.00630914826498423	0	0	0	0	0	0.00315457413249211
"Microtus_subterraneus"	0	0	0	0	0	0	0	0	0	0	0	0	0	0	0	0	0	0.211538461538462	0.0416666666666667	0.0769230769230769	0.0288461538461538	0.104166666666667	0.00641025641025641	0	0	0	0	0	0.00961538461538462	0	0	0	0	0.0208333333333333	0	0	0	0
"Neomys_fodiens"	0	0	0	0	0	0	0	0	0	0	0	0	0	0	0	0	0	0.0412844036697248	0.018348623853211	0.018348623853211	0	0.0688073394495413	0	0.344036697247706	0	0	0	0	0	0	0	0	0	0	0	0	0	0.00917431192660551
"Crocidura_leucodon"	0	0	0	0	0	0	0	0	0	0	0	0	0	0	0	0	0	0.0257731958762887	0	0.0154639175257732	0	0	0	0	0.0670103092783505	0.0360824742268041	0	0.314432989690722	0	0	0	0.0154639175257732	0	0	0	0	0.0257731958762887	0
"Apodemus_sylvaticus"	0	0	0	0	0	0	0	0	0	0	0	0	0	0	0	0	0	0.288732394366197	0.169014084507042	0.0422535211267606	0	0	0	0	0	0	0	0	0	0	0	0	0	0	0	0	0	0
"Arvicola_terrestris"	0	0	0	0	0	0	0	0	0	0	0	0	0	0	0	0	0	0.368852459016393	0.040983606557377	0.0901639344262295	0	0	0	0	0	0	0	0	0	0	0	0	0	0	0	0	0	0
"Talpa_europaea"	0	0	0	0	0	0	0	0	0	0	0	0	0	0	0	0	0	0.214285714285714	0	0.142857142857143	0	0	0	0	0	0	0	0	0	0	0	0.142857142857143	0	0	0	0	0	0
"Neomys_anomalus"	0	0	0	0	0	0	0	0	0	0	0	0	0	0	0	0	0	0	0.111111111111111	0.0555555555555556	0	0	0	0.333333333333333	0	0	0	0	0	0	0	0	0	0	0	0	0	0
"Sorex_alpinus"	0	0	0	0	0	0	0	0	0	0	0	0	0	0	0	0	0	0.333333333333333	0	0	0	0.166666666666667	0	0	0	0	0	0	0	0	0	0	0	0	0	0	0	0
"Micromys_minutus"	0	0	0	0	0	0	0	0	0	0	0	0	0	0	0	0	0	0	0.5	0	0	0	0	0	0	0	0	0	0	0	0	0	0	0	0	0	0	0
"Myoxus_glis"	0	0	0	0	0	0	0	0	0	0	0	0	0	0	0	0	0	0	0	0.2	0	0	0	0	0	0	0	0	0	0	0.3	0	0	0	0	0	0	0
"Muscardinus_avellanarius"	0	0	0	0	0	0	0	0	0	0	0	0	0	0	0	0	0	0	0	0	0	0	0	0	0	0	0	0	0	0	0.5	0	0	0	0	0	0	0
"Ctenophthalmus_agyrtes"	0.208157266213485	0.125665993018556	0.0978320778982179	0.0172698879294507	0.023975748668014	0.0039500275583318	0.0121256659930186	0.000826749954069447	0.000459305530038582	0.00376630534631637	0.00413374977034723	0.0011023332720926	0	0.000734888848061731	0	0	0	0	0	0	0	0	0	0	0	0	0	0	0	0	0	0	0	0	0	0	0	0
"Megabothris_turbidus"	0.178155093765839	0.1454637607704	0.100861632032438	0.0359858084135834	0.0207805372529143	0.0010136847440446	0.00658895083628991	0.0010136847440446	0	0.00608210846426761	0.00126710593005575	0	0.0010136847440446	0	0.00177394830207805	0	0	0	0	0	0	0	0	0	0	0	0	0	0	0	0	0	0	0	0	0	0	0
"Ctenophthalmus_assimilis"	0.0941358024691358	0.0462962962962963	0.1	0.191666666666667	0.0367283950617284	0.00524691358024691	0.0148148148148148	0.00123456790123457	0.000925925925925926	0.00185185185185185	0.00339506172839506	0.00246913580246914	0.000617283950617284	0	0	0.000617283950617284	0	0	0	0	0	0	0	0	0	0	0	0	0	0	0	0	0	0	0	0	0	0
"Amalaraeus_penicilliger"	0	0.470588235294118	0	0.0151033386327504	0	0	0.014308426073132	0	0	0	0	0	0	0	0	0	0	0	0	0	0	0	0	0	0	0	0	0	0	0	0	0	0	0	0	0	0	0
"Palaeopsylla_soricis"	0.0204778156996587	0	0.0409556313993174	0.00511945392491468	0	0.290102389078498	0.110921501706485	0.0255972696245734	0	0	0	0	0	0.0068259385665529	0	0	0	0	0	0	0	0	0	0	0	0	0	0	0	0	0	0	0	0	0	0	0	0
"Peromyscopsylla_bidentata"	0.0132978723404255	0.406914893617021	0.023936170212766	0.0452127659574468	0	0	0.0106382978723404	0	0	0	0	0	0	0	0	0	0	0	0	0	0	0	0	0	0	0	0	0	0	0	0	0	0	0	0	0	0	0
"Doratopsylla_dasycnema"	0	0	0	0	0	0.234756097560976	0	0.228658536585366	0	0	0	0	0.0365853658536585	0	0	0	0	0	0	0	0	0	0	0	0	0	0	0	0	0	0	0	0	0	0	0	0	0
"Ctenophthalmus_solutus"	0.429054054054054	0	0.027027027027027	0	0	0	0	0	0.0439189189189189	0	0	0	0	0	0	0	0	0	0	0	0	0	0	0	0	0	0	0	0	0	0	0	0	0	0	0	0	0
"Hystrichopsylla_orientalis"	0.193548387096774	0	0.254032258064516	0.0161290322580645	0.00806451612903226	0	0	0	0.0282258064516129	0	0	0	0	0	0	0	0	0	0	0	0	0	0	0	0	0	0	0	0	0	0	0	0	0	0	0	0	0
"Rhadinopsylla_integella"	0.0823529411764706	0.405882352941176	0.0117647058823529	0	0	0	0	0	0	0	0	0	0	0	0	0	0	0	0	0	0	0	0	0	0	0	0	0	0	0	0	0	0	0	0	0	0	0
"Ctenophthalmus_uncinatus"	0.10625	0	0.0125	0	0	0	0	0	0.38125	0	0	0	0	0	0	0	0	0	0	0	0	0	0	0	0	0	0	0	0	0	0	0	0	0	0	0	0	0
"Rhadinopsylla_pentacantha"	0.0416666666666667	0.375	0	0	0	0	0.0833333333333333	0	0	0	0	0	0	0	0	0	0	0	0	0	0	0	0	0	0	0	0	0	0	0	0	0	0	0	0	0	0	0
"Atyphloceras_nuperus"	0	0.5	0	0	0	0	0	0	0	0	0	0	0	0	0	0	0	0	0	0	0	0	0	0	0	0	0	0	0	0	0	0	0	0	0	0	0	0
"Ceratophyllus_sciurorum"	0.30952380952381	0.0714285714285714	0	0	0	0	0	0	0	0	0	0	0	0	0	0.0714285714285714	0.0476190476190476	0	0	0	0	0	0	0	0	0	0	0	0	0	0	0	0	0	0	0	0	0
"Ctenophthalmus_bisoctodentatus"	0	0	0	0	0	0.133333333333333	0	0	0.1	0	0	0.266666666666667	0	0	0	0	0	0	0	0	0	0	0	0	0	0	0	0	0	0	0	0	0	0	0	0	0	0
"Peromyscopsylla_silvatica"	0	0.5	0	0	0	0	0	0	0	0	0	0	0	0	0	0	0	0	0	0	0	0	0	0	0	0	0	0	0	0	0	0	0	0	0	0	0	0
"Amalaraeus_arvicolae"	0	0	0	0	0	0	0.5	0	0	0	0	0	0	0	0	0	0	0	0	0	0	0	0	0	0	0	0	0	0	0	0	0	0	0	0	0	0	0
"Rhadinopsylla_isacantha"	0	0.5	0	0	0	0	0	0	0	0	0	0	0	0	0	0	0	0	0	0	0	0	0	0	0	0	0	0	0	0	0	0	0	0	0	0	0	0
"Amphipsylla_rossica"	0	0.333333333333333	0	0.166666666666667	0	0	0	0	0	0	0	0	0	0	0	0	0	0	0	0	0	0	0	0	0	0	0	0	0	0	0	0	0	0	0	0	0	0
"Ctenophthalmus_obtusus"	0	0	0	0	0	0	0	0	0.5	0	0	0	0	0	0	0	0	0	0	0	0	0	0	0	0	0	0	0	0	0	0	0	0	0	0	0	0	0
"Palaeopsylla_kohauti"	0	0	0	0	0	0.25	0	0.25	0	0	0	0	0	0	0	0	0	0	0	0	0	0	0	0	0	0	0	0	0	0	0	0	0	0	0	0	0	0
