"Apodemus_uralensis"	"Cricetulus_migratorius"	"Clethrionomys_centralis"	"Sicista_tianshanica"	"Spermophilus_relictus"	"Alticola_argentatus"	"Sciurus_vulgaris"	"Ellobius_tancrei"	"Microtus_oeconomus"	"Pectinoctenus_nemorosa"	"Frontopsylla_ornata"	"Neopsylla_teratura"	"Neopsylla_mana"	"Amalaraeus_penicilliger"	"Amphipsylla_anceps"	"Callopsylla_caspia"	"Megabothris_rectangulatus"	"Frontopsylla_elata"	"Amphipsylla_dumalis"	"Paraneopsylla_tiflovi"	"Amphipsylla_primaris"	"Neopsylla_pleskei"	"Neopsylla_setosa"	"Amphipsylla_kuznetzovi"	"Leptopsylla_nana"	"Frontopsylla_elatoides"	"Rhadinopsylla_li"	"Tarsopsylla_octodecimdentata"	"Amphipsylla_rossica"	"Amphipsylla_asiatica"	"Ctenophthalmus_breviatus"	"Oropsylla_silantiewi"	"Frontopsylla_protera"	"Amphipsylla_schelkovnikovi"	"Ctenophthalmus_arvalis"	"Hystrichopsylla_talpae"	"Palaeopsylla_soricis"	"Pectinoctenus_pectiniceps"
"Apodemus_uralensis"	0	0	0	0	0	0	0	0	0	0.260722347629797	0.165349887133183	0.00282167042889391	0.031038374717833	0.00507900677200903	0.00112866817155756	0.00959367945823928	0.00451467268623025	0	0	0	0.00225733634311512	0	0	0.00564334085778781	0	0	0.00112866817155756	0	0.00112866817155756	0.00225733634311512	0.00338600451467269	0.00169300225733634	0	0	0.00112866817155756	0	0	0.00112866817155756
"Cricetulus_migratorius"	0	0	0	0	0	0	0	0	0	0.0159010600706714	0.00353356890459364	0.146643109540636	0.00706713780918728	0.0282685512367491	0.15017667844523	0.03886925795053	0.0212014134275618	0	0.0477031802120141	0.00353356890459364	0.00353356890459364	0	0	0	0.0212014134275618	0	0	0	0	0.00353356890459364	0	0	0.00353356890459364	0.00530035335689046	0	0	0	0
"Clethrionomys_centralis"	0	0	0	0	0	0	0	0	0	0.0553359683794466	0.0513833992094862	0.00592885375494071	0.0276679841897233	0.142292490118577	0	0.0197628458498024	0.075098814229249	0.0711462450592885	0	0.00592885375494071	0.00395256916996047	0	0	0.0138339920948617	0.00395256916996047	0	0.00395256916996047	0	0.0118577075098814	0	0	0	0	0	0	0.00395256916996047	0.00395256916996047	0
"Sicista_tianshanica"	0	0	0	0	0	0	0	0	0	0.0342465753424658	0.420091324200913	0.0091324200913242	0.00684931506849315	0	0	0	0.0228310502283105	0	0	0	0	0	0	0	0	0	0	0	0	0	0	0	0.00684931506849315	0	0	0	0	0
"Spermophilus_relictus"	0	0	0	0	0	0	0	0	0	0	0	0.183417085427136	0.135678391959799	0.00753768844221105	0	0	0	0	0	0	0	0.0653266331658292	0.0527638190954774	0	0	0.0301507537688442	0.0175879396984925	0	0	0	0	0.00753768844221105	0	0	0	0	0	0
"Alticola_argentatus"	0	0	0	0	0	0	0	0	0	0.0123456790123457	0.0246913580246914	0	0.037037037037037	0.0432098765432099	0	0.123456790123457	0	0	0	0.154320987654321	0.104938271604938	0	0	0	0	0	0	0	0	0	0	0	0	0	0	0	0	0
"Sciurus_vulgaris"	0	0	0	0	0	0	0	0	0	0	0	0	0	0	0	0	0	0	0	0	0	0	0	0	0	0	0	0.5	0	0	0	0	0	0	0	0	0	0
"Ellobius_tancrei"	0	0	0	0	0	0	0	0	0	0	0	0	0	0	0	0	0	0	0.25	0	0.25	0	0	0	0	0	0	0	0	0	0	0	0	0	0	0	0	0
"Microtus_oeconomus"	0	0	0	0	0	0	0	0	0	0	0	0	0	0	0	0	0	0	0.5	0	0	0	0	0	0	0	0	0	0	0	0	0	0	0	0	0	0	0
"Pectinoctenus_nemorosa"	0.447674418604651	0.00872093023255814	0.0271317829457364	0.0145348837209302	0	0.00193798449612403	0	0	0	0	0	0	0	0	0	0	0	0	0	0	0	0	0	0	0	0	0	0	0	0	0	0	0	0	0	0	0	0
"Frontopsylla_ornata"	0.287819253438114	0.00196463654223969	0.0255402750491159	0.180746561886051	0	0.00392927308447937	0	0	0	0	0	0	0	0	0	0	0	0	0	0	0	0	0	0	0	0	0	0	0	0	0	0	0	0	0	0	0	0
"Neopsylla_teratura"	0.0148809523809524	0.24702380952381	0.00892857142857143	0.0119047619047619	0.217261904761905	0	0	0	0	0	0	0	0	0	0	0	0	0	0	0	0	0	0	0	0	0	0	0	0	0	0	0	0	0	0	0	0	0
"Neopsylla_mana"	0.202205882352941	0.0147058823529412	0.0514705882352941	0.0110294117647059	0.198529411764706	0.0220588235294118	0	0	0	0	0	0	0	0	0	0	0	0	0	0	0	0	0	0	0	0	0	0	0	0	0	0	0	0	0	0	0	0
"Amalaraeus_penicilliger"	0.0420560747663551	0.0747663551401869	0.336448598130841	0	0.014018691588785	0.0327102803738318	0	0	0	0	0	0	0	0	0	0	0	0	0	0	0	0	0	0	0	0	0	0	0	0	0	0	0	0	0	0	0	0
"Amphipsylla_anceps"	0.0114942528735632	0.488505747126437	0	0	0	0	0	0	0	0	0	0	0	0	0	0	0	0	0	0	0	0	0	0	0	0	0	0	0	0	0	0	0	0	0	0	0	0
"Callopsylla_caspia"	0.123188405797101	0.159420289855072	0.072463768115942	0	0	0.144927536231884	0	0	0	0	0	0	0	0	0	0	0	0	0	0	0	0	0	0	0	0	0	0	0	0	0	0	0	0	0	0	0	0
"Megabothris_rectangulatus"	0.0588235294117647	0.0882352941176471	0.279411764705882	0.0735294117647059	0	0	0	0	0	0	0	0	0	0	0	0	0	0	0	0	0	0	0	0	0	0	0	0	0	0	0	0	0	0	0	0	0	0
"Frontopsylla_elata"	0	0	0.5	0	0	0	0	0	0	0	0	0	0	0	0	0	0	0	0	0	0	0	0	0	0	0	0	0	0	0	0	0	0	0	0	0	0	0
"Amphipsylla_dumalis"	0	0.435483870967742	0	0	0	0	0	0.032258064516129	0.032258064516129	0	0	0	0	0	0	0	0	0	0	0	0	0	0	0	0	0	0	0	0	0	0	0	0	0	0	0	0	0
"Paraneopsylla_tiflovi"	0	0.0333333333333333	0.05	0	0	0.416666666666667	0	0	0	0	0	0	0	0	0	0	0	0	0	0	0	0	0	0	0	0	0	0	0	0	0	0	0	0	0	0	0	0
"Amphipsylla_primaris"	0.0740740740740741	0.037037037037037	0.037037037037037	0	0	0.314814814814815	0	0.037037037037037	0	0	0	0	0	0	0	0	0	0	0	0	0	0	0	0	0	0	0	0	0	0	0	0	0	0	0	0	0	0
"Neopsylla_pleskei"	0	0	0	0	0.5	0	0	0	0	0	0	0	0	0	0	0	0	0	0	0	0	0	0	0	0	0	0	0	0	0	0	0	0	0	0	0	0	0
"Neopsylla_setosa"	0	0	0	0	0.5	0	0	0	0	0	0	0	0	0	0	0	0	0	0	0	0	0	0	0	0	0	0	0	0	0	0	0	0	0	0	0	0	0
"Amphipsylla_kuznetzovi"	0.294117647058824	0	0.205882352941176	0	0	0	0	0	0	0	0	0	0	0	0	0	0	0	0	0	0	0	0	0	0	0	0	0	0	0	0	0	0	0	0	0	0	0
"Leptopsylla_nana"	0	0.428571428571429	0.0714285714285714	0	0	0	0	0	0	0	0	0	0	0	0	0	0	0	0	0	0	0	0	0	0	0	0	0	0	0	0	0	0	0	0	0	0	0
"Frontopsylla_elatoides"	0	0	0	0	0.5	0	0	0	0	0	0	0	0	0	0	0	0	0	0	0	0	0	0	0	0	0	0	0	0	0	0	0	0	0	0	0	0	0
"Rhadinopsylla_li"	0.0909090909090909	0	0.0909090909090909	0	0.318181818181818	0	0	0	0	0	0	0	0	0	0	0	0	0	0	0	0	0	0	0	0	0	0	0	0	0	0	0	0	0	0	0	0	0
"Tarsopsylla_octodecimdentata"	0	0	0	0	0	0	0.5	0	0	0	0	0	0	0	0	0	0	0	0	0	0	0	0	0	0	0	0	0	0	0	0	0	0	0	0	0	0	0
"Amphipsylla_rossica"	0.125	0	0.375	0	0	0	0	0	0	0	0	0	0	0	0	0	0	0	0	0	0	0	0	0	0	0	0	0	0	0	0	0	0	0	0	0	0	0
"Amphipsylla_asiatica"	0.333333333333333	0.166666666666667	0	0	0	0	0	0	0	0	0	0	0	0	0	0	0	0	0	0	0	0	0	0	0	0	0	0	0	0	0	0	0	0	0	0	0	0
"Ctenophthalmus_breviatus"	0.5	0	0	0	0	0	0	0	0	0	0	0	0	0	0	0	0	0	0	0	0	0	0	0	0	0	0	0	0	0	0	0	0	0	0	0	0	0
"Oropsylla_silantiewi"	0.25	0	0	0	0.25	0	0	0	0	0	0	0	0	0	0	0	0	0	0	0	0	0	0	0	0	0	0	0	0	0	0	0	0	0	0	0	0	0
"Frontopsylla_protera"	0	0.2	0	0.3	0	0	0	0	0	0	0	0	0	0	0	0	0	0	0	0	0	0	0	0	0	0	0	0	0	0	0	0	0	0	0	0	0	0
"Amphipsylla_schelkovnikovi"	0	0.5	0	0	0	0	0	0	0	0	0	0	0	0	0	0	0	0	0	0	0	0	0	0	0	0	0	0	0	0	0	0	0	0	0	0	0	0
"Ctenophthalmus_arvalis"	0.5	0	0	0	0	0	0	0	0	0	0	0	0	0	0	0	0	0	0	0	0	0	0	0	0	0	0	0	0	0	0	0	0	0	0	0	0	0
"Hystrichopsylla_talpae"	0	0	0.5	0	0	0	0	0	0	0	0	0	0	0	0	0	0	0	0	0	0	0	0	0	0	0	0	0	0	0	0	0	0	0	0	0	0	0
"Palaeopsylla_soricis"	0	0	0.5	0	0	0	0	0	0	0	0	0	0	0	0	0	0	0	0	0	0	0	0	0	0	0	0	0	0	0	0	0	0	0	0	0	0	0
"Pectinoctenus_pectiniceps"	0.5	0	0	0	0	0	0	0	0	0	0	0	0	0	0	0	0	0	0	0	0	0	0	0	0	0	0	0	0	0	0	0	0	0	0	0	0	0
