"Spermophilus_fulvus"	"Marmota_caudata"	"Meriones_tamariscinus"	"Cricetulus_migratorius"	"Microtus_gregalis"	"Apodemus_uralensis"	"Allactaga_elater"	"Allactaga_major"	"Marmota_baibacina"	"Alticola_argentatus"	"Microtus_socialis"	"Apodemus_agrarius"	"Microtus_kirgisorum"	"Clethrionomys_centralis"	"Ellobius_talpinus"	"Citellophilus_trispinus"	"Neopsylla_setosa"	"Oropsylla_ilovaiskii"	"Citellophilus_lebedewi"	"Nosopsyllus_aralis"	"Rhadinopsylla_li"	"Oropsylla_silantiewi"	"Neopsylla_teratura"	"Frontopsylla_elata"	"Amphipsylla_schelkovnikovi"	"Pectinoctenus_nemorosa"	"Rhadinopsylla_bivirgis"	"Mesopsylla_hebes"	"Callopsylla_caspia"	"Nosopsyllus_fidus"	"Amphipsylla_rossica"	"Rhadinopsylla_angusta"	"Amphipsylla_asiatica"	"Frontopsylla_macrophthalma"	"Amphipsylla_anceps"	"Ctenophthalmus_assimilis"	"Neopsylla_pleskei"	"Amalaraeus_penicilliger"	"Neopsylla_meridiana"	"Amphipsylla_primaris"	"Ctenophthalmus_golovi"	"Frontopsylla_protera"	"Amphipsylla_sibirica"	"Peromyscopsylla_bidentata"	"Amphipsylla_dumalis"	"Frontopsylla_ornata"	"Rhadinopsylla_cedestis"	"Frontopsylla_ambigua"	"Neopsylla_mana"
"Spermophilus_fulvus"	0	0	0	0	0	0	0	0	0	0	0	0	0	0	0	0.210508626484428	0.153148106654717	0.132646202106207	0	0.00201658077526328	0	0	0	0	0	0	0	0	0	0.00145641944880125	0	0	0	0	0	0	0	0	0	0	0	0	0	0	0	0	0.000224064530584808	0	0
"Marmota_caudata"	0	0	0	0	0	0	0	0	0	0	0	0	0	0	0	0	0	0	0.289368104312939	0	0.12938816449348	0.0804914744232698	0	0	0	0	0	0	0	0	0	0	0	0	0	0	0	0	0	0.000752256770310933	0	0	0	0	0	0	0	0	0
"Meriones_tamariscinus"	0	0	0	0	0	0	0	0	0	0	0	0	0	0	0	0.0019893899204244	0	0.00464190981432361	0	0.470159151193634	0	0	0.00464190981432361	0.0019893899204244	0	0	0.0026525198938992	0.00663129973474801	0	0.00464190981432361	0	0	0	0.0013262599469496	0	0.0013262599469496	0	0	0	0	0	0	0	0	0	0	0	0	0
"Cricetulus_migratorius"	0	0	0	0	0	0	0	0	0	0	0	0	0	0	0	0	0	0	0	0.00333333333333333	0	0	0.165	0.00333333333333333	0.160833333333333	0	0.1	0.00166666666666667	0.0175	0.00666666666666667	0	0	0	0	0.0141666666666667	0	0.0183333333333333	0	0.0075	0	0	0	0	0	0.00166666666666667	0	0	0	0
"Microtus_gregalis"	0	0	0	0	0	0	0	0	0	0	0	0	0	0	0	0	0	0	0	0	0	0	0.00679347826086957	0.271739130434783	0	0.00407608695652174	0	0	0.0869565217391304	0	0	0.0529891304347826	0.0326086956521739	0	0.00271739130434783	0.0285326086956522	0	0.0108695652173913	0.00271739130434783	0	0	0	0	0	0	0	0	0	0
"Apodemus_uralensis"	0	0	0	0	0	0	0	0	0	0	0	0	0	0	0	0	0	0	0	0	0.00490196078431373	0	0.00490196078431373	0.00735294117647059	0	0.316176470588235	0	0	0.017156862745098	0.00980392156862745	0.0980392156862745	0	0	0	0	0	0	0	0	0	0.0245098039215686	0	0	0	0	0.00490196078431373	0	0.00735294117647059	0.00490196078431373
"Allactaga_elater"	0	0	0	0	0	0	0	0	0	0	0	0	0	0	0	0	0	0.00961538461538462	0	0.00961538461538462	0	0	0	0	0	0	0	0.375	0	0	0	0	0	0.105769230769231	0	0	0	0	0	0	0	0	0	0	0	0	0	0	0
"Allactaga_major"	0	0	0	0	0	0	0	0	0	0	0	0	0	0	0	0	0	0	0	0.217391304347826	0	0	0	0	0	0	0.0289855072463768	0.253623188405797	0	0	0	0	0	0	0	0	0	0	0	0	0	0	0	0	0	0	0	0	0
"Marmota_baibacina"	0	0	0	0	0	0	0	0	0	0	0	0	0	0	0	0	0	0	0	0	0	0.5	0	0	0	0	0	0	0	0	0	0	0	0	0	0	0	0	0	0	0	0	0	0	0	0	0	0	0
"Alticola_argentatus"	0	0	0	0	0	0	0	0	0	0	0	0	0	0	0	0	0	0	0	0	0	0	0	0	0	0	0	0	0	0	0	0	0	0	0	0	0	0.0769230769230769	0.0961538461538462	0.134615384615385	0	0.115384615384615	0	0.0384615384615385	0	0.0384615384615385	0	0	0
"Microtus_socialis"	0	0	0	0	0	0	0	0	0	0	0	0	0	0	0	0	0	0	0	0.0555555555555556	0	0	0.25	0	0	0	0	0	0	0	0	0	0	0	0.111111111111111	0	0	0	0	0	0	0	0.0833333333333333	0	0	0	0	0	0
"Apodemus_agrarius"	0	0	0	0	0	0	0	0	0	0	0	0	0	0	0	0	0	0	0	0	0	0	0	0	0	0	0	0	0	0.416666666666667	0	0	0	0	0	0	0	0	0	0	0	0	0	0	0	0	0.0833333333333333	0	0
"Microtus_kirgisorum"	0	0	0	0	0	0	0	0	0	0	0	0	0	0	0	0	0	0	0	0	0	0	0	0	0	0	0	0	0	0.166666666666667	0	0	0	0	0	0	0	0.333333333333333	0	0	0	0	0	0	0	0	0	0	0
"Clethrionomys_centralis"	0	0	0	0	0	0	0	0	0	0	0	0	0	0	0	0	0	0	0	0	0	0	0	0	0	0	0	0	0	0	0	0	0	0	0	0	0	0	0	0	0	0	0.2	0.3	0	0	0	0	0
"Ellobius_talpinus"	0	0	0	0	0	0	0	0	0	0	0	0	0	0	0	0	0	0	0	0	0	0	0.25	0	0	0	0	0	0	0	0	0	0	0	0	0	0	0	0	0	0	0	0	0	0.25	0	0	0	0
"Citellophilus_trispinus"	0.499202975557917	0	0.00079702444208289	0	0	0	0	0	0	0	0	0	0	0	0	0	0	0	0	0	0	0	0	0	0	0	0	0	0	0	0	0	0	0	0	0	0	0	0	0	0	0	0	0	0	0	0	0	0
"Neopsylla_setosa"	0.5	0	0	0	0	0	0	0	0	0	0	0	0	0	0	0	0	0	0	0	0	0	0	0	0	0	0	0	0	0	0	0	0	0	0	0	0	0	0	0	0	0	0	0	0	0	0	0	0
"Oropsylla_ilovaiskii"	0.496227996647108	0	0.00293378038558256	0	0	0	0.000838222967309304	0	0	0	0	0	0	0	0	0	0	0	0	0	0	0	0	0	0	0	0	0	0	0	0	0	0	0	0	0	0	0	0	0	0	0	0	0	0	0	0	0	0
"Citellophilus_lebedewi"	0	0.5	0	0	0	0	0	0	0	0	0	0	0	0	0	0	0	0	0	0	0	0	0	0	0	0	0	0	0	0	0	0	0	0	0	0	0	0	0	0	0	0	0	0	0	0	0	0	0
"Nosopsyllus_aralis"	0.0117647058823529	0	0.463398692810458	0.00261437908496732	0	0	0.00130718954248366	0.0196078431372549	0	0	0.00130718954248366	0	0	0	0	0	0	0	0	0	0	0	0	0	0	0	0	0	0	0	0	0	0	0	0	0	0	0	0	0	0	0	0	0	0	0	0	0	0
"Rhadinopsylla_li"	0	0.498069498069498	0	0	0	0.00193050193050193	0	0	0	0	0	0	0	0	0	0	0	0	0	0	0	0	0	0	0	0	0	0	0	0	0	0	0	0	0	0	0	0	0	0	0	0	0	0	0	0	0	0	0
"Oropsylla_silantiewi"	0	0.431451612903226	0	0	0	0	0	0	0.0685483870967742	0	0	0	0	0	0	0	0	0	0	0	0	0	0	0	0	0	0	0	0	0	0	0	0	0	0	0	0	0	0	0	0	0	0	0	0	0	0	0	0
"Neopsylla_teratura"	0	0	0.015695067264574	0.443946188340807	0.0112107623318386	0.00448430493273543	0	0	0	0	0.0201793721973094	0	0	0	0.00448430493273543	0	0	0	0	0	0	0	0	0	0	0	0	0	0	0	0	0	0	0	0	0	0	0	0	0	0	0	0	0	0	0	0	0	0
"Frontopsylla_elata"	0	0	0.00714285714285714	0.00952380952380952	0.476190476190476	0.00714285714285714	0	0	0	0	0	0	0	0	0	0	0	0	0	0	0	0	0	0	0	0	0	0	0	0	0	0	0	0	0	0	0	0	0	0	0	0	0	0	0	0	0	0	0
"Amphipsylla_schelkovnikovi"	0	0	0	0.5	0	0	0	0	0	0	0	0	0	0	0	0	0	0	0	0	0	0	0	0	0	0	0	0	0	0	0	0	0	0	0	0	0	0	0	0	0	0	0	0	0	0	0	0	0
"Pectinoctenus_nemorosa"	0	0	0	0	0.0113636363636364	0.488636363636364	0	0	0	0	0	0	0	0	0	0	0	0	0	0	0	0	0	0	0	0	0	0	0	0	0	0	0	0	0	0	0	0	0	0	0	0	0	0	0	0	0	0	0
"Rhadinopsylla_bivirgis"	0	0	0.015625	0.46875	0	0	0	0.015625	0	0	0	0	0	0	0	0	0	0	0	0	0	0	0	0	0	0	0	0	0	0	0	0	0	0	0	0	0	0	0	0	0	0	0	0	0	0	0	0	0
"Mesopsylla_hebes"	0	0	0.04	0.008	0	0	0.312	0.14	0	0	0	0	0	0	0	0	0	0	0	0	0	0	0	0	0	0	0	0	0	0	0	0	0	0	0	0	0	0	0	0	0	0	0	0	0	0	0	0	0
"Callopsylla_caspia"	0	0	0	0.114130434782609	0.347826086956522	0.0380434782608696	0	0	0	0	0	0	0	0	0	0	0	0	0	0	0	0	0	0	0	0	0	0	0	0	0	0	0	0	0	0	0	0	0	0	0	0	0	0	0	0	0	0	0
"Nosopsyllus_fidus"	0.147727272727273	0	0.0795454545454545	0.0909090909090909	0	0.0454545454545455	0	0	0	0	0	0.113636363636364	0.0227272727272727	0	0	0	0	0	0	0	0	0	0	0	0	0	0	0	0	0	0	0	0	0	0	0	0	0	0	0	0	0	0	0	0	0	0	0	0
"Amphipsylla_rossica"	0	0	0	0	0	0.5	0	0	0	0	0	0	0	0	0	0	0	0	0	0	0	0	0	0	0	0	0	0	0	0	0	0	0	0	0	0	0	0	0	0	0	0	0	0	0	0	0	0	0
"Rhadinopsylla_angusta"	0	0	0	0	0.5	0	0	0	0	0	0	0	0	0	0	0	0	0	0	0	0	0	0	0	0	0	0	0	0	0	0	0	0	0	0	0	0	0	0	0	0	0	0	0	0	0	0	0	0
"Amphipsylla_asiatica"	0	0	0	0	0.5	0	0	0	0	0	0	0	0	0	0	0	0	0	0	0	0	0	0	0	0	0	0	0	0	0	0	0	0	0	0	0	0	0	0	0	0	0	0	0	0	0	0	0	0
"Frontopsylla_macrophthalma"	0	0	0.0416666666666667	0	0	0	0.458333333333333	0	0	0	0	0	0	0	0	0	0	0	0	0	0	0	0	0	0	0	0	0	0	0	0	0	0	0	0	0	0	0	0	0	0	0	0	0	0	0	0	0	0
"Amphipsylla_anceps"	0	0	0	0.369565217391304	0.0434782608695652	0	0	0	0	0	0.0869565217391304	0	0	0	0	0	0	0	0	0	0	0	0	0	0	0	0	0	0	0	0	0	0	0	0	0	0	0	0	0	0	0	0	0	0	0	0	0	0
"Ctenophthalmus_assimilis"	0	0	0.0434782608695652	0	0.456521739130435	0	0	0	0	0	0	0	0	0	0	0	0	0	0	0	0	0	0	0	0	0	0	0	0	0	0	0	0	0	0	0	0	0	0	0	0	0	0	0	0	0	0	0	0
"Neopsylla_pleskei"	0	0	0	0.5	0	0	0	0	0	0	0	0	0	0	0	0	0	0	0	0	0	0	0	0	0	0	0	0	0	0	0	0	0	0	0	0	0	0	0	0	0	0	0	0	0	0	0	0	0
"Amalaraeus_penicilliger"	0	0	0	0	0.25	0	0	0	0	0.125	0	0	0.125	0	0	0	0	0	0	0	0	0	0	0	0	0	0	0	0	0	0	0	0	0	0	0	0	0	0	0	0	0	0	0	0	0	0	0	0
"Neopsylla_meridiana"	0	0	0	0.28125	0.0625	0	0	0	0	0.15625	0	0	0	0	0	0	0	0	0	0	0	0	0	0	0	0	0	0	0	0	0	0	0	0	0	0	0	0	0	0	0	0	0	0	0	0	0	0	0
"Amphipsylla_primaris"	0	0.15	0	0	0	0	0	0	0	0.35	0	0	0	0	0	0	0	0	0	0	0	0	0	0	0	0	0	0	0	0	0	0	0	0	0	0	0	0	0	0	0	0	0	0	0	0	0	0	0
"Ctenophthalmus_golovi"	0	0	0	0	0	0.5	0	0	0	0	0	0	0	0	0	0	0	0	0	0	0	0	0	0	0	0	0	0	0	0	0	0	0	0	0	0	0	0	0	0	0	0	0	0	0	0	0	0	0
"Frontopsylla_protera"	0	0	0	0	0	0	0	0	0	0.5	0	0	0	0	0	0	0	0	0	0	0	0	0	0	0	0	0	0	0	0	0	0	0	0	0	0	0	0	0	0	0	0	0	0	0	0	0	0	0
"Amphipsylla_sibirica"	0	0	0	0	0	0	0	0	0	0	0.3	0	0	0.2	0	0	0	0	0	0	0	0	0	0	0	0	0	0	0	0	0	0	0	0	0	0	0	0	0	0	0	0	0	0	0	0	0	0	0
"Peromyscopsylla_bidentata"	0	0	0	0	0	0	0	0	0	0.2	0	0	0	0.3	0	0	0	0	0	0	0	0	0	0	0	0	0	0	0	0	0	0	0	0	0	0	0	0	0	0	0	0	0	0	0	0	0	0	0
"Amphipsylla_dumalis"	0	0	0	0.25	0	0	0	0	0	0	0	0	0	0	0.25	0	0	0	0	0	0	0	0	0	0	0	0	0	0	0	0	0	0	0	0	0	0	0	0	0	0	0	0	0	0	0	0	0	0
"Frontopsylla_ornata"	0	0	0	0	0	0.25	0	0	0	0.25	0	0	0	0	0	0	0	0	0	0	0	0	0	0	0	0	0	0	0	0	0	0	0	0	0	0	0	0	0	0	0	0	0	0	0	0	0	0	0
"Rhadinopsylla_cedestis"	0.25	0	0	0	0	0	0	0	0	0	0	0.25	0	0	0	0	0	0	0	0	0	0	0	0	0	0	0	0	0	0	0	0	0	0	0	0	0	0	0	0	0	0	0	0	0	0	0	0	0
"Frontopsylla_ambigua"	0	0	0	0	0	0.5	0	0	0	0	0	0	0	0	0	0	0	0	0	0	0	0	0	0	0	0	0	0	0	0	0	0	0	0	0	0	0	0	0	0	0	0	0	0	0	0	0	0	0
"Neopsylla_mana"	0	0	0	0	0	0.5	0	0	0	0	0	0	0	0	0	0	0	0	0	0	0	0	0	0	0	0	0	0	0	0	0	0	0	0	0	0	0	0	0	0	0	0	0	0	0	0	0	0	0
