"Rhombomys_opimus"	"Meriones_libycus"	"Spermophilus_fulvus"	"Meriones_meridianus"	"Spermophilopsis_leptodactylus"	"Dipus_sagitta"	"Blanfordimys_afghanus"	"Allactaga_elater"	"Microtus_socialis"	"Cricetulus_migratorius"	"Apodemus_uralensis"	"Allactaga_severtzovi"	"Pygeretmus_pumilio"	"Calomyscus_mystax"	"Microtus_transcaspicus"	"Eremodipus_lichtensteini"	"Nesokia_indica"	"Xenopsylla_gerbilli"	"Xenopsylla_hirtipes"	"Xenopsylla_conformis"	"Citellophilus_trispinus"	"Xenopsylla_nuttalli"	"Nosopsyllus_laeviceps"	"Paradoxopsyllus_teretifrons"	"Nosopsyllus_turkmenicus"	"Coptopsylla_olgae"	"Coptopsylla_lamellifer"	"Rostropsylla_daca"	"Nosopsyllus_tersus"	"Coptopsylla_bairamalensis"	"Rhadinopsylla_cedestis"	"Stenoponia_vlasovi"	"Echidnophaga_oschanini"	"Paradoxopsyllus_repandus"	"Neopsylla_setosa"	"Ctenophthalmus_dolichus"	"Mesopsylla_eucta"	"Nosopsyllus_consimilis"	"Amphipsylla_parthiana"	"Desertopsylla_rothschildi"	"Frontopsylla_macrophthalma"	"Leptopsylla_taschenbergi"	"Ophthalmopsylla_karakum"	"Amphipsylla_schelkovnikovi"	"Ophthalmopsylla_volgensis"	"Mesopsylla_lenis"	"Amphipsylla_rossica"	"Peromyscopsylla_tikhomirovae"	"Nosopsyllus_fidus"	"Xenopsylla_persica"	"Nosopsyllus_philippovi"	"Phaenopsylla_kopetdag"	"Paradoxopsyllus_microphthalmus"	"Amphipsylla_argoi"	"Phaenopsylla_tiflovi"	"Wagnerina_schelkovnikovi"
"Rhombomys_opimus"	0	0	0	0	0	0	0	0	0	0	0	0	0	0	0	0	0	0.1965186868751	0.178355927444897	0.0180618865624643	0.000150956599272305	0.0216340558087958	0.00935789834554389	0.0170051903675582	0.0044271197057616	0.0125279869302623	0.00840207501837579	0.000452869797816914	0.00900590141546501	0.00498086237131655	0.00392416617641042	0.00518190270212313	0.00387408244487615	0.00447790884196537	0	0.00166052259199535	0	0	0	0	0	0	0	0	0	0	0	0	0	0	0	0	0	0	0	0
"Meriones_libycus"	0	0	0	0	0	0	0	0	0	0	0	0	0	0	0	0	0	0.013014624681343	0.0173339113023913	0.247917763259745	0.000603771248103539	0.0101505815813646	0.0782322403525611	0.00351941872826165	0.0376350744651206	0.00331816164556048	0.0231652062627076	0.00014965270252139	0.00035090978522257	0.0175351683850925	0.0260756933048477	0.0121115480281966	0.00753939994426727	0.00014965270252139	9.80483223416004e-05	0.000903076653146319	9.80483223416004e-05	0	0	0	9.80483223416004e-05	0	0	0	0	0	0	0	0	0	0	0	0	0	0	0
"Spermophilus_fulvus"	0	0	0	0	0	0	0	0	0	0	0	0	0	0	0	0	0	0.00059957676933929	0.00299788384669645	0.011509522689866	0.422537032682812	0.00139901246179168	0.00199858923113097	0.000305666588290618	0.000705384434516812	0	0	0.000646602398307077	0.000505525511403715	0.000105807665177522	0.000199858923113097	4.70256289677874e-05	0.000246884552080884	0	0.0560545497296026	4.70256289677874e-05	0	0	0	4.70256289677874e-05	4.70256289677874e-05	0	0	0	0	0	0	0	0	0	0	0	0	0	0	0
"Meriones_meridianus"	0	0	0	0	0	0	0	0	0	0	0	0	0	0	0	0	0	0.0113735919899875	0.0506101376720901	0.0391583229036295	0.000391113892365457	0.020244055068836	0.015613266583229	0.0463704630788486	0.213204005006258	0.0102784730913642	0.014752816020025	0.00298811013767209	0.010122027534418	0.0276282853566959	0.0160043804755945	0.0140488110137672	0.00408322903629537	0.000391113892365457	0	0.00211201501877347	7.82227784730914e-05	0	7.82227784730914e-05	0.000234668335419274	7.82227784730914e-05	0	0	0	7.82227784730914e-05	0	0	0	7.82227784730914e-05	0	0	0	0	0	0	0
"Spermophilopsis_leptodactylus"	0	0	0	0	0	0	0	0	0	0	0	0	0	0	0	0	0	0.00705112062452783	0.0226391337194661	0.0142281541173508	0.00352556031226391	0.000402921178544447	0.00166204986149584	0.00453286325862503	0.00538907076303198	0.0113069755729036	0.0219340216570133	0.333266179803576	0.00433140266935281	0.00755477209770839	0.0127171996978091	0.00564089649962226	0.00453286325862503	0	0.000654746915134727	0.0384789725509947	5.03651473180559e-05	0	0	5.03651473180559e-05	0	0	0	0	0	0	0	0	5.03651473180559e-05	0	0	0	0	0	0	0
"Dipus_sagitta"	0	0	0	0	0	0	0	0	0	0	0	0	0	0	0	0	0	0.0196493349455865	0.0405078597339782	0.22490931076179	0.00090689238210399	0	0	0.00513905683192261	0.0359733978234583	0.00725513905683192	0.00755743651753325	0.0108827085852479	0.00392986698911729	0.0030229746070133	0.00120918984280532	0.00513905683192261	0.00060459492140266	0	0	0.00151148730350665	0	0	0	0.108524788391778	0	0	0.0223700120918984	0	0.00090689238210399	0	0	0	0	0	0	0	0	0	0	0
"Blanfordimys_afghanus"	0	0	0	0	0	0	0	0	0	0	0	0	0	0	0	0	0	0.0573366214549938	0	0.255240443896424	0	0	0.00431565967940814	0	0.0135635018495684	0.00277435265104809	0.00061652281134402	0	0	0.00215782983970407	0.0126387176325524	0.00709001233045623	0	0.00061652281134402	0	0.00061652281134402	0	0.0194204685573366	0.123612823674476	0	0	0	0	0	0	0	0	0	0	0	0	0	0	0	0	0
"Allactaga_elater"	0	0	0	0	0	0	0	0	0	0	0	0	0	0	0	0	0	0.0395545314900154	0	0.0291858678955453	0.011136712749616	0.00460829493087558	0.00960061443932412	0	0.00960061443932412	0.00384024577572965	0.0307219662058372	0	0	0.00384024577572965	0.00384024577572965	0	0.00230414746543779	0.00268817204301075	0.00576036866359447	0.00115207373271889	0.195468509984639	0	0	0	0.115591397849462	0	0	0.00345622119815668	0.00576036866359447	0.0211213517665131	0	0	0.000768049155145929	0	0	0	0	0	0	0
"Microtus_socialis"	0	0	0	0	0	0	0	0	0	0	0	0	0	0	0	0	0	0	0	0	0	0	0	0	0	0	0	0	0	0	0	0	0	0	0	0	0	0.437062937062937	0.0472027972027972	0	0	0	0	0	0	0	0.0034965034965035	0	0	0.0122377622377622	0	0	0	0	0	0
"Cricetulus_migratorius"	0	0	0	0	0	0	0	0	0	0	0	0	0	0	0	0	0	0.0197628458498024	0	0.0217391304347826	0	0.00395256916996047	0.0316205533596838	0	0.00395256916996047	0	0.0138339920948617	0.00395256916996047	0	0	0.00592885375494071	0	0	0	0.0256916996047431	0	0	0.173913043478261	0	0	0	0.0296442687747036	0	0.122529644268775	0	0	0.00592885375494071	0	0.00988142292490119	0.00790513833992095	0.0158102766798419	0	0	0	0	0.00395256916996047
"Apodemus_uralensis"	0	0	0	0	0	0	0	0	0	0	0	0	0	0	0	0	0	0	0	0	0	0	0	0	0	0	0	0	0	0	0	0	0	0	0	0	0	0.171370967741935	0	0	0	0.328629032258065	0	0	0	0	0	0	0	0	0	0	0	0	0	0
"Allactaga_severtzovi"	0	0	0	0	0	0	0	0	0	0	0	0	0	0	0	0	0	0.0102880658436214	0	0.00617283950617284	0	0	0	0	0	0	0	0	0	0	0	0	0	0	0	0	0.483539094650206	0	0	0	0	0	0	0	0	0	0	0	0	0	0	0	0	0	0	0
"Pygeretmus_pumilio"	0	0	0	0	0	0	0	0	0	0	0	0	0	0	0	0	0	0.0142857142857143	0	0.0142857142857143	0	0	0	0	0	0	0	0	0	0	0	0	0	0	0	0	0.142857142857143	0	0	0	0	0	0	0	0.328571428571429	0	0	0	0	0	0	0	0	0	0	0
"Calomyscus_mystax"	0	0	0	0	0	0	0	0	0	0	0	0	0	0	0	0	0	0	0	0	0	0	0	0	0	0	0	0	0	0	0	0	0	0	0	0	0	0.0178571428571429	0	0	0	0	0	0	0	0	0	0.232142857142857	0	0	0	0.0714285714285714	0.0625	0.0535714285714286	0.0446428571428571	0.0178571428571429
"Microtus_transcaspicus"	0	0	0	0	0	0	0	0	0	0	0	0	0	0	0	0	0	0	0	0	0	0	0	0	0	0	0	0	0	0	0	0	0	0	0	0	0	0	0	0	0	0.0512820512820513	0	0	0	0	0.448717948717949	0	0	0	0	0	0	0	0	0
"Eremodipus_lichtensteini"	0	0	0	0	0	0	0	0	0	0	0	0	0	0	0	0	0	0	0.046875	0.0625	0	0	0	0	0	0	0	0	0	0	0	0	0	0	0	0	0	0	0	0.390625	0	0	0	0	0	0	0	0	0	0	0	0	0	0	0	0
"Nesokia_indica"	0	0	0	0	0	0	0	0	0	0	0	0	0	0	0	0	0	0.203125	0	0	0	0	0.03125	0	0.046875	0.03125	0	0.0625	0	0	0	0.0625	0	0	0	0	0	0.0625	0	0	0	0	0	0	0	0	0	0	0	0	0	0	0	0	0	0
"Xenopsylla_gerbilli"	0.492985411638129	0.00446286373578148	9.024823573547e-05	0.00128647975254288	0.000495480509920228	0.000115022261231481	0.000329140624447008	0.000182266044720655	0	1.7695732497151e-05	0	8.84786624857549e-06	3.5391464994302e-06	0	0	0	2.30044522462963e-05	0	0	0	0	0	0	0	0	0	0	0	0	0	0	0	0	0	0	0	0	0	0	0	0	0	0	0	0	0	0	0	0	0	0	0	0	0	0	0
"Xenopsylla_hirtipes"	0.484878819608249	0.00644160366973885	0.000489017247925992	0.00620380704721797	0.00172402551327634	0.000256973769498364	0	0	0	0	0	0	0	0	0	5.75314409324696e-06	0	0	0	0	0	0	0	0	0	0	0	0	0	0	0	0	0	0	0	0	0	0	0	0	0	0	0	0	0	0	0	0	0	0	0	0	0	0	0	0
"Xenopsylla_conformis"	0.161317759129054	0.302676343842141	0.00616793931604546	0.0157695118570601	0.00355963811395882	0.00468738187041657	0.00521660240417328	0.000478818578160833	0	6.9302688944331e-05	0	1.89007333484539e-05	1.26004888989693e-05	0	0	2.52009777979386e-05	0	0	0	0	0	0	0	0	0	0	0	0	0	0	0	0	0	0	0	0	0	0	0	0	0	0	0	0	0	0	0	0	0	0	0	0	0	0	0	0
"Citellophilus_trispinus"	0.00293399873865475	0.00160410211412432	0.492760975074721	0.000342756861992377	0.00191943842715731	4.11308234390852e-05	0	0.000397597959911157	0	0	0	0	0	0	0	0	0	0	0	0	0	0	0	0	0	0	0	0	0	0	0	0	0	0	0	0	0	0	0	0	0	0	0	0	0	0	0	0	0	0	0	0	0	0	0	0
"Xenopsylla_nuttalli"	0.449969189236773	0.0288594148889345	0.0017459432495085	0.0189852988644033	0.000234748672202823	0	0	0.000176061504152117	0	2.93435840253529e-05	0	0	0	0	0	0	0	0	0	0	0	0	0	0	0	0	0	0	0	0	0	0	0	0	0	0	0	0	0	0	0	0	0	0	0	0	0	0	0	0	0	0	0	0	0	0
"Nosopsyllus_laeviceps"	0.22320557256789	0.255072853921998	0.00286031564424404	0.0167917353703268	0.00111047548541239	0	0.000235555405996568	0.000420634653565299	0	0.000269206178281792	0	0	0	0	0	0	3.36507722852239e-05	0	0	0	0	0	0	0	0	0	0	0	0	0	0	0	0	0	0	0	0	0	0	0	0	0	0	0	0	0	0	0	0	0	0	0	0	0	0	0
"Paradoxopsyllus_teretifrons"	0.430851444094939	0.0121890191592794	0.000464684014869888	0.0529739776951673	0.00321704317986846	0.000303831855876466	0	0	0	0	0	0	0	0	0	0	0	0	0	0	0	0	0	0	0	0	0	0	0	0	0	0	0	0	0	0	0	0	0	0	0	0	0	0	0	0	0	0	0	0	0	0	0	0	0	0
"Nosopsyllus_turkmenicus"	0.113432620011567	0.131813909774436	0.00108444187391556	0.246312897628687	0.00386784268363216	0.00215080971659919	0.000795257374204743	0.000451850780798149	0	3.61480624638519e-05	0	0	0	0	0	0	5.42220936957779e-05	0	0	0	0	0	0	0	0	0	0	0	0	0	0	0	0	0	0	0	0	0	0	0	0	0	0	0	0	0	0	0	0	0	0	0	0	0	0	0
"Coptopsylla_olgae"	0.454127032832157	0.0164416487675156	0	0.0167996317888923	0.011481026899867	0.000613685179502915	0.000230131942313593	0.000255702158126215	0	0	0	0	0	0	0	0	5.11404316252429e-05	0	0	0	0	0	0	0	0	0	0	0	0	0	0	0	0	0	0	0	0	0	0	0	0	0	0	0	0	0	0	0	0	0	0	0	0	0	0	0
"Coptopsylla_lamellifer"	0.324939982540375	0.122462898297687	0	0.0257256656481886	0.0237614578786556	0.000682016586643387	5.4561326931471e-05	0.00218245307725884	0	0.000190964644260148	0	0	0	0	0	0	0	0	0	0	0	0	0	0	0	0	0	0	0	0	0	0	0	0	0	0	0	0	0	0	0	0	0	0	0	0	0	0	0	0	0	0	0	0	0	0
"Rostropsylla_daca"	0.0226167829211583	0.00102163038117382	0.0019375748608469	0.00672866906221377	0.466215740153597	0.00126823081800888	0	0	0	7.04572676671599e-05	0	0	0	0	0	0	0.00014091453533432	0	0	0	0	0	0	0	0	0	0	0	0	0	0	0	0	0	0	0	0	0	0	0	0	0	0	0	0	0	0	0	0	0	0	0	0	0	0	0
"Nosopsyllus_tersus"	0.465609044493071	0.0024799416484318	0.00156819839533187	0.0235959153902261	0.0062727935813275	0.000474106491611962	0	0	0	0	0	0	0	0	0	0	0	0	0	0	0	0	0	0	0	0	0	0	0	0	0	0	0	0	0	0	0	0	0	0	0	0	0	0	0	0	0	0	0	0	0	0	0	0	0	0
"Coptopsylla_bairamalensis"	0.281068386274978	0.135259931534114	0.000358251731550036	0.070296950879707	0.0119417243850012	0.00039805747950004	0.000278640235650028	0.00039805747950004	0	0	0	0	0	0	0	0	0	0	0	0	0	0	0	0	0	0	0	0	0	0	0	0	0	0	0	0	0	0	0	0	0	0	0	0	0	0	0	0	0	0	0	0	0	0	0	0
"Rhadinopsylla_cedestis"	0.227637286193633	0.206768147966282	0.000695637940911695	0.0418610360913332	0.0206645388329651	0.000163679515508634	0.0016777150339635	0.000409198788771585	0	0.000122759636631476	0	0	0	0	0	0	0	0	0	0	0	0	0	0	0	0	0	0	0	0	0	0	0	0	0	0	0	0	0	0	0	0	0	0	0	0	0	0	0	0	0	0	0	0	0	0
"Stenoponia_vlasovi"	0.338120224615668	0.108027248458069	0.000184111203166713	0.041332965110927	0.0103102273773359	0.000782472613458529	0.0010586394182086	0	0	0	0	0	0	0	0	0	0.000184111203166713	0	0	0	0	0	0	0	0	0	0	0	0	0	0	0	0	0	0	0	0	0	0	0	0	0	0	0	0	0	0	0	0	0	0	0	0	0	0	0
"Echidnophaga_oschanini"	0.369931294624815	0.0984103462212044	0.00141452243028425	0.0175804930621043	0.012124477973865	0.000134716421931833	0	0.0004041492657955	0	0	0	0	0	0	0	0	0	0	0	0	0	0	0	0	0	0	0	0	0	0	0	0	0	0	0	0	0	0	0	0	0	0	0	0	0	0	0	0	0	0	0	0	0	0	0	0
"Paradoxopsyllus_repandus"	0.495086569957885	0.00226173763843394	0	0.00194977382623616	0	0	0.000155981906098893	0.000545936671346124	0	0	0	0	0	0	0	0	0	0	0	0	0	0	0	0	0	0	0	0	0	0	0	0	0	0	0	0	0	0	0	0	0	0	0	0	0	0	0	0	0	0	0	0	0	0	0	0
"Neopsylla_setosa"	0	0.00196240446188804	0.492460235488535	0	0.00268539557942574	0	0	0.00154926668043793	0	0.00134269778971287	0	0	0	0	0	0	0	0	0	0	0	0	0	0	0	0	0	0	0	0	0	0	0	0	0	0	0	0	0	0	0	0	0	0	0	0	0	0	0	0	0	0	0	0	0	0
"Ctenophthalmus_dolichus"	0.279838326200666	0.0208036138849263	0.000475511174512601	0.0160485021398003	0.181645268663814	0.000594388968140751	0.000237755587256301	0.000356633380884451	0	0	0	0	0	0	0	0	0	0	0	0	0	0	0	0	0	0	0	0	0	0	0	0	0	0	0	0	0	0	0	0	0	0	0	0	0	0	0	0	0	0	0	0	0	0	0	0
"Mesopsylla_eucta"	0	0.0120253164556962	0	0.00316455696202532	0.00126582278481013	0	0	0.322151898734177	0	0	0	0.14873417721519	0.0126582278481013	0	0	0	0	0	0	0	0	0	0	0	0	0	0	0	0	0	0	0	0	0	0	0	0	0	0	0	0	0	0	0	0	0	0	0	0	0	0	0	0	0	0	0
"Nosopsyllus_consimilis"	0	0	0	0	0	0	0.0640243902439024	0	0.254065040650407	0.0894308943089431	0.0863821138211382	0	0	0.00203252032520325	0	0	0.0040650406504065	0	0	0	0	0	0	0	0	0	0	0	0	0	0	0	0	0	0	0	0	0	0	0	0	0	0	0	0	0	0	0	0	0	0	0	0	0	0	0
"Amphipsylla_parthiana"	0	0	0	0.00577367205542725	0	0	0.463048498845266	0	0.0311778290993072	0	0	0	0	0	0	0	0	0	0	0	0	0	0	0	0	0	0	0	0	0	0	0	0	0	0	0	0	0	0	0	0	0	0	0	0	0	0	0	0	0	0	0	0	0	0	0
"Desertopsylla_rothschildi"	0	0	0.00493827160493827	0.0185185185185185	0.00246913580246914	0.44320987654321	0	0	0	0	0	0	0	0	0	0.0308641975308642	0	0	0	0	0	0	0	0	0	0	0	0	0	0	0	0	0	0	0	0	0	0	0	0	0	0	0	0	0	0	0	0	0	0	0	0	0	0	0	0
"Frontopsylla_macrophthalma"	0	0.0288753799392097	0.0060790273556231	0.00759878419452888	0	0	0	0.457446808510638	0	0	0	0	0	0	0	0	0	0	0	0	0	0	0	0	0	0	0	0	0	0	0	0	0	0	0	0	0	0	0	0	0	0	0	0	0	0	0	0	0	0	0	0	0	0	0	0
"Leptopsylla_taschenbergi"	0	0	0	0	0	0	0	0	0	0.0412087912087912	0.447802197802198	0	0	0	0.010989010989011	0	0	0	0	0	0	0	0	0	0	0	0	0	0	0	0	0	0	0	0	0	0	0	0	0	0	0	0	0	0	0	0	0	0	0	0	0	0	0	0	0
"Ophthalmopsylla_karakum"	0	0	0	0	0	0.5	0	0	0	0	0	0	0	0	0	0	0	0	0	0	0	0	0	0	0	0	0	0	0	0	0	0	0	0	0	0	0	0	0	0	0	0	0	0	0	0	0	0	0	0	0	0	0	0	0	0
"Amphipsylla_schelkovnikovi"	0	0	0	0	0	0	0	0.0633802816901408	0	0.436619718309859	0	0	0	0	0	0	0	0	0	0	0	0	0	0	0	0	0	0	0	0	0	0	0	0	0	0	0	0	0	0	0	0	0	0	0	0	0	0	0	0	0	0	0	0	0	0
"Ophthalmopsylla_volgensis"	0	0	0	0.036231884057971	0	0.0217391304347826	0	0.108695652173913	0	0	0	0	0.333333333333333	0	0	0	0	0	0	0	0	0	0	0	0	0	0	0	0	0	0	0	0	0	0	0	0	0	0	0	0	0	0	0	0	0	0	0	0	0	0	0	0	0	0	0
"Mesopsylla_lenis"	0	0	0	0	0	0	0	0.5	0	0	0	0	0	0	0	0	0	0	0	0	0	0	0	0	0	0	0	0	0	0	0	0	0	0	0	0	0	0	0	0	0	0	0	0	0	0	0	0	0	0	0	0	0	0	0	0
"Amphipsylla_rossica"	0	0	0	0	0	0	0	0	0.025	0.0375	0	0	0	0	0.4375	0	0	0	0	0	0	0	0	0	0	0	0	0	0	0	0	0	0	0	0	0	0	0	0	0	0	0	0	0	0	0	0	0	0	0	0	0	0	0	0	0
"Peromyscopsylla_tikhomirovae"	0	0	0	0	0	0	0	0	0	0	0	0	0	0.5	0	0	0	0	0	0	0	0	0	0	0	0	0	0	0	0	0	0	0	0	0	0	0	0	0	0	0	0	0	0	0	0	0	0	0	0	0	0	0	0	0	0
"Nosopsyllus_fidus"	0	0	0	0.178571428571429	0.0714285714285714	0	0	0.0714285714285714	0	0.178571428571429	0	0	0	0	0	0	0	0	0	0	0	0	0	0	0	0	0	0	0	0	0	0	0	0	0	0	0	0	0	0	0	0	0	0	0	0	0	0	0	0	0	0	0	0	0	0
"Xenopsylla_persica"	0	0	0	0	0	0	0	0	0.318181818181818	0.181818181818182	0	0	0	0	0	0	0	0	0	0	0	0	0	0	0	0	0	0	0	0	0	0	0	0	0	0	0	0	0	0	0	0	0	0	0	0	0	0	0	0	0	0	0	0	0	0
"Nosopsyllus_philippovi"	0	0	0	0	0	0	0	0	0	0.5	0	0	0	0	0	0	0	0	0	0	0	0	0	0	0	0	0	0	0	0	0	0	0	0	0	0	0	0	0	0	0	0	0	0	0	0	0	0	0	0	0	0	0	0	0	0
"Phaenopsylla_kopetdag"	0	0	0	0	0	0	0	0	0	0	0	0	0	0.5	0	0	0	0	0	0	0	0	0	0	0	0	0	0	0	0	0	0	0	0	0	0	0	0	0	0	0	0	0	0	0	0	0	0	0	0	0	0	0	0	0	0
"Paradoxopsyllus_microphthalmus"	0	0	0	0	0	0	0	0	0	0	0	0	0	0.5	0	0	0	0	0	0	0	0	0	0	0	0	0	0	0	0	0	0	0	0	0	0	0	0	0	0	0	0	0	0	0	0	0	0	0	0	0	0	0	0	0	0
"Amphipsylla_argoi"	0	0	0	0	0	0	0	0	0	0	0	0	0	0.5	0	0	0	0	0	0	0	0	0	0	0	0	0	0	0	0	0	0	0	0	0	0	0	0	0	0	0	0	0	0	0	0	0	0	0	0	0	0	0	0	0	0
"Phaenopsylla_tiflovi"	0	0	0	0	0	0	0	0	0	0	0	0	0	0.5	0	0	0	0	0	0	0	0	0	0	0	0	0	0	0	0	0	0	0	0	0	0	0	0	0	0	0	0	0	0	0	0	0	0	0	0	0	0	0	0	0	0
"Wagnerina_schelkovnikovi"	0	0	0	0	0	0	0	0	0	0.25	0	0	0	0.25	0	0	0	0	0	0	0	0	0	0	0	0	0	0	0	0	0	0	0	0	0	0	0	0	0	0	0	0	0	0	0	0	0	0	0	0	0	0	0	0	0	0
