"Arvicola_terrestris"	"Sorex_araneus"	"Clethrionomys_rutilus"	"Microtus_gregalis"	"Lagurus_lagurus"	"Apodemus_agrarius"	"Neomys_fodiens"	"Sicista_betulina"	"Microtus_agrestis"	"Talpa_europaea"	"Myospalax_aspalax"	"Spermophilus_erythrogenys"	"Microtus_oeconomus"	"Phodopus_campbelli"	"Tamias_sibiricus"	"Clethrionomys_glareolus"	"Cricetus_cricetus"	"Microtus_arvalis"	"Myopus_schisticolor"	"Cricetulus_barabensis"	"Clethrionomys_rufocanus"	"Micromys_minutus"	"Sicista_subtilis"	"Pteromys_volans"	"Sciurus_vulgaris"	"Ctenophthalmus_assimilis"	"Megabothris_walkeri"	"Palaeopsylla_soricis"	"Amalaraeus_penicilliger"	"Corrodopsylla_birulai"	"Megabothris_rectangulatus"	"Megabothris_turbidus"	"Hystrichopsylla_talpae"	"Ctenophthalmus_arvalis"	"Amphipsylla_sibirica"	"Ctenophthalmus_dilatatus"	"Ceratophyllus_indages"	"Pectinoctenus_pavlovskii"	"Frontopsylla_elata"	"Citellophilus_tesquorum"	"Leptopsylla_sicistae"	"Peromyscopsylla_silvatica"	"Megabothris_calcarifer"	"Neopsylla_pleskei"	"Amphipsylla_kuznetzovi"	"Peromyscopsylla_bidentata"	"Neopsylla_acanthina"	"Neopsylla_mana"	"Ctenophthalmus_pisticus"	"Tarsopsylla_octodecimdentata"	"Amphipsylla_vinogradovi"	"Oropsylla_ilovaiskii"	"Ctenophthalmus_uncinatus"	"Amphipsylla_prima"	"Catallagia_dacenkoi"	"Rhadinopsylla_integella"
"Arvicola_terrestris"	0	0	0	0	0	0	0	0	0	0	0	0	0	0	0	0	0	0	0	0	0	0	0	0	0	0.127583979328165	0.244186046511628	0.000968992248062015	0.0439276485788114	0.00710594315245478	0.00129198966408269	0.0300387596899225	0.000968992248062015	0.00355297157622739	0.0313307493540052	0	0	0.00322997416020672	0	0	0	0	0	0.00129198966408269	0.000968992248062015	0.00129198966408269	0.000645994832041344	0.000968992248062015	0	0	0	0	0	0.000645994832041344	0	0
"Sorex_araneus"	0	0	0	0	0	0	0	0	0	0	0	0	0	0	0	0	0	0	0	0	0	0	0	0	0	0.0482315112540193	0.00562700964630225	0.298231511254019	0.020096463022508	0.0844051446945338	0.00884244372990354	0.00884244372990354	0.00884244372990354	0.00321543408360129	0.00321543408360129	0	0	0	0.00562700964630225	0.00160771704180064	0	0	0.00160771704180064	0	0	0.00160771704180064	0	0	0	0	0	0	0	0	0	0
"Clethrionomys_rutilus"	0	0	0	0	0	0	0	0	0	0	0	0	0	0	0	0	0	0	0	0	0	0	0	0	0	0.111458333333333	0.0125	0.0604166666666667	0.1	0.015625	0.0760416666666667	0.009375	0.0354166666666667	0.00208333333333333	0.00416666666666667	0	0.003125	0	0.0114583333333333	0.00520833333333333	0	0.04375	0.00208333333333333	0	0.00520833333333333	0	0	0	0	0	0	0	0	0	0.00208333333333333	0
"Microtus_gregalis"	0	0	0	0	0	0	0	0	0	0	0	0	0	0	0	0	0	0	0	0	0	0	0	0	0	0.275537634408602	0.0376344086021505	0.010752688172043	0.021505376344086	0.00672043010752688	0.0282258064516129	0.0161290322580645	0.0255376344086022	0	0	0	0	0	0.0295698924731183	0	0	0.00403225806451613	0.0134408602150538	0.0161290322580645	0.0147849462365591	0	0	0	0	0	0	0	0	0	0	0
"Lagurus_lagurus"	0	0	0	0	0	0	0	0	0	0	0	0	0	0	0	0	0	0	0	0	0	0	0	0	0	0.0210526315789474	0	0	0	0	0	0	0	0.276315789473684	0	0	0	0.1	0	0.0894736842105263	0	0.00526315789473684	0	0.00789473684210526	0	0	0	0	0	0	0	0	0	0	0	0
"Apodemus_agrarius"	0	0	0	0	0	0	0	0	0	0	0	0	0	0	0	0	0	0	0	0	0	0	0	0	0	0.235795454545455	0.0340909090909091	0	0.0340909090909091	0.0369318181818182	0.0255681818181818	0.03125	0.0340909090909091	0	0.0142045454545455	0	0	0	0.0170454545454545	0	0	0	0	0	0	0.03125	0	0.00568181818181818	0	0	0	0	0	0	0	0
"Neomys_fodiens"	0	0	0	0	0	0	0	0	0	0	0	0	0	0	0	0	0	0	0	0	0	0	0	0	0	0.0693430656934307	0.0145985401459854	0.171532846715328	0	0.211678832116788	0	0	0.0218978102189781	0	0	0	0	0	0	0	0	0	0	0	0	0	0	0.0109489051094891	0	0	0	0	0	0	0	0
"Sicista_betulina"	0	0	0	0	0	0	0	0	0	0	0	0	0	0	0	0	0	0	0	0	0	0	0	0	0	0.04296875	0	0.0234375	0.02734375	0.0078125	0.015625	0.05078125	0.09765625	0	0	0	0	0	0.02734375	0	0.1953125	0	0	0	0	0	0	0.01171875	0	0	0	0	0	0	0	0
"Microtus_agrestis"	0	0	0	0	0	0	0	0	0	0	0	0	0	0	0	0	0	0	0	0	0	0	0	0	0	0.143518518518519	0.0694444444444444	0	0.0324074074074074	0.037037037037037	0.0694444444444444	0	0.0555555555555556	0	0	0	0	0	0	0	0	0	0.0833333333333333	0.00925925925925926	0	0	0	0	0	0	0	0	0	0	0	0
"Talpa_europaea"	0	0	0	0	0	0	0	0	0	0	0	0	0	0	0	0	0	0	0	0	0	0	0	0	0	0.349056603773585	0	0.0849056603773585	0.0330188679245283	0	0.0188679245283019	0	0	0	0	0	0	0	0.0141509433962264	0	0	0	0	0	0	0	0	0	0	0	0	0	0	0	0	0
"Myospalax_aspalax"	0	0	0	0	0	0	0	0	0	0	0	0	0	0	0	0	0	0	0	0	0	0	0	0	0	0	0	0	0	0	0	0	0	0	0	0.49	0	0	0	0	0	0	0	0	0	0	0	0	0	0	0	0	0	0	0	0.01
"Spermophilus_erythrogenys"	0	0	0	0	0	0	0	0	0	0	0	0	0	0	0	0	0	0	0	0	0	0	0	0	0	0	0	0	0	0	0	0	0	0.0340909090909091	0	0	0.392045454545455	0	0	0.0511363636363636	0	0	0	0	0	0	0	0	0	0	0	0.0227272727272727	0	0	0	0
"Microtus_oeconomus"	0	0	0	0	0	0	0	0	0	0	0	0	0	0	0	0	0	0	0	0	0	0	0	0	0	0.12280701754386	0.131578947368421	0	0.0263157894736842	0.0350877192982456	0.0263157894736842	0	0.043859649122807	0	0	0	0	0	0.0175438596491228	0	0	0.043859649122807	0.0526315789473684	0	0	0	0	0	0	0	0	0	0	0	0	0
"Phodopus_campbelli"	0	0	0	0	0	0	0	0	0	0	0	0	0	0	0	0	0	0	0	0	0	0	0	0	0	0.0377358490566038	0	0	0	0	0	0	0	0	0	0	0	0.245283018867925	0.0377358490566038	0.0566037735849057	0	0	0	0.122641509433962	0	0	0	0	0	0	0	0	0	0	0	0
"Tamias_sibiricus"	0	0	0	0	0	0	0	0	0	0	0	0	0	0	0	0	0	0	0	0	0	0	0	0	0	0.0384615384615385	0	0	0	0	0	0	0	0	0	0	0.230769230769231	0	0	0	0	0	0	0	0	0	0.125	0	0.105769230769231	0	0	0	0	0	0	0
"Clethrionomys_glareolus"	0	0	0	0	0	0	0	0	0	0	0	0	0	0	0	0	0	0	0	0	0	0	0	0	0	0.166666666666667	0.0833333333333333	0	0.107142857142857	0.0476190476190476	0.0238095238095238	0.0357142857142857	0	0	0	0	0	0	0	0	0	0	0	0	0	0	0	0	0	0	0	0	0.0357142857142857	0	0	0
"Cricetus_cricetus"	0	0	0	0	0	0	0	0	0	0	0	0	0	0	0	0	0	0	0	0	0	0	0	0	0	0.0657894736842105	0.0263157894736842	0.0526315789473684	0.144736842105263	0	0	0	0.0263157894736842	0	0.0526315789473684	0	0	0	0	0	0	0	0	0.0921052631578947	0	0	0	0.0394736842105263	0	0	0	0	0	0	0	0
"Microtus_arvalis"	0	0	0	0	0	0	0	0	0	0	0	0	0	0	0	0	0	0	0	0	0	0	0	0	0	0.25	0	0	0	0	0	0	0.0526315789473684	0	0	0	0	0	0.0394736842105263	0	0.0394736842105263	0	0	0.0657894736842105	0	0	0	0	0	0	0.0526315789473684	0	0	0	0	0
"Myopus_schisticolor"	0	0	0	0	0	0	0	0	0	0	0	0	0	0	0	0	0	0	0	0	0	0	0	0	0	0	0	0	0.0909090909090909	0	0.227272727272727	0	0	0	0	0	0	0	0	0	0	0	0.181818181818182	0	0	0	0	0	0	0	0	0	0	0	0	0
"Cricetulus_barabensis"	0	0	0	0	0	0	0	0	0	0	0	0	0	0	0	0	0	0	0	0	0	0	0	0	0	0	0	0.0526315789473684	0	0.0526315789473684	0	0	0.184210526315789	0	0	0	0	0.105263157894737	0.0526315789473684	0	0	0	0	0	0	0	0	0	0	0	0.0526315789473684	0	0	0	0	0
"Clethrionomys_rufocanus"	0	0	0	0	0	0	0	0	0	0	0	0	0	0	0	0	0	0	0	0	0	0	0	0	0	0	0.0588235294117647	0	0	0	0.352941176470588	0	0.0882352941176471	0	0	0	0	0	0	0	0	0	0	0	0	0	0	0	0	0	0	0	0	0	0	0
"Micromys_minutus"	0	0	0	0	0	0	0	0	0	0	0	0	0	0	0	0	0	0	0	0	0	0	0	0	0	0.125	0	0.125	0	0	0	0.0833333333333333	0	0	0	0	0	0	0.0833333333333333	0	0	0	0	0	0	0.0833333333333333	0	0	0	0	0	0	0	0	0	0
"Sicista_subtilis"	0	0	0	0	0	0	0	0	0	0	0	0	0	0	0	0	0	0	0	0	0	0	0	0	0	0.111111111111111	0	0	0	0	0	0	0.222222222222222	0	0	0	0	0	0.166666666666667	0	0	0	0	0	0	0	0	0	0	0	0	0	0	0	0	0
"Pteromys_volans"	0	0	0	0	0	0	0	0	0	0	0	0	0	0	0	0	0	0	0	0	0	0	0	0	0	0	0	0	0	0	0	0	0	0	0	0	0	0	0	0	0	0	0	0	0	0	0	0	0	0.5	0	0	0	0	0	0
"Sciurus_vulgaris"	0	0	0	0	0	0	0	0	0	0	0	0	0	0	0	0	0	0	0	0	0	0	0	0	0	0	0	0	0	0	0	0	0	0	0	0	0	0	0	0	0	0	0	0	0	0	0	0	0	0.5	0	0	0	0	0	0
"Ctenophthalmus_assimilis"	0.186672967863894	0.0283553875236295	0.0505671077504726	0.0968809073724008	0.00378071833648393	0.0392249527410208	0.00897920604914934	0.00519848771266541	0.0146502835538752	0.0349716446124764	0	0	0.00661625708884688	0.00189035916824197	0.00189035916824197	0.00661625708884688	0.00236294896030246	0.00897920604914934	0	0	0	0.00141776937618147	0.000945179584120983	0	0	0	0	0	0	0	0	0	0	0	0	0	0	0	0	0	0	0	0	0	0	0	0	0	0	0	0	0	0	0	0	0
"Megabothris_walkeri"	0.43953488372093	0.00406976744186047	0.00697674418604651	0.0162790697674419	0	0.00697674418604651	0.00232558139534884	0	0.00872093023255814	0	0	0	0.00872093023255814	0	0	0.00406976744186047	0.00116279069767442	0	0	0	0.00116279069767442	0	0	0	0	0	0	0	0	0	0	0	0	0	0	0	0	0	0	0	0	0	0	0	0	0	0	0	0	0	0	0	0	0	0	0
"Palaeopsylla_soricis"	0.00288461538461538	0.356730769230769	0.0557692307692308	0.00769230769230769	0	0	0.0451923076923077	0.00576923076923077	0	0.0173076923076923	0	0	0	0	0	0	0.00384615384615385	0	0	0.00192307692307692	0	0.00288461538461538	0	0	0	0	0	0	0	0	0	0	0	0	0	0	0	0	0	0	0	0	0	0	0	0	0	0	0	0	0	0	0	0	0	0
"Amalaraeus_penicilliger"	0.202985074626866	0.0373134328358209	0.143283582089552	0.0238805970149254	0	0.017910447761194	0	0.0104477611940299	0.0104477611940299	0.0104477611940299	0	0	0.00447761194029851	0	0	0.0134328358208955	0.0164179104477612	0	0.00895522388059702	0	0	0	0	0	0	0	0	0	0	0	0	0	0	0	0	0	0	0	0	0	0	0	0	0	0	0	0	0	0	0	0	0	0	0	0	0
"Corrodopsylla_birulai"	0.046218487394958	0.220588235294118	0.0315126050420168	0.0105042016806723	0	0.0273109243697479	0.121848739495798	0.00420168067226891	0.0168067226890756	0	0	0	0.00840336134453781	0	0	0.00840336134453781	0	0	0	0.00420168067226891	0	0	0	0	0	0	0	0	0	0	0	0	0	0	0	0	0	0	0	0	0	0	0	0	0	0	0	0	0	0	0	0	0	0	0	0
"Megabothris_rectangulatus"	0.0115606936416185	0.0317919075144509	0.210982658959538	0.0606936416184971	0	0.0260115606936416	0	0.0115606936416185	0.0433526011560694	0.0115606936416185	0	0	0.00867052023121387	0	0	0.00578034682080925	0	0	0.0433526011560694	0	0.0346820809248555	0	0	0	0	0	0	0	0	0	0	0	0	0	0	0	0	0	0	0	0	0	0	0	0	0	0	0	0	0	0	0	0	0	0	0
"Megabothris_turbidus"	0.301948051948052	0.0357142857142857	0.0292207792207792	0.038961038961039	0	0.0357142857142857	0	0.0422077922077922	0	0	0	0	0	0	0	0.00974025974025974	0	0	0	0	0	0.00649350649350649	0	0	0	0	0	0	0	0	0	0	0	0	0	0	0	0	0	0	0	0	0	0	0	0	0	0	0	0	0	0	0	0	0	0
"Hystrichopsylla_talpae"	0.0102040816326531	0.0374149659863946	0.115646258503401	0.0646258503401361	0	0.0408163265306122	0.0204081632653061	0.0850340136054422	0.0408163265306122	0	0	0	0.0170068027210884	0	0	0	0.00680272108843537	0.0136054421768707	0	0.0238095238095238	0.0102040816326531	0	0.0136054421768707	0	0	0	0	0	0	0	0	0	0	0	0	0	0	0	0	0	0	0	0	0	0	0	0	0	0	0	0	0	0	0	0	0
"Ctenophthalmus_arvalis"	0.04296875	0.015625	0.0078125	0	0.41015625	0	0	0	0	0	0	0.0234375	0	0	0	0	0	0	0	0	0	0	0	0	0	0	0	0	0	0	0	0	0	0	0	0	0	0	0	0	0	0	0	0	0	0	0	0	0	0	0	0	0	0	0	0
"Amphipsylla_sibirica"	0.425438596491228	0.0175438596491228	0.0175438596491228	0	0	0.0219298245614035	0	0	0	0	0	0	0	0	0	0	0.0175438596491228	0	0	0	0	0	0	0	0	0	0	0	0	0	0	0	0	0	0	0	0	0	0	0	0	0	0	0	0	0	0	0	0	0	0	0	0	0	0	0
"Ctenophthalmus_dilatatus"	0	0	0	0	0	0	0	0	0	0	0.5	0	0	0	0	0	0	0	0	0	0	0	0	0	0	0	0	0	0	0	0	0	0	0	0	0	0	0	0	0	0	0	0	0	0	0	0	0	0	0	0	0	0	0	0	0
"Ceratophyllus_indages"	0	0	0.015625	0	0	0	0	0	0	0	0	0.359375	0	0	0.125	0	0	0	0	0	0	0	0	0	0	0	0	0	0	0	0	0	0	0	0	0	0	0	0	0	0	0	0	0	0	0	0	0	0	0	0	0	0	0	0	0
"Pectinoctenus_pavlovskii"	0.0641025641025641	0	0	0	0.243589743589744	0	0	0	0	0	0	0	0	0.166666666666667	0	0	0	0	0	0.0256410256410256	0	0	0	0	0	0	0	0	0	0	0	0	0	0	0	0	0	0	0	0	0	0	0	0	0	0	0	0	0	0	0	0	0	0	0	0
"Frontopsylla_elata"	0	0.0486111111111111	0.0763888888888889	0.152777777777778	0	0.0416666666666667	0	0.0486111111111111	0	0.0208333333333333	0	0	0.0138888888888889	0.0277777777777778	0	0	0	0.0208333333333333	0	0.0138888888888889	0	0.0138888888888889	0.0208333333333333	0	0	0	0	0	0	0	0	0	0	0	0	0	0	0	0	0	0	0	0	0	0	0	0	0	0	0	0	0	0	0	0	0
"Citellophilus_tesquorum"	0	0.0178571428571429	0.0446428571428571	0	0.303571428571429	0	0	0	0	0	0	0.0803571428571429	0	0.0535714285714286	0	0	0	0	0	0	0	0	0	0	0	0	0	0	0	0	0	0	0	0	0	0	0	0	0	0	0	0	0	0	0	0	0	0	0	0	0	0	0	0	0	0
"Leptopsylla_sicistae"	0	0	0	0	0	0	0	0.471698113207547	0	0	0	0	0	0	0	0	0	0.0283018867924528	0	0	0	0	0	0	0	0	0	0	0	0	0	0	0	0	0	0	0	0	0	0	0	0	0	0	0	0	0	0	0	0	0	0	0	0	0	0
"Peromyscopsylla_silvatica"	0	0	0.403846153846154	0.0288461538461538	0.0192307692307692	0	0	0	0	0	0	0	0.0480769230769231	0	0	0	0	0	0	0	0	0	0	0	0	0	0	0	0	0	0	0	0	0	0	0	0	0	0	0	0	0	0	0	0	0	0	0	0	0	0	0	0	0	0	0
"Megabothris_calcarifer"	0	0.02	0.02	0.1	0	0	0	0	0.18	0	0	0	0.06	0	0	0	0	0	0.12	0	0	0	0	0	0	0	0	0	0	0	0	0	0	0	0	0	0	0	0	0	0	0	0	0	0	0	0	0	0	0	0	0	0	0	0	0
"Neopsylla_pleskei"	0.0434782608695652	0	0	0.130434782608696	0.0326086956521739	0	0	0	0.0217391304347826	0	0	0	0	0.141304347826087	0	0	0.0760869565217391	0.0543478260869565	0	0	0	0	0	0	0	0	0	0	0	0	0	0	0	0	0	0	0	0	0	0	0	0	0	0	0	0	0	0	0	0	0	0	0	0	0	0
"Amphipsylla_kuznetzovi"	0.0789473684210526	0	0.131578947368421	0.289473684210526	0	0	0	0	0	0	0	0	0	0	0	0	0	0	0	0	0	0	0	0	0	0	0	0	0	0	0	0	0	0	0	0	0	0	0	0	0	0	0	0	0	0	0	0	0	0	0	0	0	0	0	0
"Peromyscopsylla_bidentata"	0.105263157894737	0.0526315789473684	0	0	0	0.289473684210526	0	0	0	0	0	0	0	0	0	0	0	0	0	0	0	0.0526315789473684	0	0	0	0	0	0	0	0	0	0	0	0	0	0	0	0	0	0	0	0	0	0	0	0	0	0	0	0	0	0	0	0	0	0
"Neopsylla_acanthina"	0.0666666666666667	0	0	0	0	0	0	0	0	0	0	0	0	0	0.433333333333333	0	0	0	0	0	0	0	0	0	0	0	0	0	0	0	0	0	0	0	0	0	0	0	0	0	0	0	0	0	0	0	0	0	0	0	0	0	0	0	0	0
"Neopsylla_mana"	0.107142857142857	0	0	0	0	0.0714285714285714	0.107142857142857	0.107142857142857	0	0	0	0	0	0	0	0	0.107142857142857	0	0	0	0	0	0	0	0	0	0	0	0	0	0	0	0	0	0	0	0	0	0	0	0	0	0	0	0	0	0	0	0	0	0	0	0	0	0	0
"Ctenophthalmus_pisticus"	0	0	0	0	0	0	0	0	0	0	0	0	0	0	0.5	0	0	0	0	0	0	0	0	0	0	0	0	0	0	0	0	0	0	0	0	0	0	0	0	0	0	0	0	0	0	0	0	0	0	0	0	0	0	0	0	0
"Tarsopsylla_octodecimdentata"	0	0	0	0	0	0	0	0	0	0	0	0	0	0	0	0	0	0	0	0	0	0	0	0.388888888888889	0.111111111111111	0	0	0	0	0	0	0	0	0	0	0	0	0	0	0	0	0	0	0	0	0	0	0	0	0	0	0	0	0	0	0
"Amphipsylla_vinogradovi"	0	0	0	0	0	0	0	0	0	0	0	0	0	0	0	0	0	0.333333333333333	0	0.166666666666667	0	0	0	0	0	0	0	0	0	0	0	0	0	0	0	0	0	0	0	0	0	0	0	0	0	0	0	0	0	0	0	0	0	0	0	0
"Oropsylla_ilovaiskii"	0	0	0	0	0	0	0	0	0	0	0	0.5	0	0	0	0	0	0	0	0	0	0	0	0	0	0	0	0	0	0	0	0	0	0	0	0	0	0	0	0	0	0	0	0	0	0	0	0	0	0	0	0	0	0	0	0
"Ctenophthalmus_uncinatus"	0	0	0	0	0	0	0	0	0	0	0	0	0	0	0	0.5	0	0	0	0	0	0	0	0	0	0	0	0	0	0	0	0	0	0	0	0	0	0	0	0	0	0	0	0	0	0	0	0	0	0	0	0	0	0	0	0
"Amphipsylla_prima"	0.5	0	0	0	0	0	0	0	0	0	0	0	0	0	0	0	0	0	0	0	0	0	0	0	0	0	0	0	0	0	0	0	0	0	0	0	0	0	0	0	0	0	0	0	0	0	0	0	0	0	0	0	0	0	0	0
"Catallagia_dacenkoi"	0	0	0.5	0	0	0	0	0	0	0	0	0	0	0	0	0	0	0	0	0	0	0	0	0	0	0	0	0	0	0	0	0	0	0	0	0	0	0	0	0	0	0	0	0	0	0	0	0	0	0	0	0	0	0	0	0
"Rhadinopsylla_integella"	0	0	0	0	0	0	0	0	0	0	0.5	0	0	0	0	0	0	0	0	0	0	0	0	0	0	0	0	0	0	0	0	0	0	0	0	0	0	0	0	0	0	0	0	0	0	0	0	0	0	0	0	0	0	0	0	0
