"Dipterocarpus_pachyphyllus"	"Dipterocarpus_geniculatus"	"Dipterocarpus_crinitus"	"Dipterocarpus_globosus"	"Dipterocarpus_palembanicus"	"Dipterocarpus_tempehes"	"Dryobalanops_aromatica"	"Dryobalanops_lanceolata"	"Shorea_smithiana"	"Shorea_macrophylla"	"Shorea_xantophylla"	"Shorea_laxa"	"Shorea_argentifolia"	"Sternuchopsis_hoplomachus"	"Araecerus_corporaali"	"Phloebius_sp._1"	"Ctenomerus_sp._2"	"Manoja_sp._1"	"Meregallia_dipterocarpi"	"Meregallia_sp._1"	"Nanophyes_shoreae"	"Nanophyes_sp._2"	"Apionidae_Gn._sp._1"	"Involvulus_sp._3"	"Imathia_sp._1"	"Ochyromera_sp._2"	"Idotasia_sp._1"	"Sternuchopsis_curranae"	"Sternuchopsis_dipterocarpi"	"Sternuchopsis_shoreaphilus"	"Niphades_sp._1"	"Orchestes_sp._1"	"Orchestes_sp._2"	"Orchestes_sp._4"	"Coccotrypes_advena"	"Coccotrypes_cardamoni"	"Coccotrypes_gedeanus"	"Coccotrypes_papuanus"	"Dryocoetiops_malaccensis"	"Xyleborinus_exiguus"	"Xyleborinus_similis"	"Andrioplecta_shoreae"	"Andrioplecta_subpulverula"	"Andrioplecta_sp._A"	"Andrioplecta_sp._B"	"Lamoria_adaptella"	"Cosmopterigidae_sp._A"	"Assara_albicostalis"	"Sesiidae_Gn._Sp._A"	"Imma_homocrossa"
"Dipterocarpus_pachyphyllus"	0	0	0	0	0	0	0	0	0	0	0	0	0	0	0.0217391304347826	0	0.0108695652173913	0	0	0	0	0	0	0.195652173913043	0.0108695652173913	0	0.0217391304347826	0.0108695652173913	0	0	0.0217391304347826	0	0	0	0.0217391304347826	0	0.0543478260869565	0	0.0108695652173913	0	0.0108695652173913	0.0108695652173913	0	0.0108695652173913	0	0.0108695652173913	0.0652173913043478	0	0	0.0108695652173913
"Dipterocarpus_geniculatus"	0	0	0	0	0	0	0	0	0	0	0	0	0	0.015625	0.015625	0	0	0	0.109375	0	0	0	0	0	0	0.015625	0	0.03125	0	0	0.0625	0	0	0	0.03125	0	0.140625	0.015625	0	0	0	0.015625	0	0	0.015625	0	0.03125	0	0	0
"Dipterocarpus_crinitus"	0	0	0	0	0	0	0	0	0	0	0	0	0	0	0	0	0	0	0	0	0	0	0	0	0	0	0	0	0	0	0	0	0	0	0	0	0	0	0	0	0	0	0	0	0	0	0	0.5	0	0
"Dipterocarpus_globosus"	0	0	0	0	0	0	0	0	0	0	0	0	0	0	0	0	0	0	0	0	0	0	0	0	0.0789473684210526	0	0	0	0	0	0	0	0	0	0.0263157894736842	0	0.342105263157895	0.0526315789473684	0	0	0	0	0	0	0	0	0	0	0	0
"Dipterocarpus_palembanicus"	0	0	0	0	0	0	0	0	0	0	0	0	0	0	0.126582278481013	0	0	0	0	0.0126582278481013	0	0	0.00632911392405063	0	0.0886075949367089	0	0.00632911392405063	0.0253164556962025	0	0	0	0	0	0.00632911392405063	0	0.0189873417721519	0.189873417721519	0	0	0	0	0	0	0	0	0	0.0189873417721519	0	0	0
"Dipterocarpus_tempehes"	0	0	0	0	0	0	0	0	0	0	0	0	0	0.00423728813559322	0.0233050847457627	0.00211864406779661	0	0	0	0.00423728813559322	0	0	0	0	0	0	0	0.0656779661016949	0	0	0.372881355932203	0	0	0	0.0127118644067797	0	0.00211864406779661	0.00211864406779661	0	0.00211864406779661	0	0	0.00847457627118644	0	0	0	0	0	0	0
"Dryobalanops_aromatica"	0	0	0	0	0	0	0	0	0	0	0	0	0	0	0	0	0	0	0	0	0	0	0	0	0	0	0	0.0625	0	0	0	0	0	0	0.0625	0	0.375	0	0	0	0	0	0	0	0	0	0	0	0	0
"Dryobalanops_lanceolata"	0	0	0	0	0	0	0	0	0	0	0	0	0	0	0	0	0	0	0	0	0	0	0	0	0	0	0.0151515151515152	0.393939393939394	0	0	0	0	0	0	0	0	0.0909090909090909	0	0	0	0	0	0	0	0	0	0	0	0	0
"Shorea_smithiana"	0	0	0	0	0	0	0	0	0	0	0	0	0	0	0.0614035087719298	0	0.0350877192982456	0	0	0	0.12280701754386	0	0	0	0	0	0	0	0.087719298245614	0	0.0263157894736842	0.0087719298245614	0.0087719298245614	0.0087719298245614	0.043859649122807	0.0526315789473684	0	0	0	0	0.0087719298245614	0.0087719298245614	0	0.0175438596491228	0	0	0	0.0087719298245614	0	0
"Shorea_macrophylla"	0	0	0	0	0	0	0	0	0	0	0	0	0	0	0.0614035087719298	0	0	0.0087719298245614	0	0	0	0.0175438596491228	0	0	0.0175438596491228	0	0	0	0	0	0	0	0	0	0.0087719298245614	0	0.219298245614035	0	0	0	0	0.043859649122807	0	0.0087719298245614	0	0	0	0.043859649122807	0.0701754385964912	0
"Shorea_xantophylla"	0	0	0	0	0	0	0	0	0	0	0	0	0	0	0	0	0	0	0	0	0	0	0	0	0	0	0	0	0	0	0	0	0.25	0.25	0	0	0	0	0	0	0	0	0	0	0	0	0	0	0	0
"Shorea_laxa"	0	0	0	0	0	0	0	0	0	0	0	0	0	0	0	0	0	0	0	0	0	0	0	0	0	0	0	0.125	0	0.375	0	0	0	0	0	0	0	0	0	0	0	0	0	0	0	0	0	0	0	0
"Shorea_argentifolia"	0	0	0	0	0	0	0	0	0	0	0	0	0	0	0	0	0	0	0	0	0	0	0	0	0	0	0	0	0.285714285714286	0	0	0	0	0	0	0	0	0	0	0	0	0.142857142857143	0	0.0714285714285714	0	0	0	0	0	0
"Sternuchopsis_hoplomachus"	0	0.166666666666667	0	0	0	0.333333333333333	0	0	0	0	0	0	0	0	0	0	0	0	0	0	0	0	0	0	0	0	0	0	0	0	0	0	0	0	0	0	0	0	0	0	0	0	0	0	0	0	0	0	0	0
"Araecerus_corporaali"	0.0208333333333333	0.0104166666666667	0	0	0.208333333333333	0.114583333333333	0	0	0.0729166666666667	0.0729166666666667	0	0	0	0	0	0	0	0	0	0	0	0	0	0	0	0	0	0	0	0	0	0	0	0	0	0	0	0	0	0	0	0	0	0	0	0	0	0	0	0
"Phloebius_sp._1"	0	0	0	0	0	0.5	0	0	0	0	0	0	0	0	0	0	0	0	0	0	0	0	0	0	0	0	0	0	0	0	0	0	0	0	0	0	0	0	0	0	0	0	0	0	0	0	0	0	0	0
"Ctenomerus_sp._2"	0.1	0	0	0	0	0	0	0	0.4	0	0	0	0	0	0	0	0	0	0	0	0	0	0	0	0	0	0	0	0	0	0	0	0	0	0	0	0	0	0	0	0	0	0	0	0	0	0	0	0	0
"Manoja_sp._1"	0	0	0	0	0	0	0	0	0	0.5	0	0	0	0	0	0	0	0	0	0	0	0	0	0	0	0	0	0	0	0	0	0	0	0	0	0	0	0	0	0	0	0	0	0	0	0	0	0	0	0
"Meregallia_dipterocarpi"	0	0.5	0	0	0	0	0	0	0	0	0	0	0	0	0	0	0	0	0	0	0	0	0	0	0	0	0	0	0	0	0	0	0	0	0	0	0	0	0	0	0	0	0	0	0	0	0	0	0	0
"Meregallia_sp._1"	0	0	0	0	0.25	0.25	0	0	0	0	0	0	0	0	0	0	0	0	0	0	0	0	0	0	0	0	0	0	0	0	0	0	0	0	0	0	0	0	0	0	0	0	0	0	0	0	0	0	0	0
"Nanophyes_shoreae"	0	0	0	0	0	0	0	0	0.5	0	0	0	0	0	0	0	0	0	0	0	0	0	0	0	0	0	0	0	0	0	0	0	0	0	0	0	0	0	0	0	0	0	0	0	0	0	0	0	0	0
"Nanophyes_sp._2"	0	0	0	0	0	0	0	0	0	0.5	0	0	0	0	0	0	0	0	0	0	0	0	0	0	0	0	0	0	0	0	0	0	0	0	0	0	0	0	0	0	0	0	0	0	0	0	0	0	0	0
"Apionidae_Gn._sp._1"	0	0	0	0	0.5	0	0	0	0	0	0	0	0	0	0	0	0	0	0	0	0	0	0	0	0	0	0	0	0	0	0	0	0	0	0	0	0	0	0	0	0	0	0	0	0	0	0	0	0	0
"Involvulus_sp._3"	0.5	0	0	0	0	0	0	0	0	0	0	0	0	0	0	0	0	0	0	0	0	0	0	0	0	0	0	0	0	0	0	0	0	0	0	0	0	0	0	0	0	0	0	0	0	0	0	0	0	0
"Imathia_sp._1"	0.025	0	0	0.075	0.35	0	0	0	0	0.05	0	0	0	0	0	0	0	0	0	0	0	0	0	0	0	0	0	0	0	0	0	0	0	0	0	0	0	0	0	0	0	0	0	0	0	0	0	0	0	0
"Ochyromera_sp._2"	0	0.5	0	0	0	0	0	0	0	0	0	0	0	0	0	0	0	0	0	0	0	0	0	0	0	0	0	0	0	0	0	0	0	0	0	0	0	0	0	0	0	0	0	0	0	0	0	0	0	0
"Idotasia_sp._1"	0.25	0	0	0	0.125	0	0	0.125	0	0	0	0	0	0	0	0	0	0	0	0	0	0	0	0	0	0	0	0	0	0	0	0	0	0	0	0	0	0	0	0	0	0	0	0	0	0	0	0	0	0
"Sternuchopsis_curranae"	0.00757575757575758	0.0151515151515152	0	0	0.0303030303030303	0.234848484848485	0.00757575757575758	0.196969696969697	0	0	0	0.00757575757575758	0	0	0	0	0	0	0	0	0	0	0	0	0	0	0	0	0	0	0	0	0	0	0	0	0	0	0	0	0	0	0	0	0	0	0	0	0	0
"Sternuchopsis_dipterocarpi"	0	0	0	0	0	0	0	0	0.277777777777778	0	0	0	0.222222222222222	0	0	0	0	0	0	0	0	0	0	0	0	0	0	0	0	0	0	0	0	0	0	0	0	0	0	0	0	0	0	0	0	0	0	0	0	0
"Sternuchopsis_shoreaphilus"	0	0	0	0	0	0	0	0	0	0	0	0.5	0	0	0	0	0	0	0	0	0	0	0	0	0	0	0	0	0	0	0	0	0	0	0	0	0	0	0	0	0	0	0	0	0	0	0	0	0	0
"Niphades_sp._1"	0.00540540540540541	0.0108108108108108	0	0	0	0.475675675675676	0	0	0.00810810810810811	0	0	0	0	0	0	0	0	0	0	0	0	0	0	0	0	0	0	0	0	0	0	0	0	0	0	0	0	0	0	0	0	0	0	0	0	0	0	0	0	0
"Orchestes_sp._1"	0	0	0	0	0	0	0	0	0.5	0	0	0	0	0	0	0	0	0	0	0	0	0	0	0	0	0	0	0	0	0	0	0	0	0	0	0	0	0	0	0	0	0	0	0	0	0	0	0	0	0
"Orchestes_sp._2"	0	0	0	0	0	0	0	0	0.25	0	0.25	0	0	0	0	0	0	0	0	0	0	0	0	0	0	0	0	0	0	0	0	0	0	0	0	0	0	0	0	0	0	0	0	0	0	0	0	0	0	0
"Orchestes_sp._4"	0	0	0	0	0.166666666666667	0	0	0	0.166666666666667	0	0.166666666666667	0	0	0	0	0	0	0	0	0	0	0	0	0	0	0	0	0	0	0	0	0	0	0	0	0	0	0	0	0	0	0	0	0	0	0	0	0	0	0
"Coccotrypes_advena"	0.0555555555555556	0.0555555555555556	0	0.0277777777777778	0	0.166666666666667	0.0277777777777778	0	0.138888888888889	0.0277777777777778	0	0	0	0	0	0	0	0	0	0	0	0	0	0	0	0	0	0	0	0	0	0	0	0	0	0	0	0	0	0	0	0	0	0	0	0	0	0	0	0
"Coccotrypes_cardamoni"	0	0	0	0	0.166666666666667	0	0	0	0.333333333333333	0	0	0	0	0	0	0	0	0	0	0	0	0	0	0	0	0	0	0	0	0	0	0	0	0	0	0	0	0	0	0	0	0	0	0	0	0	0	0	0	0
"Coccotrypes_gedeanus"	0.0263157894736842	0.0473684210526316	0	0.068421052631579	0.157894736842105	0.00526315789473684	0.0315789473684211	0.0315789473684211	0	0.131578947368421	0	0	0	0	0	0	0	0	0	0	0	0	0	0	0	0	0	0	0	0	0	0	0	0	0	0	0	0	0	0	0	0	0	0	0	0	0	0	0	0
"Coccotrypes_papuanus"	0	0.125	0	0.25	0	0.125	0	0	0	0	0	0	0	0	0	0	0	0	0	0	0	0	0	0	0	0	0	0	0	0	0	0	0	0	0	0	0	0	0	0	0	0	0	0	0	0	0	0	0	0
"Dryocoetiops_malaccensis"	0.5	0	0	0	0	0	0	0	0	0	0	0	0	0	0	0	0	0	0	0	0	0	0	0	0	0	0	0	0	0	0	0	0	0	0	0	0	0	0	0	0	0	0	0	0	0	0	0	0	0
"Xyleborinus_exiguus"	0	0	0	0	0	0.5	0	0	0	0	0	0	0	0	0	0	0	0	0	0	0	0	0	0	0	0	0	0	0	0	0	0	0	0	0	0	0	0	0	0	0	0	0	0	0	0	0	0	0	0
"Xyleborinus_similis"	0.25	0	0	0	0	0	0	0	0.25	0	0	0	0	0	0	0	0	0	0	0	0	0	0	0	0	0	0	0	0	0	0	0	0	0	0	0	0	0	0	0	0	0	0	0	0	0	0	0	0	0
"Andrioplecta_shoreae"	0.0416666666666667	0.0416666666666667	0	0	0	0	0	0	0.0416666666666667	0.208333333333333	0	0	0.166666666666667	0	0	0	0	0	0	0	0	0	0	0	0	0	0	0	0	0	0	0	0	0	0	0	0	0	0	0	0	0	0	0	0	0	0	0	0	0
"Andrioplecta_subpulverula"	0	0	0	0	0	0.5	0	0	0	0	0	0	0	0	0	0	0	0	0	0	0	0	0	0	0	0	0	0	0	0	0	0	0	0	0	0	0	0	0	0	0	0	0	0	0	0	0	0	0	0
"Andrioplecta_sp._A"	0.0833333333333333	0	0	0	0	0	0	0	0.166666666666667	0.0833333333333333	0	0	0.166666666666667	0	0	0	0	0	0	0	0	0	0	0	0	0	0	0	0	0	0	0	0	0	0	0	0	0	0	0	0	0	0	0	0	0	0	0	0	0
"Andrioplecta_sp._B"	0	0.5	0	0	0	0	0	0	0	0	0	0	0	0	0	0	0	0	0	0	0	0	0	0	0	0	0	0	0	0	0	0	0	0	0	0	0	0	0	0	0	0	0	0	0	0	0	0	0	0
"Lamoria_adaptella"	0.5	0	0	0	0	0	0	0	0	0	0	0	0	0	0	0	0	0	0	0	0	0	0	0	0	0	0	0	0	0	0	0	0	0	0	0	0	0	0	0	0	0	0	0	0	0	0	0	0	0
"Cosmopterigidae_sp._A"	0.272727272727273	0.0909090909090909	0	0	0.136363636363636	0	0	0	0	0	0	0	0	0	0	0	0	0	0	0	0	0	0	0	0	0	0	0	0	0	0	0	0	0	0	0	0	0	0	0	0	0	0	0	0	0	0	0	0	0
"Assara_albicostalis"	0	0	0.0714285714285714	0	0	0	0	0	0.0714285714285714	0.357142857142857	0	0	0	0	0	0	0	0	0	0	0	0	0	0	0	0	0	0	0	0	0	0	0	0	0	0	0	0	0	0	0	0	0	0	0	0	0	0	0	0
"Sesiidae_Gn._Sp._A"	0	0	0	0	0	0	0	0	0	0.5	0	0	0	0	0	0	0	0	0	0	0	0	0	0	0	0	0	0	0	0	0	0	0	0	0	0	0	0	0	0	0	0	0	0	0	0	0	0	0	0
"Imma_homocrossa"	0.5	0	0	0	0	0	0	0	0	0	0	0	0	0	0	0	0	0	0	0	0	0	0	0	0	0	0	0	0	0	0	0	0	0	0	0	0	0	0	0	0	0	0	0	0	0	0	0	0	0
