"Dendropanax_arboreus"	"Dendropanax_sp1_M_PL_040"	"Unidentified_sp21_M_PL_040"	"Unidentified_sp14_M_PL_040"	"Portlandia_grandiflora"	"Unidentified_sp23_M_PL_040"	"Miconia_sp1_M_PL_040"	"Spermacoce_assurgens"	"Unidentified_sp13_M_PL_040"	"Unidentified_sp15_M_PL_040"	"Aechmea_paniculigera"	"Impatiens_walleriana"	"Petiveria_sp1_M_PL_040"	"Blakea_trinervia"	"Unidentified_sp19_M_PL_040"	"Byrsonima_sp1_M_PL_040"	"Pilea_sp1_M_PL_040"	"Unidentified_sp16_M_PL_040"	"Unidentified_sp18_M_PL_040"	"Unidentified_sp20_M_PL_040"	"Wallenia_laurifolia"	"Passiflora_sp1_M_PL_040"	"Unidentified_sp17_M_PL_040"	"Guarea_swartzii"	"Psidium_montanum"	"Unidentified_sp22_M_PL_040"	"Nectandra_coriacea"	"Pilea_sp2_M_PL_040"	"Tradescantia_zebrina"	"Wasmannia_auropunctata"	"Apis_mellifera"	"Crematogaster_steinheili"	"Unidentified_sp4_M_PL_040"	"Camponotus_hannani"	"Sphex_jamaicensis"	"Euglossa_jamaicensis"	"Dryas_iulia_delila"	"Heliconius_charitonius_simulator"	"Xylocopa_sp1_M_PL_040"	"Centris_sp2_M_PL_040"	"Unidentified_sp3_M_PL_040"	"Unidentified_sp1_M_PL_040"	"Trochilus_polytmus_polytmus"	"Centris_sp1_M_PL_040"	"Mellisuga_minima"	"Aguna_asander_jasper"	"Anolis_grahami"	"Camponotus_subdepilis"	"Papilio_thersites"	"Unidentified_sp7_M_PL_040"	"Eurytides_marcellinus"	"Conotelus_obscurus"	"Marpesia_chiron"	"Agapostemon_sp1_M_PL_040"	"Unidentified_sp2_M_PL_040"	"Coereba_flaveola"	"Adelpha_abyla"	"Paraphrissopoda_chrysostoma"	"Unidentified_sp11_M_PL_040"	"Nesopsar_nigerrimus"	"Unidentified_sp12_M_PL_040"	"Atlantea_pantoni"	"Dione_vanillae_insularis"	"Euneornis_campestris"	"Polistes_sp1_M_PL_040"	"Unidentified_sp5_M_PL_040"	"Unidentified_sp6_M_PL_040"	"Anolis_sagrei"	"Diptera_sp1_M_PL_040"	"Paragymnetis_lanius"	"Unidentified_sp8_M_PL_040"	"Unidentified_sp9_M_PL_040"
"Dendropanax_arboreus"	0	0	0	0	0	0	0	0	0	0	0	0	0	0	0	0	0	0	0	0	0	0	0	0	0	0	0	0	0	0	0.082089552238806	0	0.10634328358209	0	0.00373134328358209	0	0.0802238805970149	0.0708955223880597	0	0	0.0186567164179104	0	0.0205223880597015	0	0.0223880597014925	0.0261194029850746	0	0	0.0205223880597015	0.0186567164179104	0.00373134328358209	0	0.00746268656716418	0	0	0.00373134328358209	0.00559701492537313	0	0	0	0	0.00373134328358209	0.00373134328358209	0	0	0	0.00186567164179104	0	0	0	0	0
"Dendropanax_sp1_M_PL_040"	0	0	0	0	0	0	0	0	0	0	0	0	0	0	0	0	0	0	0	0	0	0	0	0	0	0	0	0	0	0	0.0785714285714286	0	0.0357142857142857	0	0.178571428571429	0	0	0	0	0	0.0535714285714286	0	0	0.05	0	0.00357142857142857	0.0392857142857143	0	0	0.00357142857142857	0.025	0	0.0107142857142857	0	0	0.00357142857142857	0	0.0107142857142857	0	0	0	0	0	0	0	0.00357142857142857	0	0	0	0.00357142857142857	0	0
"Unidentified_sp21_M_PL_040"	0	0	0	0	0	0	0	0	0	0	0	0	0	0	0	0	0	0	0	0	0	0	0	0	0	0	0	0	0	0.361111111111111	0	0.138888888888889	0	0	0	0	0	0	0	0	0	0	0	0	0	0	0	0	0	0	0	0	0	0	0	0	0	0	0	0	0	0	0	0	0	0	0	0	0	0	0	0
"Unidentified_sp14_M_PL_040"	0	0	0	0	0	0	0	0	0	0	0	0	0	0	0	0	0	0	0	0	0	0	0	0	0	0	0	0	0	0	0	0.152941176470588	0	0.288235294117647	0	0	0	0	0	0	0	0.00588235294117647	0	0	0	0	0	0	0	0	0	0	0	0	0	0	0	0.00588235294117647	0.0235294117647059	0	0.0176470588235294	0	0	0	0	0	0	0	0.00588235294117647	0	0	0
"Portlandia_grandiflora"	0	0	0	0	0	0	0	0	0	0	0	0	0	0	0	0	0	0	0	0	0	0	0	0	0	0	0	0	0	0.289473684210526	0	0	0	0	0	0	0	0	0	0	0	0.131578947368421	0	0	0	0	0	0	0	0	0	0.0701754385964912	0	0.0087719298245614	0	0	0	0	0	0	0	0	0	0	0	0	0	0	0	0	0	0
"Unidentified_sp23_M_PL_040"	0	0	0	0	0	0	0	0	0	0	0	0	0	0	0	0	0	0	0	0	0	0	0	0	0	0	0	0	0	0.5	0	0	0	0	0	0	0	0	0	0	0	0	0	0	0	0	0	0	0	0	0	0	0	0	0	0	0	0	0	0	0	0	0	0	0	0	0	0	0	0	0	0
"Miconia_sp1_M_PL_040"	0	0	0	0	0	0	0	0	0	0	0	0	0	0	0	0	0	0	0	0	0	0	0	0	0	0	0	0	0	0	0.0340909090909091	0	0.0113636363636364	0	0	0.0909090909090909	0	0	0.306818181818182	0.0227272727272727	0	0	0	0.0113636363636364	0	0	0	0	0	0	0	0	0	0	0	0	0	0	0	0	0	0	0	0	0.0227272727272727	0	0	0	0	0	0	0
"Spermacoce_assurgens"	0	0	0	0	0	0	0	0	0	0	0	0	0	0	0	0	0	0	0	0	0	0	0	0	0	0	0	0	0	0.448717948717949	0	0.0384615384615385	0	0	0	0	0	0	0	0	0	0	0	0	0	0	0	0	0	0	0	0	0	0	0	0	0	0	0	0	0	0	0	0	0	0	0	0	0	0	0	0.0128205128205128
"Unidentified_sp13_M_PL_040"	0	0	0	0	0	0	0	0	0	0	0	0	0	0	0	0	0	0	0	0	0	0	0	0	0	0	0	0	0	0.0714285714285714	0.0857142857142857	0.0857142857142857	0	0.0285714285714286	0	0.0142857142857143	0	0	0.0142857142857143	0.0571428571428571	0	0	0.0857142857142857	0	0.0428571428571429	0	0	0	0	0	0	0	0	0	0	0	0.0142857142857143	0	0	0	0	0	0	0	0	0	0	0	0	0	0	0
"Unidentified_sp15_M_PL_040"	0	0	0	0	0	0	0	0	0	0	0	0	0	0	0	0	0	0	0	0	0	0	0	0	0	0	0	0	0	0	0.0147058823529412	0	0	0.0294117647058824	0	0.0147058823529412	0	0	0.0294117647058824	0.338235294117647	0	0	0	0	0	0	0	0	0	0	0	0	0	0.0735294117647059	0	0	0	0	0	0	0	0	0	0	0	0	0	0	0	0	0	0
"Aechmea_paniculigera"	0	0	0	0	0	0	0	0	0	0	0	0	0	0	0	0	0	0	0	0	0	0	0	0	0	0	0	0	0	0	0	0	0	0.0178571428571429	0	0.464285714285714	0	0	0	0	0	0	0.0178571428571429	0	0	0	0	0	0	0	0	0	0	0	0	0	0	0	0	0	0	0	0	0	0	0	0	0	0	0	0	0
"Impatiens_walleriana"	0	0	0	0	0	0	0	0	0	0	0	0	0	0	0	0	0	0	0	0	0	0	0	0	0	0	0	0	0	0.318181818181818	0	0.0909090909090909	0	0	0	0	0	0	0	0	0	0.0454545454545455	0	0	0	0	0	0	0	0	0	0	0	0	0.0454545454545455	0	0	0	0	0	0	0	0	0	0	0	0	0	0	0	0	0
"Petiveria_sp1_M_PL_040"	0	0	0	0	0	0	0	0	0	0	0	0	0	0	0	0	0	0	0	0	0	0	0	0	0	0	0	0	0	0.477272727272727	0	0	0	0	0	0	0	0	0	0	0	0	0	0	0	0	0	0	0	0	0	0	0	0	0.0227272727272727	0	0	0	0	0	0	0	0	0	0	0	0	0	0	0	0	0
"Blakea_trinervia"	0	0	0	0	0	0	0	0	0	0	0	0	0	0	0	0	0	0	0	0	0	0	0	0	0	0	0	0	0	0	0	0	0	0	0	0.25	0	0	0	0	0	0	0	0	0	0	0	0	0	0	0	0	0	0	0	0.0416666666666667	0	0	0	0.125	0	0	0	0.0833333333333333	0	0	0	0	0	0	0	0
"Unidentified_sp19_M_PL_040"	0	0	0	0	0	0	0	0	0	0	0	0	0	0	0	0	0	0	0	0	0	0	0	0	0	0	0	0	0	0	0	0	0	0.291666666666667	0	0	0	0	0	0	0	0	0	0	0	0	0	0.208333333333333	0	0	0	0	0	0	0	0	0	0	0	0	0	0	0	0	0	0	0	0	0	0	0	0
"Byrsonima_sp1_M_PL_040"	0	0	0	0	0	0	0	0	0	0	0	0	0	0	0	0	0	0	0	0	0	0	0	0	0	0	0	0	0	0	0	0	0	0.0555555555555556	0	0	0	0	0	0	0	0.277777777777778	0	0	0.0555555555555556	0	0	0	0	0	0	0	0	0	0	0	0	0	0	0	0	0	0	0	0	0.0555555555555556	0.0555555555555556	0	0	0	0	0
"Pilea_sp1_M_PL_040"	0	0	0	0	0	0	0	0	0	0	0	0	0	0	0	0	0	0	0	0	0	0	0	0	0	0	0	0	0	0.416666666666667	0	0	0	0	0	0	0	0	0	0	0	0	0	0	0	0	0	0	0	0	0	0	0	0	0	0	0	0	0	0	0	0	0	0	0	0	0	0	0	0	0.0833333333333333	0
"Unidentified_sp16_M_PL_040"	0	0	0	0	0	0	0	0	0	0	0	0	0	0	0	0	0	0	0	0	0	0	0	0	0	0	0	0	0	0	0	0	0	0	0	0.3	0	0	0	0	0	0	0.1	0	0	0	0	0	0	0	0	0	0	0	0	0.1	0	0	0	0	0	0	0	0	0	0	0	0	0	0	0	0
"Unidentified_sp18_M_PL_040"	0	0	0	0	0	0	0	0	0	0	0	0	0	0	0	0	0	0	0	0	0	0	0	0	0	0	0	0	0	0	0.3	0	0	0	0	0	0	0	0.2	0	0	0	0	0	0	0	0	0	0	0	0	0	0	0	0	0	0	0	0	0	0	0	0	0	0	0	0	0	0	0	0	0
"Unidentified_sp20_M_PL_040"	0	0	0	0	0	0	0	0	0	0	0	0	0	0	0	0	0	0	0	0	0	0	0	0	0	0	0	0	0	0	0	0.4	0	0	0	0	0	0	0	0	0	0	0	0	0	0	0	0.1	0	0	0	0	0	0	0	0	0	0	0	0	0	0	0	0	0	0	0	0	0	0	0	0
"Wallenia_laurifolia"	0	0	0	0	0	0	0	0	0	0	0	0	0	0	0	0	0	0	0	0	0	0	0	0	0	0	0	0	0	0	0	0	0	0	0	0	0	0	0	0	0	0	0	0	0	0	0	0.5	0	0	0	0	0	0	0	0	0	0	0	0	0	0	0	0	0	0	0	0	0	0	0	0
"Passiflora_sp1_M_PL_040"	0	0	0	0	0	0	0	0	0	0	0	0	0	0	0	0	0	0	0	0	0	0	0	0	0	0	0	0	0	0.333333333333333	0	0.166666666666667	0	0	0	0	0	0	0	0	0	0	0	0	0	0	0	0	0	0	0	0	0	0	0	0	0	0	0	0	0	0	0	0	0	0	0	0	0	0	0	0
"Unidentified_sp17_M_PL_040"	0	0	0	0	0	0	0	0	0	0	0	0	0	0	0	0	0	0	0	0	0	0	0	0	0	0	0	0	0	0	0	0	0	0	0	0	0	0	0	0	0	0.166666666666667	0.166666666666667	0	0	0	0	0	0	0	0	0	0	0	0.166666666666667	0	0	0	0	0	0	0	0	0	0	0	0	0	0	0	0	0
"Guarea_swartzii"	0	0	0	0	0	0	0	0	0	0	0	0	0	0	0	0	0	0	0	0	0	0	0	0	0	0	0	0	0	0	0	0	0	0	0	0	0	0	0	0	0	0	0	0.5	0	0	0	0	0	0	0	0	0	0	0	0	0	0	0	0	0	0	0	0	0	0	0	0	0	0	0	0
"Psidium_montanum"	0	0	0	0	0	0	0	0	0	0	0	0	0	0	0	0	0	0	0	0	0	0	0	0	0	0	0	0	0	0.25	0	0	0	0	0	0	0	0	0	0	0	0	0	0	0	0	0	0	0	0	0	0	0	0	0.25	0	0	0	0	0	0	0	0	0	0	0	0	0	0	0	0	0
"Unidentified_sp22_M_PL_040"	0	0	0	0	0	0	0	0	0	0	0	0	0	0	0	0	0	0	0	0	0	0	0	0	0	0	0	0	0	0	0	0	0	0	0	0	0	0	0.5	0	0	0	0	0	0	0	0	0	0	0	0	0	0	0	0	0	0	0	0	0	0	0	0	0	0	0	0	0	0	0	0	0
"Nectandra_coriacea"	0	0	0	0	0	0	0	0	0	0	0	0	0	0	0	0	0	0	0	0	0	0	0	0	0	0	0	0	0	0	0	0	0	0	0	0	0	0	0	0	0.5	0	0	0	0	0	0	0	0	0	0	0	0	0	0	0	0	0	0	0	0	0	0	0	0	0	0	0	0	0	0	0
"Pilea_sp2_M_PL_040"	0	0	0	0	0	0	0	0	0	0	0	0	0	0	0	0	0	0	0	0	0	0	0	0	0	0	0	0	0	0	0	0	0	0	0	0	0	0	0	0	0	0	0	0	0	0	0	0	0	0	0	0	0	0	0	0	0	0	0	0	0	0	0	0	0	0	0	0.5	0	0	0	0
"Tradescantia_zebrina"	0	0	0	0	0	0	0	0	0	0	0	0	0	0	0	0	0	0	0	0	0	0	0	0	0	0	0	0	0	0	0	0	0	0	0	0	0	0	0	0	0	0	0	0	0	0	0	0	0	0	0	0	0	0	0.5	0	0	0	0	0	0	0	0	0	0	0	0	0	0	0	0	0
"Wasmannia_auropunctata"	0	0	0.1625	0	0.06875	0.0958333333333333	0	0.0729166666666667	0.0104166666666667	0	0	0.0291666666666667	0.04375	0	0	0	0.0104166666666667	0	0	0	0	0.00416666666666667	0	0	0.00208333333333333	0	0	0	0	0	0	0	0	0	0	0	0	0	0	0	0	0	0	0	0	0	0	0	0	0	0	0	0	0	0	0	0	0	0	0	0	0	0	0	0	0	0	0	0	0	0	0
"Apis_mellifera"	0.278481012658228	0.139240506329114	0	0	0	0	0.0189873417721519	0	0.0379746835443038	0.00632911392405063	0	0	0	0	0	0	0	0	0.0189873417721519	0	0	0	0	0	0	0	0	0	0	0	0	0	0	0	0	0	0	0	0	0	0	0	0	0	0	0	0	0	0	0	0	0	0	0	0	0	0	0	0	0	0	0	0	0	0	0	0	0	0	0	0	0
"Crematogaster_steinheili"	0	0	0.202702702702703	0.175675675675676	0	0	0	0.0202702702702703	0.0405405405405405	0	0	0.027027027027027	0	0	0	0	0	0	0	0.027027027027027	0	0.00675675675675676	0	0	0	0	0	0	0	0	0	0	0	0	0	0	0	0	0	0	0	0	0	0	0	0	0	0	0	0	0	0	0	0	0	0	0	0	0	0	0	0	0	0	0	0	0	0	0	0	0	0
"Unidentified_sp4_M_PL_040"	0.419117647058824	0.0735294117647059	0	0	0	0	0.00735294117647059	0	0	0	0	0	0	0	0	0	0	0	0	0	0	0	0	0	0	0	0	0	0	0	0	0	0	0	0	0	0	0	0	0	0	0	0	0	0	0	0	0	0	0	0	0	0	0	0	0	0	0	0	0	0	0	0	0	0	0	0	0	0	0	0	0
"Camponotus_hannani"	0	0	0	0.395161290322581	0	0	0	0	0.0161290322580645	0.0161290322580645	0.00806451612903226	0	0	0	0.0564516129032258	0.00806451612903226	0	0	0	0	0	0	0	0	0	0	0	0	0	0	0	0	0	0	0	0	0	0	0	0	0	0	0	0	0	0	0	0	0	0	0	0	0	0	0	0	0	0	0	0	0	0	0	0	0	0	0	0	0	0	0	0
"Sphex_jamaicensis"	0.0192307692307692	0.480769230769231	0	0	0	0	0	0	0	0	0	0	0	0	0	0	0	0	0	0	0	0	0	0	0	0	0	0	0	0	0	0	0	0	0	0	0	0	0	0	0	0	0	0	0	0	0	0	0	0	0	0	0	0	0	0	0	0	0	0	0	0	0	0	0	0	0	0	0	0	0	0
"Euglossa_jamaicensis"	0	0	0	0	0	0	0.0888888888888889	0	0.0111111111111111	0.0111111111111111	0.288888888888889	0	0	0.0666666666666667	0	0	0	0.0333333333333333	0	0	0	0	0	0	0	0	0	0	0	0	0	0	0	0	0	0	0	0	0	0	0	0	0	0	0	0	0	0	0	0	0	0	0	0	0	0	0	0	0	0	0	0	0	0	0	0	0	0	0	0	0	0
"Dryas_iulia_delila"	0.5	0	0	0	0	0	0	0	0	0	0	0	0	0	0	0	0	0	0	0	0	0	0	0	0	0	0	0	0	0	0	0	0	0	0	0	0	0	0	0	0	0	0	0	0	0	0	0	0	0	0	0	0	0	0	0	0	0	0	0	0	0	0	0	0	0	0	0	0	0	0	0
"Heliconius_charitonius_simulator"	0.5	0	0	0	0	0	0	0	0	0	0	0	0	0	0	0	0	0	0	0	0	0	0	0	0	0	0	0	0	0	0	0	0	0	0	0	0	0	0	0	0	0	0	0	0	0	0	0	0	0	0	0	0	0	0	0	0	0	0	0	0	0	0	0	0	0	0	0	0	0	0	0
"Xylocopa_sp1_M_PL_040"	0	0	0	0	0	0	0.397058823529412	0	0.0147058823529412	0.0294117647058824	0	0	0	0	0	0	0	0	0.0294117647058824	0	0	0	0	0	0	0.0294117647058824	0	0	0	0	0	0	0	0	0	0	0	0	0	0	0	0	0	0	0	0	0	0	0	0	0	0	0	0	0	0	0	0	0	0	0	0	0	0	0	0	0	0	0	0	0	0
"Centris_sp2_M_PL_040"	0	0	0	0	0	0	0.0344827586206897	0	0.0689655172413793	0.396551724137931	0	0	0	0	0	0	0	0	0	0	0	0	0	0	0	0	0	0	0	0	0	0	0	0	0	0	0	0	0	0	0	0	0	0	0	0	0	0	0	0	0	0	0	0	0	0	0	0	0	0	0	0	0	0	0	0	0	0	0	0	0	0
"Unidentified_sp3_M_PL_040"	0.192307692307692	0.288461538461538	0	0	0	0	0	0	0	0	0	0	0	0	0	0	0	0	0	0	0	0	0	0	0	0	0.0192307692307692	0	0	0	0	0	0	0	0	0	0	0	0	0	0	0	0	0	0	0	0	0	0	0	0	0	0	0	0	0	0	0	0	0	0	0	0	0	0	0	0	0	0	0	0	0
"Unidentified_sp1_M_PL_040"	0	0	0	0.0208333333333333	0.3125	0	0	0	0	0	0	0.0416666666666667	0	0	0	0.104166666666667	0	0	0	0	0	0	0.0208333333333333	0	0	0	0	0	0	0	0	0	0	0	0	0	0	0	0	0	0	0	0	0	0	0	0	0	0	0	0	0	0	0	0	0	0	0	0	0	0	0	0	0	0	0	0	0	0	0	0	0
"Trochilus_polytmus_polytmus"	0.275	0	0	0	0	0	0	0	0.15	0	0.025	0	0	0	0	0	0	0.025	0	0	0	0	0.025	0	0	0	0	0	0	0	0	0	0	0	0	0	0	0	0	0	0	0	0	0	0	0	0	0	0	0	0	0	0	0	0	0	0	0	0	0	0	0	0	0	0	0	0	0	0	0	0	0
"Centris_sp1_M_PL_040"	0	0.411764705882353	0	0	0	0	0.0294117647058824	0	0	0	0	0	0	0	0	0	0	0	0	0	0	0	0	0.0588235294117647	0	0	0	0	0	0	0	0	0	0	0	0	0	0	0	0	0	0	0	0	0	0	0	0	0	0	0	0	0	0	0	0	0	0	0	0	0	0	0	0	0	0	0	0	0	0	0	0
"Mellisuga_minima"	0.375	0	0	0	0	0	0	0	0.09375	0	0	0	0	0	0	0.03125	0	0	0	0	0	0	0	0	0	0	0	0	0	0	0	0	0	0	0	0	0	0	0	0	0	0	0	0	0	0	0	0	0	0	0	0	0	0	0	0	0	0	0	0	0	0	0	0	0	0	0	0	0	0	0	0
"Aguna_asander_jasper"	0.466666666666667	0.0333333333333333	0	0	0	0	0	0	0	0	0	0	0	0	0	0	0	0	0	0	0	0	0	0	0	0	0	0	0	0	0	0	0	0	0	0	0	0	0	0	0	0	0	0	0	0	0	0	0	0	0	0	0	0	0	0	0	0	0	0	0	0	0	0	0	0	0	0	0	0	0	0
"Anolis_grahami"	0	0.5	0	0	0	0	0	0	0	0	0	0	0	0	0	0	0	0	0	0	0	0	0	0	0	0	0	0	0	0	0	0	0	0	0	0	0	0	0	0	0	0	0	0	0	0	0	0	0	0	0	0	0	0	0	0	0	0	0	0	0	0	0	0	0	0	0	0	0	0	0	0
"Camponotus_subdepilis"	0	0	0	0	0	0	0	0	0	0	0	0	0	0	0.227272727272727	0	0	0	0	0.0454545454545455	0.227272727272727	0	0	0	0	0	0	0	0	0	0	0	0	0	0	0	0	0	0	0	0	0	0	0	0	0	0	0	0	0	0	0	0	0	0	0	0	0	0	0	0	0	0	0	0	0	0	0	0	0	0	0
"Papilio_thersites"	0.5	0	0	0	0	0	0	0	0	0	0	0	0	0	0	0	0	0	0	0	0	0	0	0	0	0	0	0	0	0	0	0	0	0	0	0	0	0	0	0	0	0	0	0	0	0	0	0	0	0	0	0	0	0	0	0	0	0	0	0	0	0	0	0	0	0	0	0	0	0	0	0
"Unidentified_sp7_M_PL_040"	0.454545454545455	0.0454545454545455	0	0	0	0	0	0	0	0	0	0	0	0	0	0	0	0	0	0	0	0	0	0	0	0	0	0	0	0	0	0	0	0	0	0	0	0	0	0	0	0	0	0	0	0	0	0	0	0	0	0	0	0	0	0	0	0	0	0	0	0	0	0	0	0	0	0	0	0	0	0
"Eurytides_marcellinus"	0.111111111111111	0.388888888888889	0	0	0	0	0	0	0	0	0	0	0	0	0	0	0	0	0	0	0	0	0	0	0	0	0	0	0	0	0	0	0	0	0	0	0	0	0	0	0	0	0	0	0	0	0	0	0	0	0	0	0	0	0	0	0	0	0	0	0	0	0	0	0	0	0	0	0	0	0	0
"Conotelus_obscurus"	0	0	0	0	0.5	0	0	0	0	0	0	0	0	0	0	0	0	0	0	0	0	0	0	0	0	0	0	0	0	0	0	0	0	0	0	0	0	0	0	0	0	0	0	0	0	0	0	0	0	0	0	0	0	0	0	0	0	0	0	0	0	0	0	0	0	0	0	0	0	0	0	0
"Marpesia_chiron"	0.285714285714286	0.214285714285714	0	0	0	0	0	0	0	0	0	0	0	0	0	0	0	0	0	0	0	0	0	0	0	0	0	0	0	0	0	0	0	0	0	0	0	0	0	0	0	0	0	0	0	0	0	0	0	0	0	0	0	0	0	0	0	0	0	0	0	0	0	0	0	0	0	0	0	0	0	0
"Agapostemon_sp1_M_PL_040"	0	0	0	0	0.0833333333333333	0	0	0	0	0.416666666666667	0	0	0	0	0	0	0	0	0	0	0	0	0	0	0	0	0	0	0	0	0	0	0	0	0	0	0	0	0	0	0	0	0	0	0	0	0	0	0	0	0	0	0	0	0	0	0	0	0	0	0	0	0	0	0	0	0	0	0	0	0	0
"Unidentified_sp2_M_PL_040"	0	0	0	0	0	0	0	0	0	0	0	0.166666666666667	0.0833333333333333	0	0	0	0	0	0	0	0	0	0.0833333333333333	0	0.0833333333333333	0	0	0	0.0833333333333333	0	0	0	0	0	0	0	0	0	0	0	0	0	0	0	0	0	0	0	0	0	0	0	0	0	0	0	0	0	0	0	0	0	0	0	0	0	0	0	0	0	0	0
"Coereba_flaveola"	0.2	0.1	0	0	0	0	0	0	0	0	0	0	0	0.1	0	0	0	0.1	0	0	0	0	0	0	0	0	0	0	0	0	0	0	0	0	0	0	0	0	0	0	0	0	0	0	0	0	0	0	0	0	0	0	0	0	0	0	0	0	0	0	0	0	0	0	0	0	0	0	0	0	0	0
"Adelpha_abyla"	0.375	0	0	0	0	0	0	0	0.125	0	0	0	0	0	0	0	0	0	0	0	0	0	0	0	0	0	0	0	0	0	0	0	0	0	0	0	0	0	0	0	0	0	0	0	0	0	0	0	0	0	0	0	0	0	0	0	0	0	0	0	0	0	0	0	0	0	0	0	0	0	0	0
"Paraphrissopoda_chrysostoma"	0	0.375	0	0.125	0	0	0	0	0	0	0	0	0	0	0	0	0	0	0	0	0	0	0	0	0	0	0	0	0	0	0	0	0	0	0	0	0	0	0	0	0	0	0	0	0	0	0	0	0	0	0	0	0	0	0	0	0	0	0	0	0	0	0	0	0	0	0	0	0	0	0	0
"Unidentified_sp11_M_PL_040"	0	0	0	0.5	0	0	0	0	0	0	0	0	0	0	0	0	0	0	0	0	0	0	0	0	0	0	0	0	0	0	0	0	0	0	0	0	0	0	0	0	0	0	0	0	0	0	0	0	0	0	0	0	0	0	0	0	0	0	0	0	0	0	0	0	0	0	0	0	0	0	0	0
"Nesopsar_nigerrimus"	0	0	0	0	0	0	0	0	0	0	0	0	0	0.5	0	0	0	0	0	0	0	0	0	0	0	0	0	0	0	0	0	0	0	0	0	0	0	0	0	0	0	0	0	0	0	0	0	0	0	0	0	0	0	0	0	0	0	0	0	0	0	0	0	0	0	0	0	0	0	0	0	0
"Unidentified_sp12_M_PL_040"	0	0	0	0.5	0	0	0	0	0	0	0	0	0	0	0	0	0	0	0	0	0	0	0	0	0	0	0	0	0	0	0	0	0	0	0	0	0	0	0	0	0	0	0	0	0	0	0	0	0	0	0	0	0	0	0	0	0	0	0	0	0	0	0	0	0	0	0	0	0	0	0	0
"Atlantea_pantoni"	0.5	0	0	0	0	0	0	0	0	0	0	0	0	0	0	0	0	0	0	0	0	0	0	0	0	0	0	0	0	0	0	0	0	0	0	0	0	0	0	0	0	0	0	0	0	0	0	0	0	0	0	0	0	0	0	0	0	0	0	0	0	0	0	0	0	0	0	0	0	0	0	0
"Dione_vanillae_insularis"	0.5	0	0	0	0	0	0	0	0	0	0	0	0	0	0	0	0	0	0	0	0	0	0	0	0	0	0	0	0	0	0	0	0	0	0	0	0	0	0	0	0	0	0	0	0	0	0	0	0	0	0	0	0	0	0	0	0	0	0	0	0	0	0	0	0	0	0	0	0	0	0	0
"Euneornis_campestris"	0	0	0	0	0	0	0	0	0	0	0	0	0	0.5	0	0	0	0	0	0	0	0	0	0	0	0	0	0	0	0	0	0	0	0	0	0	0	0	0	0	0	0	0	0	0	0	0	0	0	0	0	0	0	0	0	0	0	0	0	0	0	0	0	0	0	0	0	0	0	0	0	0
"Polistes_sp1_M_PL_040"	0	0	0	0	0	0	0.5	0	0	0	0	0	0	0	0	0	0	0	0	0	0	0	0	0	0	0	0	0	0	0	0	0	0	0	0	0	0	0	0	0	0	0	0	0	0	0	0	0	0	0	0	0	0	0	0	0	0	0	0	0	0	0	0	0	0	0	0	0	0	0	0	0
"Unidentified_sp5_M_PL_040"	0	0.25	0	0	0	0	0	0	0	0	0	0	0	0	0	0.25	0	0	0	0	0	0	0	0	0	0	0	0	0	0	0	0	0	0	0	0	0	0	0	0	0	0	0	0	0	0	0	0	0	0	0	0	0	0	0	0	0	0	0	0	0	0	0	0	0	0	0	0	0	0	0	0
"Unidentified_sp6_M_PL_040"	0.25	0	0	0	0	0	0	0	0	0	0	0	0	0	0	0.25	0	0	0	0	0	0	0	0	0	0	0	0	0	0	0	0	0	0	0	0	0	0	0	0	0	0	0	0	0	0	0	0	0	0	0	0	0	0	0	0	0	0	0	0	0	0	0	0	0	0	0	0	0	0	0	0
"Anolis_sagrei"	0	0	0	0	0	0	0	0	0	0	0	0	0	0	0	0	0	0	0	0	0	0	0	0	0	0	0	0.5	0	0	0	0	0	0	0	0	0	0	0	0	0	0	0	0	0	0	0	0	0	0	0	0	0	0	0	0	0	0	0	0	0	0	0	0	0	0	0	0	0	0	0	0
"Diptera_sp1_M_PL_040"	0	0	0	0.5	0	0	0	0	0	0	0	0	0	0	0	0	0	0	0	0	0	0	0	0	0	0	0	0	0	0	0	0	0	0	0	0	0	0	0	0	0	0	0	0	0	0	0	0	0	0	0	0	0	0	0	0	0	0	0	0	0	0	0	0	0	0	0	0	0	0	0	0
"Paragymnetis_lanius"	0	0.5	0	0	0	0	0	0	0	0	0	0	0	0	0	0	0	0	0	0	0	0	0	0	0	0	0	0	0	0	0	0	0	0	0	0	0	0	0	0	0	0	0	0	0	0	0	0	0	0	0	0	0	0	0	0	0	0	0	0	0	0	0	0	0	0	0	0	0	0	0	0
"Unidentified_sp8_M_PL_040"	0	0	0	0	0	0	0	0	0	0	0	0	0	0	0	0	0.5	0	0	0	0	0	0	0	0	0	0	0	0	0	0	0	0	0	0	0	0	0	0	0	0	0	0	0	0	0	0	0	0	0	0	0	0	0	0	0	0	0	0	0	0	0	0	0	0	0	0	0	0	0	0	0
"Unidentified_sp9_M_PL_040"	0	0	0	0	0	0	0	0.5	0	0	0	0	0	0	0	0	0	0	0	0	0	0	0	0	0	0	0	0	0	0	0	0	0	0	0	0	0	0	0	0	0	0	0	0	0	0	0	0	0	0	0	0	0	0	0	0	0	0	0	0	0	0	0	0	0	0	0	0	0	0	0	0
