"Inga_sessilis"	"Erythrina_speciosa"	"Aechmea_vanhoutteana"	"Spirotheca_rivieri"	"Wittrockia_superba"	"Aechmea_gamosepala"	"Canistrum_perplexum"	"Callianthe_rufinerva"	"Edmundoa_lindenii"	"Macrocarpaea_rubra"	"Mutisia_speciosa"	"Psittacanthus_dichroos"	"Canna_paniculata"	"Alstroemeria_inodora"	"Manettia_cordifolia"	"Nidularium_innocentii"	"Aechmea_distichantha"	"Aechmea_sp1_M_PL_063"	"Billbergia_amoena"	"Nematanthus_fritschii"	"Sinningia_cooperi"	"Mendoncia_velloziana"	"Aphelandra_longiflora"	"Nidularium_procerum"	"Besleria_longimucronata"	"Lantana_camara"	"Fuchsia_regia"	"Vriesea_simplex"	"Centropogon_cornutus"	"Siphocampylus_convolvulaceus"	"Aechmea_nudicaulis"	"Nematanthus_fluminensis"	"Nematanthus_gregarius"	"Vriesea_incurvata"	"Nidularium_rutilans"	"Vriesea_sp1_M_PL_063"	"Pyrostegia_venusta"	"Aphelandra_colorata"	"Tillandsia_geminiflora"	"Vriesea_erythrodactylon"	"Sinningia_elatior"	"Vriesea_carinata"	"Nematanthus_sp1_M_PL_063"	"Nidularium_longiflorum"	"Nematanthus_sericeus"	"Vriesea_inflata"	"Justicia_sp1_M_PL_063"	"Siphocampylus_longipedunculatus"	"Tillandsia_sp1_M_PL_063"	"Tillandsia_stricta"	"Justicia_sp2_M_PL_063"	"Sinningia_glazioviana"	"Siphocampylus_lauroanus"	"Psychotria_leiocarpa"	"Tillandsia_dura"	"Phaethornis_eurynome"	"Thalurania_glaucopis"	"Clytolaema_rubricauda"	"Leucochloris_albicollis"	"Amazilia_versicolor"	"Stephanoxis_lalandi"	"Florisuga_fusca"	"Lophornis_chalybeus"	"Eupetomena_macroura"
"Inga_sessilis"	0	0	0	0	0	0	0	0	0	0	0	0	0	0	0	0	0	0	0	0	0	0	0	0	0	0	0	0	0	0	0	0	0	0	0	0	0	0	0	0	0	0	0	0	0	0	0	0	0	0	0	0	0	0	0	0.0632183908045977	0.0459770114942529	0.28448275862069	0.0330459770114943	0.0114942528735632	0	0.0589080459770115	0.0028735632183908	0
"Erythrina_speciosa"	0	0	0	0	0	0	0	0	0	0	0	0	0	0	0	0	0	0	0	0	0	0	0	0	0	0	0	0	0	0	0	0	0	0	0	0	0	0	0	0	0	0	0	0	0	0	0	0	0	0	0	0	0	0	0	0.154624277456647	0.197976878612717	0.13728323699422	0	0.00144508670520231	0	0	0.00722543352601156	0.00144508670520231
"Aechmea_vanhoutteana"	0	0	0	0	0	0	0	0	0	0	0	0	0	0	0	0	0	0	0	0	0	0	0	0	0	0	0	0	0	0	0	0	0	0	0	0	0	0	0	0	0	0	0	0	0	0	0	0	0	0	0	0	0	0	0	0.209251101321586	0.290748898678414	0	0	0	0	0	0	0
"Spirotheca_rivieri"	0	0	0	0	0	0	0	0	0	0	0	0	0	0	0	0	0	0	0	0	0	0	0	0	0	0	0	0	0	0	0	0	0	0	0	0	0	0	0	0	0	0	0	0	0	0	0	0	0	0	0	0	0	0	0	0	0.2	0.275675675675676	0	0	0	0.0108108108108108	0.0135135135135135	0
"Wittrockia_superba"	0	0	0	0	0	0	0	0	0	0	0	0	0	0	0	0	0	0	0	0	0	0	0	0	0	0	0	0	0	0	0	0	0	0	0	0	0	0	0	0	0	0	0	0	0	0	0	0	0	0	0	0	0	0	0	0.208333333333333	0.291666666666667	0	0	0	0	0	0	0
"Aechmea_gamosepala"	0	0	0	0	0	0	0	0	0	0	0	0	0	0	0	0	0	0	0	0	0	0	0	0	0	0	0	0	0	0	0	0	0	0	0	0	0	0	0	0	0	0	0	0	0	0	0	0	0	0	0	0	0	0	0	0.0743801652892562	0.392561983471074	0.0247933884297521	0	0	0.00826446280991736	0	0	0
"Canistrum_perplexum"	0	0	0	0	0	0	0	0	0	0	0	0	0	0	0	0	0	0	0	0	0	0	0	0	0	0	0	0	0	0	0	0	0	0	0	0	0	0	0	0	0	0	0	0	0	0	0	0	0	0	0	0	0	0	0	0.0693069306930693	0.336633663366337	0.0891089108910891	0	0	0	0.00495049504950495	0	0
"Callianthe_rufinerva"	0	0	0	0	0	0	0	0	0	0	0	0	0	0	0	0	0	0	0	0	0	0	0	0	0	0	0	0	0	0	0	0	0	0	0	0	0	0	0	0	0	0	0	0	0	0	0	0	0	0	0	0	0	0	0	0.00602409638554217	0.132530120481928	0.36144578313253	0	0	0	0	0	0
"Edmundoa_lindenii"	0	0	0	0	0	0	0	0	0	0	0	0	0	0	0	0	0	0	0	0	0	0	0	0	0	0	0	0	0	0	0	0	0	0	0	0	0	0	0	0	0	0	0	0	0	0	0	0	0	0	0	0	0	0	0	0.335443037974684	0.164556962025316	0	0	0	0	0	0	0
"Macrocarpaea_rubra"	0	0	0	0	0	0	0	0	0	0	0	0	0	0	0	0	0	0	0	0	0	0	0	0	0	0	0	0	0	0	0	0	0	0	0	0	0	0	0	0	0	0	0	0	0	0	0	0	0	0	0	0	0	0	0	0.0384615384615385	0.211538461538462	0.0128205128205128	0.00641025641025641	0.192307692307692	0.0384615384615385	0	0	0
"Mutisia_speciosa"	0	0	0	0	0	0	0	0	0	0	0	0	0	0	0	0	0	0	0	0	0	0	0	0	0	0	0	0	0	0	0	0	0	0	0	0	0	0	0	0	0	0	0	0	0	0	0	0	0	0	0	0	0	0	0	0.407894736842105	0	0	0.0921052631578947	0	0	0	0	0
"Psittacanthus_dichroos"	0	0	0	0	0	0	0	0	0	0	0	0	0	0	0	0	0	0	0	0	0	0	0	0	0	0	0	0	0	0	0	0	0	0	0	0	0	0	0	0	0	0	0	0	0	0	0	0	0	0	0	0	0	0	0	0.00746268656716418	0.00746268656716418	0.395522388059701	0.0746268656716418	0.00746268656716418	0	0.00746268656716418	0	0
"Canna_paniculata"	0	0	0	0	0	0	0	0	0	0	0	0	0	0	0	0	0	0	0	0	0	0	0	0	0	0	0	0	0	0	0	0	0	0	0	0	0	0	0	0	0	0	0	0	0	0	0	0	0	0	0	0	0	0	0	0.5	0	0	0	0	0	0	0	0
"Alstroemeria_inodora"	0	0	0	0	0	0	0	0	0	0	0	0	0	0	0	0	0	0	0	0	0	0	0	0	0	0	0	0	0	0	0	0	0	0	0	0	0	0	0	0	0	0	0	0	0	0	0	0	0	0	0	0	0	0	0	0.3	0	0	0.02	0	0.18	0	0	0
"Manettia_cordifolia"	0	0	0	0	0	0	0	0	0	0	0	0	0	0	0	0	0	0	0	0	0	0	0	0	0	0	0	0	0	0	0	0	0	0	0	0	0	0	0	0	0	0	0	0	0	0	0	0	0	0	0	0	0	0	0	0.5	0	0	0	0	0	0	0	0
"Nidularium_innocentii"	0	0	0	0	0	0	0	0	0	0	0	0	0	0	0	0	0	0	0	0	0	0	0	0	0	0	0	0	0	0	0	0	0	0	0	0	0	0	0	0	0	0	0	0	0	0	0	0	0	0	0	0	0	0	0	0.473684210526316	0	0.0263157894736842	0	0	0	0	0	0
"Aechmea_distichantha"	0	0	0	0	0	0	0	0	0	0	0	0	0	0	0	0	0	0	0	0	0	0	0	0	0	0	0	0	0	0	0	0	0	0	0	0	0	0	0	0	0	0	0	0	0	0	0	0	0	0	0	0	0	0	0	0.202702702702703	0.283783783783784	0.0135135135135135	0	0	0	0	0	0
"Aechmea_sp1_M_PL_063"	0	0	0	0	0	0	0	0	0	0	0	0	0	0	0	0	0	0	0	0	0	0	0	0	0	0	0	0	0	0	0	0	0	0	0	0	0	0	0	0	0	0	0	0	0	0	0	0	0	0	0	0	0	0	0	0.166666666666667	0.333333333333333	0	0	0	0	0	0	0
"Billbergia_amoena"	0	0	0	0	0	0	0	0	0	0	0	0	0	0	0	0	0	0	0	0	0	0	0	0	0	0	0	0	0	0	0	0	0	0	0	0	0	0	0	0	0	0	0	0	0	0	0	0	0	0	0	0	0	0	0	0.5	0	0	0	0	0	0	0	0
"Nematanthus_fritschii"	0	0	0	0	0	0	0	0	0	0	0	0	0	0	0	0	0	0	0	0	0	0	0	0	0	0	0	0	0	0	0	0	0	0	0	0	0	0	0	0	0	0	0	0	0	0	0	0	0	0	0	0	0	0	0	0.5	0	0	0	0	0	0	0	0
"Sinningia_cooperi"	0	0	0	0	0	0	0	0	0	0	0	0	0	0	0	0	0	0	0	0	0	0	0	0	0	0	0	0	0	0	0	0	0	0	0	0	0	0	0	0	0	0	0	0	0	0	0	0	0	0	0	0	0	0	0	0.5	0	0	0	0	0	0	0	0
"Mendoncia_velloziana"	0	0	0	0	0	0	0	0	0	0	0	0	0	0	0	0	0	0	0	0	0	0	0	0	0	0	0	0	0	0	0	0	0	0	0	0	0	0	0	0	0	0	0	0	0	0	0	0	0	0	0	0	0	0	0	0.03125	0	0.21875	0	0.25	0	0	0	0
"Aphelandra_longiflora"	0	0	0	0	0	0	0	0	0	0	0	0	0	0	0	0	0	0	0	0	0	0	0	0	0	0	0	0	0	0	0	0	0	0	0	0	0	0	0	0	0	0	0	0	0	0	0	0	0	0	0	0	0	0	0	0.5	0	0	0	0	0	0	0	0
"Nidularium_procerum"	0	0	0	0	0	0	0	0	0	0	0	0	0	0	0	0	0	0	0	0	0	0	0	0	0	0	0	0	0	0	0	0	0	0	0	0	0	0	0	0	0	0	0	0	0	0	0	0	0	0	0	0	0	0	0	0.5	0	0	0	0	0	0	0	0
"Besleria_longimucronata"	0	0	0	0	0	0	0	0	0	0	0	0	0	0	0	0	0	0	0	0	0	0	0	0	0	0	0	0	0	0	0	0	0	0	0	0	0	0	0	0	0	0	0	0	0	0	0	0	0	0	0	0	0	0	0	0.160714285714286	0.339285714285714	0	0	0	0	0	0	0
"Lantana_camara"	0	0	0	0	0	0	0	0	0	0	0	0	0	0	0	0	0	0	0	0	0	0	0	0	0	0	0	0	0	0	0	0	0	0	0	0	0	0	0	0	0	0	0	0	0	0	0	0	0	0	0	0	0	0	0	0.0185185185185185	0	0	0	0	0.481481481481481	0	0	0
"Fuchsia_regia"	0	0	0	0	0	0	0	0	0	0	0	0	0	0	0	0	0	0	0	0	0	0	0	0	0	0	0	0	0	0	0	0	0	0	0	0	0	0	0	0	0	0	0	0	0	0	0	0	0	0	0	0	0	0	0	0.115384615384615	0.0961538461538462	0.288461538461538	0	0	0	0	0	0
"Vriesea_simplex"	0	0	0	0	0	0	0	0	0	0	0	0	0	0	0	0	0	0	0	0	0	0	0	0	0	0	0	0	0	0	0	0	0	0	0	0	0	0	0	0	0	0	0	0	0	0	0	0	0	0	0	0	0	0	0	0.5	0	0	0	0	0	0	0	0
"Centropogon_cornutus"	0	0	0	0	0	0	0	0	0	0	0	0	0	0	0	0	0	0	0	0	0	0	0	0	0	0	0	0	0	0	0	0	0	0	0	0	0	0	0	0	0	0	0	0	0	0	0	0	0	0	0	0	0	0	0	0.5	0	0	0	0	0	0	0	0
"Siphocampylus_convolvulaceus"	0	0	0	0	0	0	0	0	0	0	0	0	0	0	0	0	0	0	0	0	0	0	0	0	0	0	0	0	0	0	0	0	0	0	0	0	0	0	0	0	0	0	0	0	0	0	0	0	0	0	0	0	0	0	0	0.478260869565217	0.0217391304347826	0	0	0	0	0	0	0
"Aechmea_nudicaulis"	0	0	0	0	0	0	0	0	0	0	0	0	0	0	0	0	0	0	0	0	0	0	0	0	0	0	0	0	0	0	0	0	0	0	0	0	0	0	0	0	0	0	0	0	0	0	0	0	0	0	0	0	0	0	0	0.0227272727272727	0.136363636363636	0.340909090909091	0	0	0	0	0	0
"Nematanthus_fluminensis"	0	0	0	0	0	0	0	0	0	0	0	0	0	0	0	0	0	0	0	0	0	0	0	0	0	0	0	0	0	0	0	0	0	0	0	0	0	0	0	0	0	0	0	0	0	0	0	0	0	0	0	0	0	0	0	0.5	0	0	0	0	0	0	0	0
"Nematanthus_gregarius"	0	0	0	0	0	0	0	0	0	0	0	0	0	0	0	0	0	0	0	0	0	0	0	0	0	0	0	0	0	0	0	0	0	0	0	0	0	0	0	0	0	0	0	0	0	0	0	0	0	0	0	0	0	0	0	0.0909090909090909	0.409090909090909	0	0	0	0	0	0	0
"Vriesea_incurvata"	0	0	0	0	0	0	0	0	0	0	0	0	0	0	0	0	0	0	0	0	0	0	0	0	0	0	0	0	0	0	0	0	0	0	0	0	0	0	0	0	0	0	0	0	0	0	0	0	0	0	0	0	0	0	0	0.5	0	0	0	0	0	0	0	0
"Nidularium_rutilans"	0	0	0	0	0	0	0	0	0	0	0	0	0	0	0	0	0	0	0	0	0	0	0	0	0	0	0	0	0	0	0	0	0	0	0	0	0	0	0	0	0	0	0	0	0	0	0	0	0	0	0	0	0	0	0	0.476190476190476	0	0.0238095238095238	0	0	0	0	0	0
"Vriesea_sp1_M_PL_063"	0	0	0	0	0	0	0	0	0	0	0	0	0	0	0	0	0	0	0	0	0	0	0	0	0	0	0	0	0	0	0	0	0	0	0	0	0	0	0	0	0	0	0	0	0	0	0	0	0	0	0	0	0	0	0	0.5	0	0	0	0	0	0	0	0
"Pyrostegia_venusta"	0	0	0	0	0	0	0	0	0	0	0	0	0	0	0	0	0	0	0	0	0	0	0	0	0	0	0	0	0	0	0	0	0	0	0	0	0	0	0	0	0	0	0	0	0	0	0	0	0	0	0	0	0	0	0	0.447368421052632	0.0263157894736842	0	0.0263157894736842	0	0	0	0	0
"Aphelandra_colorata"	0	0	0	0	0	0	0	0	0	0	0	0	0	0	0	0	0	0	0	0	0	0	0	0	0	0	0	0	0	0	0	0	0	0	0	0	0	0	0	0	0	0	0	0	0	0	0	0	0	0	0	0	0	0	0	0.5	0	0	0	0	0	0	0	0
"Tillandsia_geminiflora"	0	0	0	0	0	0	0	0	0	0	0	0	0	0	0	0	0	0	0	0	0	0	0	0	0	0	0	0	0	0	0	0	0	0	0	0	0	0	0	0	0	0	0	0	0	0	0	0	0	0	0	0	0	0	0	0.0555555555555556	0.333333333333333	0.0555555555555556	0.0277777777777778	0	0.0277777777777778	0	0	0
"Vriesea_erythrodactylon"	0	0	0	0	0	0	0	0	0	0	0	0	0	0	0	0	0	0	0	0	0	0	0	0	0	0	0	0	0	0	0	0	0	0	0	0	0	0	0	0	0	0	0	0	0	0	0	0	0	0	0	0	0	0	0	0.5	0	0	0	0	0	0	0	0
"Sinningia_elatior"	0	0	0	0	0	0	0	0	0	0	0	0	0	0	0	0	0	0	0	0	0	0	0	0	0	0	0	0	0	0	0	0	0	0	0	0	0	0	0	0	0	0	0	0	0	0	0	0	0	0	0	0	0	0	0	0.21875	0	0	0.28125	0	0	0	0	0
"Vriesea_carinata"	0	0	0	0	0	0	0	0	0	0	0	0	0	0	0	0	0	0	0	0	0	0	0	0	0	0	0	0	0	0	0	0	0	0	0	0	0	0	0	0	0	0	0	0	0	0	0	0	0	0	0	0	0	0	0	0.5	0	0	0	0	0	0	0	0
"Nematanthus_sp1_M_PL_063"	0	0	0	0	0	0	0	0	0	0	0	0	0	0	0	0	0	0	0	0	0	0	0	0	0	0	0	0	0	0	0	0	0	0	0	0	0	0	0	0	0	0	0	0	0	0	0	0	0	0	0	0	0	0	0	0.5	0	0	0	0	0	0	0	0
"Nidularium_longiflorum"	0	0	0	0	0	0	0	0	0	0	0	0	0	0	0	0	0	0	0	0	0	0	0	0	0	0	0	0	0	0	0	0	0	0	0	0	0	0	0	0	0	0	0	0	0	0	0	0	0	0	0	0	0	0	0	0.5	0	0	0	0	0	0	0	0
"Nematanthus_sericeus"	0	0	0	0	0	0	0	0	0	0	0	0	0	0	0	0	0	0	0	0	0	0	0	0	0	0	0	0	0	0	0	0	0	0	0	0	0	0	0	0	0	0	0	0	0	0	0	0	0	0	0	0	0	0	0	0.25	0.05	0.2	0	0	0	0	0	0
"Vriesea_inflata"	0	0	0	0	0	0	0	0	0	0	0	0	0	0	0	0	0	0	0	0	0	0	0	0	0	0	0	0	0	0	0	0	0	0	0	0	0	0	0	0	0	0	0	0	0	0	0	0	0	0	0	0	0	0	0	0.5	0	0	0	0	0	0	0	0
"Justicia_sp1_M_PL_063"	0	0	0	0	0	0	0	0	0	0	0	0	0	0	0	0	0	0	0	0	0	0	0	0	0	0	0	0	0	0	0	0	0	0	0	0	0	0	0	0	0	0	0	0	0	0	0	0	0	0	0	0	0	0	0	0.5	0	0	0	0	0	0	0	0
"Siphocampylus_longipedunculatus"	0	0	0	0	0	0	0	0	0	0	0	0	0	0	0	0	0	0	0	0	0	0	0	0	0	0	0	0	0	0	0	0	0	0	0	0	0	0	0	0	0	0	0	0	0	0	0	0	0	0	0	0	0	0	0	0.5	0	0	0	0	0	0	0	0
"Tillandsia_sp1_M_PL_063"	0	0	0	0	0	0	0	0	0	0	0	0	0	0	0	0	0	0	0	0	0	0	0	0	0	0	0	0	0	0	0	0	0	0	0	0	0	0	0	0	0	0	0	0	0	0	0	0	0	0	0	0	0	0	0	0.142857142857143	0.285714285714286	0.0714285714285714	0	0	0	0	0	0
"Tillandsia_stricta"	0	0	0	0	0	0	0	0	0	0	0	0	0	0	0	0	0	0	0	0	0	0	0	0	0	0	0	0	0	0	0	0	0	0	0	0	0	0	0	0	0	0	0	0	0	0	0	0	0	0	0	0	0	0	0	0.0833333333333333	0.25	0.0833333333333333	0	0	0.0833333333333333	0	0	0
"Justicia_sp2_M_PL_063"	0	0	0	0	0	0	0	0	0	0	0	0	0	0	0	0	0	0	0	0	0	0	0	0	0	0	0	0	0	0	0	0	0	0	0	0	0	0	0	0	0	0	0	0	0	0	0	0	0	0	0	0	0	0	0	0.5	0	0	0	0	0	0	0	0
"Sinningia_glazioviana"	0	0	0	0	0	0	0	0	0	0	0	0	0	0	0	0	0	0	0	0	0	0	0	0	0	0	0	0	0	0	0	0	0	0	0	0	0	0	0	0	0	0	0	0	0	0	0	0	0	0	0	0	0	0	0	0.5	0	0	0	0	0	0	0	0
"Siphocampylus_lauroanus"	0	0	0	0	0	0	0	0	0	0	0	0	0	0	0	0	0	0	0	0	0	0	0	0	0	0	0	0	0	0	0	0	0	0	0	0	0	0	0	0	0	0	0	0	0	0	0	0	0	0	0	0	0	0	0	0.5	0	0	0	0	0	0	0	0
"Psychotria_leiocarpa"	0	0	0	0	0	0	0	0	0	0	0	0	0	0	0	0	0	0	0	0	0	0	0	0	0	0	0	0	0	0	0	0	0	0	0	0	0	0	0	0	0	0	0	0	0	0	0	0	0	0	0	0	0	0	0	0	0.333333333333333	0	0	0.166666666666667	0	0	0	0
"Tillandsia_dura"	0	0	0	0	0	0	0	0	0	0	0	0	0	0	0	0	0	0	0	0	0	0	0	0	0	0	0	0	0	0	0	0	0	0	0	0	0	0	0	0	0	0	0	0	0	0	0	0	0	0	0	0	0	0	0	0.5	0	0	0	0	0	0	0	0
"Phaethornis_eurynome"	0.0190146931719965	0.0462402765773552	0.0410544511668107	0	0.0237683664649957	0.00777873811581677	0.00605012964563526	0.000432152117545376	0.0229040622299049	0.00259291270527226	0.0267934312878133	0.000432152117545376	0.0280898876404494	0.0129645635263613	0.0216076058772688	0.0155574762316335	0.00648228176318064	0.00518582541054451	0.0155574762316335	0.0155574762316335	0.0151253241140882	0.000864304235090752	0.0133967156439067	0.0133967156439067	0.00388936905790838	0.000432152117545376	0.00259291270527226	0.010371650821089	0.00993949870354365	0.00950734658599827	0.000432152117545376	0.00950734658599827	0.0017286084701815	0.00950734658599827	0.00864304235090752	0.00864304235090752	0.00734658599827139	0.00777873811581677	0.000864304235090752	0.00734658599827139	0.00302506482281763	0.00691443388072602	0.00648228176318064	0.00475367329299914	0.00216076058772688	0.00388936905790838	0.00302506482281763	0.00302506482281763	0.000864304235090752	0.000432152117545376	0.00216076058772688	0.0017286084701815	0.0017286084701815	0	0.000432152117545376	0	0	0	0	0	0	0	0	0
"Thalurania_glaucopis"	0.0196560196560197	0.0841523341523342	0.0810810810810811	0.0454545454545455	0.0472972972972973	0.0583538083538084	0.0417690417690418	0.0135135135135135	0.015970515970516	0.0202702702702703	0	0.000614250614250614	0	0	0	0	0.0128992628992629	0.0147420147420147	0	0	0	0	0	0	0.0116707616707617	0	0.00307125307125307	0	0	0.000614250614250614	0.00368550368550369	0	0.0110565110565111	0	0	0	0.000614250614250614	0	0.00737100737100737	0	0	0	0	0	0.000614250614250614	0	0	0	0.00245700245700246	0.00184275184275184	0	0	0	0.00122850122850123	0	0	0	0	0	0	0	0	0	0
"Clytolaema_rubricauda"	0.167796610169492	0.0805084745762712	0	0.0864406779661017	0	0.00508474576271186	0.0152542372881356	0.0508474576271186	0	0.00169491525423729	0	0.0449152542372881	0	0	0	0.00169491525423729	0.000847457627118644	0	0	0	0	0.011864406779661	0	0	0	0	0.0127118644067797	0	0	0	0.0127118644067797	0	0	0	0.000847457627118644	0	0	0	0.00169491525423729	0	0	0	0	0	0.00338983050847458	0	0	0	0.000847457627118644	0.000847457627118644	0	0	0	0	0	0	0	0	0	0	0	0	0	0
"Leucochloris_albicollis"	0.188524590163934	0	0	0	0	0	0	0	0	0.00819672131147541	0.114754098360656	0.0819672131147541	0	0.0163934426229508	0	0	0	0	0	0	0	0	0	0	0	0	0	0	0	0	0	0	0	0	0	0	0.00819672131147541	0	0.00819672131147541	0	0.0737704918032787	0	0	0	0	0	0	0	0	0	0	0	0	0	0	0	0	0	0	0	0	0	0	0
"Amazilia_versicolor"	0.0701754385964912	0.0087719298245614	0	0	0	0	0	0	0	0.263157894736842	0	0.0087719298245614	0	0	0	0	0	0	0	0	0	0.140350877192982	0	0	0	0	0	0	0	0	0	0	0	0	0	0	0	0	0	0	0	0	0	0	0	0	0	0	0	0	0	0	0	0.0087719298245614	0	0	0	0	0	0	0	0	0	0
"Stephanoxis_lalandi"	0	0	0	0	0	0.0185185185185185	0	0	0	0.0555555555555556	0	0	0	0.166666666666667	0	0	0	0	0	0	0	0	0	0	0	0.240740740740741	0	0	0	0	0	0	0	0	0	0	0	0	0.00925925925925926	0	0	0	0	0	0	0	0	0	0	0.00925925925925926	0	0	0	0	0	0	0	0	0	0	0	0	0	0
"Florisuga_fusca"	0.436170212765957	0	0	0.0425531914893617	0	0	0.0106382978723404	0	0	0	0	0.0106382978723404	0	0	0	0	0	0	0	0	0	0	0	0	0	0	0	0	0	0	0	0	0	0	0	0	0	0	0	0	0	0	0	0	0	0	0	0	0	0	0	0	0	0	0	0	0	0	0	0	0	0	0	0
"Lophornis_chalybeus"	0.0833333333333333	0.208333333333333	0	0.208333333333333	0	0	0	0	0	0	0	0	0	0	0	0	0	0	0	0	0	0	0	0	0	0	0	0	0	0	0	0	0	0	0	0	0	0	0	0	0	0	0	0	0	0	0	0	0	0	0	0	0	0	0	0	0	0	0	0	0	0	0	0
"Eupetomena_macroura"	0	0.5	0	0	0	0	0	0	0	0	0	0	0	0	0	0	0	0	0	0	0	0	0	0	0	0	0	0	0	0	0	0	0	0	0	0	0	0	0	0	0	0	0	0	0	0	0	0	0	0	0	0	0	0	0	0	0	0	0	0	0	0	0	0
