"Claytonia_virginica"	"Erythronium_umbilicatum"	"Stellaria_pubera"	"Thalictrum_thalictroides"	"Cardamine_angustata_angustata"	"Hepatica_americana"	"Sangiunaria_canadensis"	"Tiarella_cordifolia_collina"	"Aesculus_sylvatica"	"Viola_papilionacea"	"Uvularia_sessilifolia"	"Podophyllum_peltatum"	"Trillium_catesbei"	"Bombylius_major"	"Andrena_erigeniae"	"Andrena_nigrihirta"	"Andrena_tridens"	"Apis_mellifera"	"Nomada_sp1_M_PL_025"	"Bombus_bimaculatus"	"Gonia_sp1_M_PL_025"	"Halictid_sp1_M_PL_025"	"Dialictus_abanci"	"Hylema_platura"	"Osmia_conjucta"	"Nomada_perplexa"	"Andrena_carlini"	"Platycheirus_obscurus"	"Osmia_sp1_M_PL_025"	"Nomada_pygmaea"	"Andrena_nasonii"	"Evylaeus_macoupinensis"	"Osmia_lignaria"	"Augochlora_pura"	"Toxomerous_geminatus"	"Ceratina_calcarata"	"Dialictus_cressonii"	"Euchlo_creusa_lotta"	"Xylocopa_virginica_virginica"	"Osmia_atriventris"	"Andrena_violae"	"Bombus_pennsylvanicus"	"Ephemoropsis_laboriosa"	"Nomada_luteola"	"Andrena_arabis"	"Andrena_ziziaeformis"	"Augochorella_striata"	"Lycaenopsis_argiolus"	"Unidentified_sp1_M_PL_025"	"Andrena_ceanothi"	"Andrena_dunningi"	"Andrena_imatrix"	"Andrena_personata"	"Lassioglossum_fuscipenne"	"Nomada_bishopii"	"Nomada_sayi"	"Osmia_simillima"
"Claytonia_virginica"	0	0	0	0	0	0	0	0	0	0	0	0	0	0.209	0.189	0.0065	0.001	0.002	0.016	0	0.0185	0.011	0.0035	0.008	0.0035	0.003	5e-04	0.005	0.002	0.004	0.0015	0.002	0.0015	5e-04	0.002	0.0015	0.0025	0.0025	5e-04	0	0	0	0	0	0	5e-04	5e-04	0.001	0	5e-04	0	5e-04	0	0	0	0	0
"Erythronium_umbilicatum"	0	0	0	0	0	0	0	0	0	0	0	0	0	0.00230414746543779	0	0.314516129032258	0.0829493087557604	0.0599078341013825	0.00115207373271889	0	0	0	0.00345622119815668	0	0.00460829493087558	0.00921658986175115	0.00460829493087558	0	0.00806451612903226	0	0	0	0.00460829493087558	0.00115207373271889	0	0	0	0	0.00230414746543779	0	0	0	0	0	0	0	0.00115207373271889	0	0	0	0	0	0	0	0	0	0
"Stellaria_pubera"	0	0	0	0	0	0	0	0	0	0	0	0	0	0.266375545851528	0.00655021834061135	0.0131004366812227	0	0	0.0960698689956332	0	0.00873362445414847	0	0.00655021834061135	0	0.0152838427947598	0.00873362445414847	0.00436681222707424	0.00218340611353712	0.00655021834061135	0.0109170305676856	0.0174672489082969	0	0	0.00655021834061135	0.00655021834061135	0.00436681222707424	0	0	0	0.00655021834061135	0	0	0	0.00655021834061135	0	0	0	0	0	0	0	0	0.00218340611353712	0	0.00218340611353712	0.00218340611353712	0
"Thalictrum_thalictroides"	0	0	0	0	0	0	0	0	0	0	0	0	0	0.403726708074534	0.0031055900621118	0	0	0	0.0031055900621118	0	0.0248447204968944	0.0279503105590062	0.0186335403726708	0	0	0	0	0.0062111801242236	0.0031055900621118	0	0	0.0031055900621118	0	0	0	0.0062111801242236	0	0	0	0	0	0	0	0	0	0	0	0	0	0	0	0	0	0	0	0	0
"Cardamine_angustata_angustata"	0	0	0	0	0	0	0	0	0	0	0	0	0	0.266891891891892	0.00675675675675676	0.0540540540540541	0.0135135135135135	0.0168918918918919	0.00675675675675676	0.0168918918918919	0.00675675675675676	0	0	0	0.00337837837837838	0.00675675675675676	0.0236486486486486	0.0135135135135135	0.00337837837837838	0.00337837837837838	0.00675675675675676	0	0.00675675675675676	0.0101351351351351	0	0	0	0.00675675675675676	0.00337837837837838	0	0	0.00337837837837838	0	0	0.00675675675675676	0	0	0	0.00675675675675676	0	0.00337837837837838	0	0	0.00337837837837838	0	0	0
"Hepatica_americana"	0	0	0	0	0	0	0	0	0	0	0	0	0	0.111111111111111	0	0.15	0.05	0.0222222222222222	0.0222222222222222	0.0111111111111111	0.0222222222222222	0.00555555555555556	0.0277777777777778	0.0444444444444444	0	0	0.00555555555555556	0	0	0	0	0.0277777777777778	0	0	0	0	0	0	0	0	0	0	0	0	0	0	0	0	0	0	0	0	0	0	0	0	0
"Sangiunaria_canadensis"	0	0	0	0	0	0	0	0	0	0	0	0	0	0.212765957446809	0	0	0	0.223404255319149	0	0.0106382978723404	0	0	0	0	0	0	0.0212765957446809	0	0	0	0	0	0	0	0.0106382978723404	0	0.0106382978723404	0	0.0106382978723404	0	0	0	0	0	0	0	0	0	0	0	0	0	0	0	0	0	0
"Tiarella_cordifolia_collina"	0	0	0	0	0	0	0	0	0	0	0	0	0	0.125	0	0	0	0.015625	0	0.28125	0	0	0	0	0.015625	0	0	0	0	0	0	0.015625	0	0	0	0	0.015625	0	0	0	0	0	0.03125	0	0	0	0	0	0	0	0	0	0	0	0	0	0
"Aesculus_sylvatica"	0	0	0	0	0	0	0	0	0	0	0	0	0	0	0	0	0	0	0	0.446428571428571	0	0	0	0	0	0	0	0	0	0	0	0	0	0	0	0	0	0	0	0	0	0.0357142857142857	0.0178571428571429	0	0	0	0	0	0	0	0	0	0	0	0	0	0
"Viola_papilionacea"	0	0	0	0	0	0	0	0	0	0	0	0	0	0.314814814814815	0	0	0	0	0	0	0	0	0	0	0.037037037037037	0	0	0	0	0	0	0	0	0	0	0	0	0	0	0.0555555555555556	0.0740740740740741	0	0	0	0	0	0	0	0	0	0	0	0	0	0	0	0.0185185185185185
"Uvularia_sessilifolia"	0	0	0	0	0	0	0	0	0	0	0	0	0	0	0	0.357142857142857	0.0476190476190476	0	0	0	0	0	0.0476190476190476	0	0	0	0	0	0	0	0	0.0238095238095238	0	0	0	0	0	0	0	0	0	0	0	0	0	0.0238095238095238	0	0	0	0	0	0	0	0	0	0	0
"Podophyllum_peltatum"	0	0	0	0	0	0	0	0	0	0	0	0	0	0	0	0	0	0	0	0.375	0	0	0	0	0	0	0	0	0	0	0	0	0	0	0	0	0	0	0.125	0	0	0	0	0	0	0	0	0	0	0	0	0	0	0	0	0	0
"Trillium_catesbei"	0	0	0	0	0	0	0	0	0	0	0	0	0	0	0	0	0	0	0	0.25	0	0	0	0	0	0	0.125	0	0	0	0	0	0	0	0	0	0	0	0.125	0	0	0	0	0	0	0	0	0	0	0	0	0	0	0	0	0	0
"Bombylius_major"	0.256127450980392	0.00122549019607843	0.0747549019607843	0.079656862745098	0.048406862745098	0.0122549019607843	0.0122549019607843	0.00490196078431373	0	0.0104166666666667	0	0	0	0	0	0	0	0	0	0	0	0	0	0	0	0	0	0	0	0	0	0	0	0	0	0	0	0	0	0	0	0	0	0	0	0	0	0	0	0	0	0	0	0	0	0	0
"Andrena_erigeniae"	0.4921875	0	0.00390625	0.00130208333333333	0.00260416666666667	0	0	0	0	0	0	0	0	0	0	0	0	0	0	0	0	0	0	0	0	0	0	0	0	0	0	0	0	0	0	0	0	0	0	0	0	0	0	0	0	0	0	0	0	0	0	0	0	0	0	0	0
"Andrena_nigrihirta"	0.0185714285714286	0.39	0.00857142857142857	0	0.0228571428571429	0.0385714285714286	0	0	0	0	0.0214285714285714	0	0	0	0	0	0	0	0	0	0	0	0	0	0	0	0	0	0	0	0	0	0	0	0	0	0	0	0	0	0	0	0	0	0	0	0	0	0	0	0	0	0	0	0	0	0
"Andrena_tridens"	0.0112359550561798	0.404494382022472	0	0	0.0224719101123595	0.050561797752809	0	0	0	0	0.0112359550561798	0	0	0	0	0	0	0	0	0	0	0	0	0	0	0	0	0	0	0	0	0	0	0	0	0	0	0	0	0	0	0	0	0	0	0	0	0	0	0	0	0	0	0	0	0	0
"Apis_mellifera"	0.0229885057471264	0.298850574712644	0	0	0.028735632183908	0.0229885057471264	0.120689655172414	0.00574712643678161	0	0	0	0	0	0	0	0	0	0	0	0	0	0	0	0	0	0	0	0	0	0	0	0	0	0	0	0	0	0	0	0	0	0	0	0	0	0	0	0	0	0	0	0	0	0	0	0	0
"Nomada_sp1_M_PL_025"	0.19047619047619	0.00595238095238095	0.261904761904762	0.00595238095238095	0.0119047619047619	0.0238095238095238	0	0	0	0	0	0	0	0	0	0	0	0	0	0	0	0	0	0	0	0	0	0	0	0	0	0	0	0	0	0	0	0	0	0	0	0	0	0	0	0	0	0	0	0	0	0	0	0	0	0	0
"Bombus_bimaculatus"	0	0	0	0	0.0446428571428571	0.0178571428571429	0.00892857142857143	0.160714285714286	0.223214285714286	0	0	0.0267857142857143	0.0178571428571429	0	0	0	0	0	0	0	0	0	0	0	0	0	0	0	0	0	0	0	0	0	0	0	0	0	0	0	0	0	0	0	0	0	0	0	0	0	0	0	0	0	0	0	0
"Gonia_sp1_M_PL_025"	0.336363636363636	0	0.0363636363636364	0.0727272727272727	0.0181818181818182	0.0363636363636364	0	0	0	0	0	0	0	0	0	0	0	0	0	0	0	0	0	0	0	0	0	0	0	0	0	0	0	0	0	0	0	0	0	0	0	0	0	0	0	0	0	0	0	0	0	0	0	0	0	0	0
"Halictid_sp1_M_PL_025"	0.34375	0	0	0.140625	0	0.015625	0	0	0	0	0	0	0	0	0	0	0	0	0	0	0	0	0	0	0	0	0	0	0	0	0	0	0	0	0	0	0	0	0	0	0	0	0	0	0	0	0	0	0	0	0	0	0	0	0	0	0
"Dialictus_abanci"	0.134615384615385	0.0576923076923077	0.0576923076923077	0.115384615384615	0	0.0961538461538462	0	0	0	0	0.0384615384615385	0	0	0	0	0	0	0	0	0	0	0	0	0	0	0	0	0	0	0	0	0	0	0	0	0	0	0	0	0	0	0	0	0	0	0	0	0	0	0	0	0	0	0	0	0	0
"Hylema_platura"	0.333333333333333	0	0	0	0	0.166666666666667	0	0	0	0	0	0	0	0	0	0	0	0	0	0	0	0	0	0	0	0	0	0	0	0	0	0	0	0	0	0	0	0	0	0	0	0	0	0	0	0	0	0	0	0	0	0	0	0	0	0	0
"Osmia_conjucta"	0.159090909090909	0.0909090909090909	0.159090909090909	0	0.0227272727272727	0	0	0.0227272727272727	0	0.0454545454545455	0	0	0	0	0	0	0	0	0	0	0	0	0	0	0	0	0	0	0	0	0	0	0	0	0	0	0	0	0	0	0	0	0	0	0	0	0	0	0	0	0	0	0	0	0	0	0
"Nomada_perplexa"	0.15	0.2	0.1	0	0.05	0	0	0	0	0	0	0	0	0	0	0	0	0	0	0	0	0	0	0	0	0	0	0	0	0	0	0	0	0	0	0	0	0	0	0	0	0	0	0	0	0	0	0	0	0	0	0	0	0	0	0	0
"Andrena_carlini"	0.0277777777777778	0.111111111111111	0.0555555555555556	0	0.194444444444444	0.0277777777777778	0.0555555555555556	0	0	0	0	0	0.0277777777777778	0	0	0	0	0	0	0	0	0	0	0	0	0	0	0	0	0	0	0	0	0	0	0	0	0	0	0	0	0	0	0	0	0	0	0	0	0	0	0	0	0	0	0	0
"Platycheirus_obscurus"	0.294117647058824	0	0.0294117647058824	0.0588235294117647	0.117647058823529	0	0	0	0	0	0	0	0	0	0	0	0	0	0	0	0	0	0	0	0	0	0	0	0	0	0	0	0	0	0	0	0	0	0	0	0	0	0	0	0	0	0	0	0	0	0	0	0	0	0	0	0
"Osmia_sp1_M_PL_025"	0.125	0.21875	0.09375	0.03125	0.03125	0	0	0	0	0	0	0	0	0	0	0	0	0	0	0	0	0	0	0	0	0	0	0	0	0	0	0	0	0	0	0	0	0	0	0	0	0	0	0	0	0	0	0	0	0	0	0	0	0	0	0	0
"Nomada_pygmaea"	0.285714285714286	0	0.178571428571429	0	0.0357142857142857	0	0	0	0	0	0	0	0	0	0	0	0	0	0	0	0	0	0	0	0	0	0	0	0	0	0	0	0	0	0	0	0	0	0	0	0	0	0	0	0	0	0	0	0	0	0	0	0	0	0	0	0
"Andrena_nasonii"	0.115384615384615	0	0.307692307692308	0	0.0769230769230769	0	0	0	0	0	0	0	0	0	0	0	0	0	0	0	0	0	0	0	0	0	0	0	0	0	0	0	0	0	0	0	0	0	0	0	0	0	0	0	0	0	0	0	0	0	0	0	0	0	0	0	0
"Evylaeus_macoupinensis"	0.166666666666667	0	0	0.0416666666666667	0	0.208333333333333	0	0.0416666666666667	0	0	0.0416666666666667	0	0	0	0	0	0	0	0	0	0	0	0	0	0	0	0	0	0	0	0	0	0	0	0	0	0	0	0	0	0	0	0	0	0	0	0	0	0	0	0	0	0	0	0	0	0
"Osmia_lignaria"	0.166666666666667	0.222222222222222	0	0	0.111111111111111	0	0	0	0	0	0	0	0	0	0	0	0	0	0	0	0	0	0	0	0	0	0	0	0	0	0	0	0	0	0	0	0	0	0	0	0	0	0	0	0	0	0	0	0	0	0	0	0	0	0	0	0
"Augochlora_pura"	0.0625	0.0625	0.1875	0	0.1875	0	0	0	0	0	0	0	0	0	0	0	0	0	0	0	0	0	0	0	0	0	0	0	0	0	0	0	0	0	0	0	0	0	0	0	0	0	0	0	0	0	0	0	0	0	0	0	0	0	0	0	0
"Toxomerous_geminatus"	0.25	0	0.1875	0	0	0	0.0625	0	0	0	0	0	0	0	0	0	0	0	0	0	0	0	0	0	0	0	0	0	0	0	0	0	0	0	0	0	0	0	0	0	0	0	0	0	0	0	0	0	0	0	0	0	0	0	0	0	0
"Ceratina_calcarata"	0.214285714285714	0	0.142857142857143	0.142857142857143	0	0	0	0	0	0	0	0	0	0	0	0	0	0	0	0	0	0	0	0	0	0	0	0	0	0	0	0	0	0	0	0	0	0	0	0	0	0	0	0	0	0	0	0	0	0	0	0	0	0	0	0	0
"Dialictus_cressonii"	0.357142857142857	0	0	0	0	0	0.0714285714285714	0.0714285714285714	0	0	0	0	0	0	0	0	0	0	0	0	0	0	0	0	0	0	0	0	0	0	0	0	0	0	0	0	0	0	0	0	0	0	0	0	0	0	0	0	0	0	0	0	0	0	0	0	0
"Euchlo_creusa_lotta"	0.357142857142857	0	0	0	0.142857142857143	0	0	0	0	0	0	0	0	0	0	0	0	0	0	0	0	0	0	0	0	0	0	0	0	0	0	0	0	0	0	0	0	0	0	0	0	0	0	0	0	0	0	0	0	0	0	0	0	0	0	0	0
"Xylocopa_virginica_virginica"	0.0714285714285714	0.142857142857143	0	0	0.0714285714285714	0	0.0714285714285714	0	0	0	0	0.0714285714285714	0.0714285714285714	0	0	0	0	0	0	0	0	0	0	0	0	0	0	0	0	0	0	0	0	0	0	0	0	0	0	0	0	0	0	0	0	0	0	0	0	0	0	0	0	0	0	0	0
"Osmia_atriventris"	0	0	0.25	0	0	0	0	0	0	0.25	0	0	0	0	0	0	0	0	0	0	0	0	0	0	0	0	0	0	0	0	0	0	0	0	0	0	0	0	0	0	0	0	0	0	0	0	0	0	0	0	0	0	0	0	0	0	0
"Andrena_violae"	0	0	0	0	0	0	0	0	0	0.5	0	0	0	0	0	0	0	0	0	0	0	0	0	0	0	0	0	0	0	0	0	0	0	0	0	0	0	0	0	0	0	0	0	0	0	0	0	0	0	0	0	0	0	0	0	0	0
"Bombus_pennsylvanicus"	0	0	0	0	0.166666666666667	0	0	0	0.333333333333333	0	0	0	0	0	0	0	0	0	0	0	0	0	0	0	0	0	0	0	0	0	0	0	0	0	0	0	0	0	0	0	0	0	0	0	0	0	0	0	0	0	0	0	0	0	0	0	0
"Ephemoropsis_laboriosa"	0	0	0	0	0	0	0	0.333333333333333	0.166666666666667	0	0	0	0	0	0	0	0	0	0	0	0	0	0	0	0	0	0	0	0	0	0	0	0	0	0	0	0	0	0	0	0	0	0	0	0	0	0	0	0	0	0	0	0	0	0	0	0
"Nomada_luteola"	0	0	0.5	0	0	0	0	0	0	0	0	0	0	0	0	0	0	0	0	0	0	0	0	0	0	0	0	0	0	0	0	0	0	0	0	0	0	0	0	0	0	0	0	0	0	0	0	0	0	0	0	0	0	0	0	0	0
"Andrena_arabis"	0	0	0	0	0.5	0	0	0	0	0	0	0	0	0	0	0	0	0	0	0	0	0	0	0	0	0	0	0	0	0	0	0	0	0	0	0	0	0	0	0	0	0	0	0	0	0	0	0	0	0	0	0	0	0	0	0	0
"Andrena_ziziaeformis"	0.25	0	0	0	0	0	0	0	0	0	0.25	0	0	0	0	0	0	0	0	0	0	0	0	0	0	0	0	0	0	0	0	0	0	0	0	0	0	0	0	0	0	0	0	0	0	0	0	0	0	0	0	0	0	0	0	0	0
"Augochorella_striata"	0.25	0.25	0	0	0	0	0	0	0	0	0	0	0	0	0	0	0	0	0	0	0	0	0	0	0	0	0	0	0	0	0	0	0	0	0	0	0	0	0	0	0	0	0	0	0	0	0	0	0	0	0	0	0	0	0	0	0
"Lycaenopsis_argiolus"	0.5	0	0	0	0	0	0	0	0	0	0	0	0	0	0	0	0	0	0	0	0	0	0	0	0	0	0	0	0	0	0	0	0	0	0	0	0	0	0	0	0	0	0	0	0	0	0	0	0	0	0	0	0	0	0	0	0
"Unidentified_sp1_M_PL_025"	0	0	0	0	0.5	0	0	0	0	0	0	0	0	0	0	0	0	0	0	0	0	0	0	0	0	0	0	0	0	0	0	0	0	0	0	0	0	0	0	0	0	0	0	0	0	0	0	0	0	0	0	0	0	0	0	0	0
"Andrena_ceanothi"	0.5	0	0	0	0	0	0	0	0	0	0	0	0	0	0	0	0	0	0	0	0	0	0	0	0	0	0	0	0	0	0	0	0	0	0	0	0	0	0	0	0	0	0	0	0	0	0	0	0	0	0	0	0	0	0	0	0
"Andrena_dunningi"	0	0	0	0	0.5	0	0	0	0	0	0	0	0	0	0	0	0	0	0	0	0	0	0	0	0	0	0	0	0	0	0	0	0	0	0	0	0	0	0	0	0	0	0	0	0	0	0	0	0	0	0	0	0	0	0	0	0
"Andrena_imatrix"	0.5	0	0	0	0	0	0	0	0	0	0	0	0	0	0	0	0	0	0	0	0	0	0	0	0	0	0	0	0	0	0	0	0	0	0	0	0	0	0	0	0	0	0	0	0	0	0	0	0	0	0	0	0	0	0	0	0
"Andrena_personata"	0	0	0.5	0	0	0	0	0	0	0	0	0	0	0	0	0	0	0	0	0	0	0	0	0	0	0	0	0	0	0	0	0	0	0	0	0	0	0	0	0	0	0	0	0	0	0	0	0	0	0	0	0	0	0	0	0	0
"Lassioglossum_fuscipenne"	0	0	0	0	0.5	0	0	0	0	0	0	0	0	0	0	0	0	0	0	0	0	0	0	0	0	0	0	0	0	0	0	0	0	0	0	0	0	0	0	0	0	0	0	0	0	0	0	0	0	0	0	0	0	0	0	0	0
"Nomada_bishopii"	0	0	0.5	0	0	0	0	0	0	0	0	0	0	0	0	0	0	0	0	0	0	0	0	0	0	0	0	0	0	0	0	0	0	0	0	0	0	0	0	0	0	0	0	0	0	0	0	0	0	0	0	0	0	0	0	0	0
"Nomada_sayi"	0	0	0.5	0	0	0	0	0	0	0	0	0	0	0	0	0	0	0	0	0	0	0	0	0	0	0	0	0	0	0	0	0	0	0	0	0	0	0	0	0	0	0	0	0	0	0	0	0	0	0	0	0	0	0	0	0	0
"Osmia_simillima"	0	0	0	0	0	0	0	0	0	0.5	0	0	0	0	0	0	0	0	0	0	0	0	0	0	0	0	0	0	0	0	0	0	0	0	0	0	0	0	0	0	0	0	0	0	0	0	0	0	0	0	0	0	0	0	0	0	0
