"Sideroxylon_cinereum"	"Croton_fothergillifolius"	"Dodonaea_viscosa"	"Trochetia_blackburniana"	"Psiadia_terebinthina"	"Erythroxylum_macrocarpum"	"Claoxylon_linostachys"	"Apis_mellifera"	"Chaetocnema_sp1_M_PL_072"	"Fannia_pusio"	"Stomoxys_calcitrans"	"Stomorhina_lunata"	"Stomoxys_niger"	"Musca_domestica"	"Ophyra_capensis"	"Dysauxes_florida"	"Melanostoma_annulipes"	"Nacoleia_sp2_M_PL_072"	"Pachycerina_crinicornis"	"Nacoleia_sp1_M_PL_072"	"Orchisia_costata"	"Ceratitis_roas"	"Chrysomya_megacephala"	"Diptera_sp1_M_PL_072"	"Diptera_sp2_M_PL_072"	"Eristalinus_flaveolus"	"Graphomya_maculata"	"Henotesia_narcissus"	"Homoneura_sp1_M_PL_072"	"Homoneura_sp2_M_PL_072"	"Limnophora_quaterna"	"Lygistorrhina_sp1_M_PL_072"	"Orthellia_albigena"	"Paragus_borbonicus"	"Phorinia_sp1_M_PL_072"	"Sapromyza_sp1_M_PL_072"	"Technomyrmex_albipes"	"Unidentified_sp1_M_PL_072"
"Sideroxylon_cinereum"	0	0	0	0	0	0	0	0.263888888888889	0.00694444444444444	0.0763888888888889	0.0138888888888889	0.0138888888888889	0.0277777777777778	0	0.00694444444444444	0.00694444444444444	0	0.0138888888888889	0.00694444444444444	0	0	0	0.00694444444444444	0	0	0.00694444444444444	0	0.00694444444444444	0	0.00694444444444444	0.00694444444444444	0	0.00694444444444444	0.00694444444444444	0.00694444444444444	0.00694444444444444	0	0
"Croton_fothergillifolius"	0	0	0	0	0	0	0	0	0.416666666666667	0	0	0.0277777777777778	0	0.0138888888888889	0	0	0.0138888888888889	0	0	0.0277777777777778	0	0	0	0	0	0	0	0	0	0	0	0	0	0	0	0	0	0
"Dodonaea_viscosa"	0	0	0	0	0	0	0	0	0	0.0333333333333333	0.0666666666666667	0.0666666666666667	0	0.1	0	0	0	0	0.0333333333333333	0	0.0333333333333333	0	0	0	0.0333333333333333	0	0.0333333333333333	0	0.0333333333333333	0	0	0.0333333333333333	0	0	0	0	0.0333333333333333	0
"Trochetia_blackburniana"	0	0	0	0	0	0	0	0.5	0	0	0	0	0	0	0	0	0	0	0	0	0	0	0	0	0	0	0	0	0	0	0	0	0	0	0	0	0	0
"Psiadia_terebinthina"	0	0	0	0	0	0	0	0	0	0	0.0909090909090909	0	0.0909090909090909	0	0	0.0909090909090909	0	0.0454545454545455	0.0454545454545455	0	0.0454545454545455	0.0454545454545455	0	0	0	0	0	0	0	0	0	0	0	0	0	0	0	0.0454545454545455
"Erythroxylum_macrocarpum"	0	0	0	0	0	0	0	0	0	0	0.142857142857143	0	0	0	0.214285714285714	0	0.142857142857143	0	0	0	0	0	0	0	0	0	0	0	0	0	0	0	0	0	0	0	0	0
"Claoxylon_linostachys"	0	0	0	0	0	0	0	0	0	0	0	0	0	0	0	0	0	0	0	0	0	0	0	0.5	0	0	0	0	0	0	0	0	0	0	0	0	0	0
"Apis_mellifera"	0.38	0	0	0.12	0	0	0	0	0	0	0	0	0	0	0	0	0	0	0	0	0	0	0	0	0	0	0	0	0	0	0	0	0	0	0	0	0	0
"Chaetocnema_sp1_M_PL_072"	0.0161290322580645	0.483870967741935	0	0	0	0	0	0	0	0	0	0	0	0	0	0	0	0	0	0	0	0	0	0	0	0	0	0	0	0	0	0	0	0	0	0	0	0
"Fannia_pusio"	0.458333333333333	0	0.0416666666666667	0	0	0	0	0	0	0	0	0	0	0	0	0	0	0	0	0	0	0	0	0	0	0	0	0	0	0	0	0	0	0	0	0	0	0
"Stomoxys_calcitrans"	0.125	0	0.125	0	0.125	0.125	0	0	0	0	0	0	0	0	0	0	0	0	0	0	0	0	0	0	0	0	0	0	0	0	0	0	0	0	0	0	0	0
"Stomorhina_lunata"	0.166666666666667	0.166666666666667	0.166666666666667	0	0	0	0	0	0	0	0	0	0	0	0	0	0	0	0	0	0	0	0	0	0	0	0	0	0	0	0	0	0	0	0	0	0	0
"Stomoxys_niger"	0.333333333333333	0	0	0	0.166666666666667	0	0	0	0	0	0	0	0	0	0	0	0	0	0	0	0	0	0	0	0	0	0	0	0	0	0	0	0	0	0	0	0	0
"Musca_domestica"	0	0.125	0.375	0	0	0	0	0	0	0	0	0	0	0	0	0	0	0	0	0	0	0	0	0	0	0	0	0	0	0	0	0	0	0	0	0	0	0
"Ophyra_capensis"	0.125	0	0	0	0	0.375	0	0	0	0	0	0	0	0	0	0	0	0	0	0	0	0	0	0	0	0	0	0	0	0	0	0	0	0	0	0	0	0
"Dysauxes_florida"	0.166666666666667	0	0	0	0.333333333333333	0	0	0	0	0	0	0	0	0	0	0	0	0	0	0	0	0	0	0	0	0	0	0	0	0	0	0	0	0	0	0	0	0
"Melanostoma_annulipes"	0	0.166666666666667	0	0	0	0.333333333333333	0	0	0	0	0	0	0	0	0	0	0	0	0	0	0	0	0	0	0	0	0	0	0	0	0	0	0	0	0	0	0	0
"Nacoleia_sp2_M_PL_072"	0.333333333333333	0	0	0	0.166666666666667	0	0	0	0	0	0	0	0	0	0	0	0	0	0	0	0	0	0	0	0	0	0	0	0	0	0	0	0	0	0	0	0	0
"Pachycerina_crinicornis"	0.166666666666667	0	0.166666666666667	0	0.166666666666667	0	0	0	0	0	0	0	0	0	0	0	0	0	0	0	0	0	0	0	0	0	0	0	0	0	0	0	0	0	0	0	0	0
"Nacoleia_sp1_M_PL_072"	0	0.5	0	0	0	0	0	0	0	0	0	0	0	0	0	0	0	0	0	0	0	0	0	0	0	0	0	0	0	0	0	0	0	0	0	0	0	0
"Orchisia_costata"	0	0	0.25	0	0.25	0	0	0	0	0	0	0	0	0	0	0	0	0	0	0	0	0	0	0	0	0	0	0	0	0	0	0	0	0	0	0	0	0
"Ceratitis_roas"	0	0	0	0	0.5	0	0	0	0	0	0	0	0	0	0	0	0	0	0	0	0	0	0	0	0	0	0	0	0	0	0	0	0	0	0	0	0	0
"Chrysomya_megacephala"	0.5	0	0	0	0	0	0	0	0	0	0	0	0	0	0	0	0	0	0	0	0	0	0	0	0	0	0	0	0	0	0	0	0	0	0	0	0	0
"Diptera_sp1_M_PL_072"	0	0	0	0	0	0	0.5	0	0	0	0	0	0	0	0	0	0	0	0	0	0	0	0	0	0	0	0	0	0	0	0	0	0	0	0	0	0	0
"Diptera_sp2_M_PL_072"	0	0	0.5	0	0	0	0	0	0	0	0	0	0	0	0	0	0	0	0	0	0	0	0	0	0	0	0	0	0	0	0	0	0	0	0	0	0	0
"Eristalinus_flaveolus"	0.5	0	0	0	0	0	0	0	0	0	0	0	0	0	0	0	0	0	0	0	0	0	0	0	0	0	0	0	0	0	0	0	0	0	0	0	0	0
"Graphomya_maculata"	0	0	0.5	0	0	0	0	0	0	0	0	0	0	0	0	0	0	0	0	0	0	0	0	0	0	0	0	0	0	0	0	0	0	0	0	0	0	0
"Henotesia_narcissus"	0.5	0	0	0	0	0	0	0	0	0	0	0	0	0	0	0	0	0	0	0	0	0	0	0	0	0	0	0	0	0	0	0	0	0	0	0	0	0
"Homoneura_sp1_M_PL_072"	0	0	0.5	0	0	0	0	0	0	0	0	0	0	0	0	0	0	0	0	0	0	0	0	0	0	0	0	0	0	0	0	0	0	0	0	0	0	0
"Homoneura_sp2_M_PL_072"	0.5	0	0	0	0	0	0	0	0	0	0	0	0	0	0	0	0	0	0	0	0	0	0	0	0	0	0	0	0	0	0	0	0	0	0	0	0	0
"Limnophora_quaterna"	0.5	0	0	0	0	0	0	0	0	0	0	0	0	0	0	0	0	0	0	0	0	0	0	0	0	0	0	0	0	0	0	0	0	0	0	0	0	0
"Lygistorrhina_sp1_M_PL_072"	0	0	0.5	0	0	0	0	0	0	0	0	0	0	0	0	0	0	0	0	0	0	0	0	0	0	0	0	0	0	0	0	0	0	0	0	0	0	0
"Orthellia_albigena"	0.5	0	0	0	0	0	0	0	0	0	0	0	0	0	0	0	0	0	0	0	0	0	0	0	0	0	0	0	0	0	0	0	0	0	0	0	0	0
"Paragus_borbonicus"	0.5	0	0	0	0	0	0	0	0	0	0	0	0	0	0	0	0	0	0	0	0	0	0	0	0	0	0	0	0	0	0	0	0	0	0	0	0	0
"Phorinia_sp1_M_PL_072"	0.5	0	0	0	0	0	0	0	0	0	0	0	0	0	0	0	0	0	0	0	0	0	0	0	0	0	0	0	0	0	0	0	0	0	0	0	0	0
"Sapromyza_sp1_M_PL_072"	0.5	0	0	0	0	0	0	0	0	0	0	0	0	0	0	0	0	0	0	0	0	0	0	0	0	0	0	0	0	0	0	0	0	0	0	0	0	0
"Technomyrmex_albipes"	0	0	0.5	0	0	0	0	0	0	0	0	0	0	0	0	0	0	0	0	0	0	0	0	0	0	0	0	0	0	0	0	0	0	0	0	0	0	0
"Unidentified_sp1_M_PL_072"	0	0	0	0	0.5	0	0	0	0	0	0	0	0	0	0	0	0	0	0	0	0	0	0	0	0	0	0	0	0	0	0	0	0	0	0	0	0	0
