"Toddalia_asiatica"	"Aphloia_theiformis"	"Geniostoma_borbonicum"	"Sideroxylon_cinereum"	"Roussea_simplex"	"Psiadia_terebinthina"	"Croton_fothergillifolius"	"Erythroxylum_macrocarpum"	"Claoxylon_linostachys"	"Antirhea_borbonica"	"Dodonaea_viscosa"	"Molinaea_alternifolia"	"Stomorhina_lunata"	"Apis_mellifera"	"Pachycerina_crinicornis"	"Melanostoma_annulipes"	"Chrysomya_megacephala"	"Stomoxys_niger"	"Henotesia_narcissus"	"Stomoxys_calcitrans"	"Fannia_pusio"	"Brachymyrmex_sp1_M_PL_061"	"Musca_domestica"	"Chaetocnema_sp1_M_PL_061"	"Phorinia_sp1_M_PL_061"	"Allograpta_nasuta"	"Technomyrmex_albipes"	"Zosterops_mauritianus"	"Eristalinus_flaveolus"	"Polistes_hebraeus"	"Psilopa_iceryae"	"Leptotes_pirithous"	"Allograpta_sp1_M_PL_061"	"Melanagromyza_sojae"	"Nacoleia_sp1_M_PL_061"	"Lygistorrhina_sp1_M_PL_061"	"Sarcophaga_arno"	"Acopsis_viridicans"	"Atherigona_sp1_M_PL_061"	"Dasytinae_sp1_M_PL_061"	"Dysauxes_florida"	"Episyrphus_sp1_M_PL_061"	"Homoneura_sp1_M_PL_061"	"Nacoleia_sp2_M_PL_061"	"Orthellia_albigena"	"Paragus_borbonicus"	"Pelecophora_intemipta"	"Sapromyza_sp1_M_PL_061"	"Sepsis_lateralis"	"Unidentified_sp1_M_PL_061"
"Toddalia_asiatica"	0	0	0	0	0	0	0	0	0	0	0	0	0.212765957446809	0	0.0957446808510638	0.0177304964539007	0.0460992907801418	0	0.00354609929078014	0	0.024822695035461	0	0.00709219858156028	0.00354609929078014	0.0319148936170213	0	0.00354609929078014	0	0.00354609929078014	0	0.0283687943262411	0.0106382978723404	0	0.00709219858156028	0	0	0	0	0	0	0	0	0	0	0	0	0	0	0.00354609929078014	0
"Aphloia_theiformis"	0	0	0	0	0	0	0	0	0	0	0	0	0.0742574257425743	0.222772277227723	0.00495049504950495	0.0495049504950495	0.0099009900990099	0.00495049504950495	0.00495049504950495	0.0148514851485149	0.00495049504950495	0	0	0	0.0099009900990099	0.00495049504950495	0.0198019801980198	0.0099009900990099	0.0198019801980198	0	0	0.00495049504950495	0.0198019801980198	0	0.00495049504950495	0	0	0	0	0	0	0.00495049504950495	0.00495049504950495	0	0	0	0.00495049504950495	0	0	0
"Geniostoma_borbonicum"	0	0	0	0	0	0	0	0	0	0	0	0	0.145348837209302	0.0232558139534884	0.0581395348837209	0.0581395348837209	0.0406976744186047	0.0755813953488372	0.00581395348837209	0.0232558139534884	0.0116279069767442	0	0.0232558139534884	0	0	0.0116279069767442	0	0	0	0	0	0	0	0	0	0	0.00581395348837209	0	0	0	0	0	0	0.00581395348837209	0.00581395348837209	0	0	0.00581395348837209	0	0
"Sideroxylon_cinereum"	0	0	0	0	0	0	0	0	0	0	0	0	0.0486111111111111	0.263888888888889	0.0555555555555556	0	0.0208333333333333	0.0208333333333333	0.00694444444444444	0	0.00694444444444444	0	0	0	0	0	0	0.0277777777777778	0	0.0347222222222222	0	0	0	0	0	0	0.00694444444444444	0	0.00694444444444444	0	0	0	0	0	0	0	0	0	0	0
"Roussea_simplex"	0	0	0	0	0	0	0	0	0	0	0	0	0	0.0638297872340425	0.0638297872340425	0	0	0	0.148936170212766	0	0.0106382978723404	0.0425531914893617	0.0106382978723404	0	0	0.074468085106383	0	0.0319148936170213	0	0.0319148936170213	0	0	0	0	0	0.0212765957446809	0	0	0	0	0	0	0	0	0	0	0	0	0	0
"Psiadia_terebinthina"	0	0	0	0	0	0	0	0	0	0	0	0	0.194444444444444	0.0416666666666667	0	0.0416666666666667	0.0138888888888889	0	0	0.0833333333333333	0.0138888888888889	0	0.0277777777777778	0	0	0	0	0	0.0416666666666667	0	0	0.0138888888888889	0	0	0	0	0	0.0138888888888889	0	0	0	0	0	0	0	0	0	0	0	0.0138888888888889
"Croton_fothergillifolius"	0	0	0	0	0	0	0	0	0	0	0	0	0.142857142857143	0.0178571428571429	0	0	0.0892857142857143	0.0178571428571429	0	0.0535714285714286	0	0	0.0357142857142857	0.107142857142857	0	0	0	0	0	0	0	0	0	0	0	0	0	0	0	0.0178571428571429	0.0178571428571429	0	0	0	0	0	0	0	0	0
"Erythroxylum_macrocarpum"	0	0	0	0	0	0	0	0	0	0	0	0	0	0	0.05	0.075	0	0.025	0	0	0	0.2	0	0.075	0	0	0.075	0	0	0	0	0	0	0	0	0	0	0	0	0	0	0	0	0	0	0	0	0	0	0
"Claoxylon_linostachys"	0	0	0	0	0	0	0	0	0	0	0	0	0	0	0	0.222222222222222	0	0	0	0	0.0555555555555556	0	0.0555555555555556	0.0555555555555556	0	0	0.0555555555555556	0	0	0	0	0	0	0.0555555555555556	0	0	0	0	0	0	0	0	0	0	0	0	0	0	0	0
"Antirhea_borbonica"	0	0	0	0	0	0	0	0	0	0	0	0	0	0	0	0	0	0	0	0	0	0	0	0	0	0	0	0	0	0	0	0	0	0	0.5	0	0	0	0	0	0	0	0	0	0	0	0	0	0	0
"Dodonaea_viscosa"	0	0	0	0	0	0	0	0	0	0	0	0	0	0	0.25	0	0	0	0	0	0	0	0	0	0	0	0	0	0	0	0	0	0	0	0	0	0	0	0	0	0	0	0	0	0	0.25	0	0	0	0
"Molinaea_alternifolia"	0	0	0	0	0	0	0	0	0	0	0	0	0	0	0	0.5	0	0	0	0	0	0	0	0	0	0	0	0	0	0	0	0	0	0	0	0	0	0	0	0	0	0	0	0	0	0	0	0	0	0
"Stomorhina_lunata"	0.232558139534884	0.0581395348837209	0.0968992248062016	0.0271317829457364	0	0.0542635658914729	0.0310077519379845	0	0	0	0	0	0	0	0	0	0	0	0	0	0	0	0	0	0	0	0	0	0	0	0	0	0	0	0	0	0	0	0	0	0	0	0	0	0	0	0	0	0	0
"Apis_mellifera"	0	0.231958762886598	0.0206185567010309	0.195876288659794	0.0309278350515464	0.0154639175257732	0.00515463917525773	0	0	0	0	0	0	0	0	0	0	0	0	0	0	0	0	0	0	0	0	0	0	0	0	0	0	0	0	0	0	0	0	0	0	0	0	0	0	0	0	0	0	0
"Pachycerina_crinicornis"	0.245454545454545	0.00909090909090909	0.0909090909090909	0.0727272727272727	0.0545454545454545	0	0	0.0181818181818182	0	0	0.00909090909090909	0	0	0	0	0	0	0	0	0	0	0	0	0	0	0	0	0	0	0	0	0	0	0	0	0	0	0	0	0	0	0	0	0	0	0	0	0	0	0
"Melanostoma_annulipes"	0.0694444444444444	0.138888888888889	0.138888888888889	0	0	0.0416666666666667	0	0.0416666666666667	0.0555555555555556	0	0	0.0138888888888889	0	0	0	0	0	0	0	0	0	0	0	0	0	0	0	0	0	0	0	0	0	0	0	0	0	0	0	0	0	0	0	0	0	0	0	0	0	0
"Chrysomya_megacephala"	0.209677419354839	0.032258064516129	0.112903225806452	0.0483870967741935	0	0.0161290322580645	0.0806451612903226	0	0	0	0	0	0	0	0	0	0	0	0	0	0	0	0	0	0	0	0	0	0	0	0	0	0	0	0	0	0	0	0	0	0	0	0	0	0	0	0	0	0	0
"Stomoxys_niger"	0	0.0263157894736842	0.342105263157895	0.0789473684210526	0	0	0.0263157894736842	0.0263157894736842	0	0	0	0	0	0	0	0	0	0	0	0	0	0	0	0	0	0	0	0	0	0	0	0	0	0	0	0	0	0	0	0	0	0	0	0	0	0	0	0	0	0
"Henotesia_narcissus"	0.0277777777777778	0.0277777777777778	0.0277777777777778	0.0277777777777778	0.388888888888889	0	0	0	0	0	0	0	0	0	0	0	0	0	0	0	0	0	0	0	0	0	0	0	0	0	0	0	0	0	0	0	0	0	0	0	0	0	0	0	0	0	0	0	0	0
"Stomoxys_calcitrans"	0	0.09375	0.125	0	0	0.1875	0.09375	0	0	0	0	0	0	0	0	0	0	0	0	0	0	0	0	0	0	0	0	0	0	0	0	0	0	0	0	0	0	0	0	0	0	0	0	0	0	0	0	0	0	0
"Fannia_pusio"	0.25	0.0357142857142857	0.0714285714285714	0.0357142857142857	0.0357142857142857	0.0357142857142857	0	0	0.0357142857142857	0	0	0	0	0	0	0	0	0	0	0	0	0	0	0	0	0	0	0	0	0	0	0	0	0	0	0	0	0	0	0	0	0	0	0	0	0	0	0	0	0
"Brachymyrmex_sp1_M_PL_061"	0	0	0	0	0.166666666666667	0	0	0.333333333333333	0	0	0	0	0	0	0	0	0	0	0	0	0	0	0	0	0	0	0	0	0	0	0	0	0	0	0	0	0	0	0	0	0	0	0	0	0	0	0	0	0	0
"Musca_domestica"	0.0833333333333333	0	0.166666666666667	0	0.0416666666666667	0.0833333333333333	0.0833333333333333	0	0.0416666666666667	0	0	0	0	0	0	0	0	0	0	0	0	0	0	0	0	0	0	0	0	0	0	0	0	0	0	0	0	0	0	0	0	0	0	0	0	0	0	0	0	0
"Chaetocnema_sp1_M_PL_061"	0.0454545454545455	0	0	0	0	0	0.272727272727273	0.136363636363636	0.0454545454545455	0	0	0	0	0	0	0	0	0	0	0	0	0	0	0	0	0	0	0	0	0	0	0	0	0	0	0	0	0	0	0	0	0	0	0	0	0	0	0	0	0
"Phorinia_sp1_M_PL_061"	0.409090909090909	0.0909090909090909	0	0	0	0	0	0	0	0	0	0	0	0	0	0	0	0	0	0	0	0	0	0	0	0	0	0	0	0	0	0	0	0	0	0	0	0	0	0	0	0	0	0	0	0	0	0	0	0
"Allograpta_nasuta"	0	0.05	0.1	0	0.35	0	0	0	0	0	0	0	0	0	0	0	0	0	0	0	0	0	0	0	0	0	0	0	0	0	0	0	0	0	0	0	0	0	0	0	0	0	0	0	0	0	0	0	0	0
"Technomyrmex_albipes"	0.0555555555555556	0.222222222222222	0	0	0	0	0	0.166666666666667	0.0555555555555556	0	0	0	0	0	0	0	0	0	0	0	0	0	0	0	0	0	0	0	0	0	0	0	0	0	0	0	0	0	0	0	0	0	0	0	0	0	0	0	0	0
"Zosterops_mauritianus"	0	0.111111111111111	0	0.222222222222222	0.166666666666667	0	0	0	0	0	0	0	0	0	0	0	0	0	0	0	0	0	0	0	0	0	0	0	0	0	0	0	0	0	0	0	0	0	0	0	0	0	0	0	0	0	0	0	0	0
"Eristalinus_flaveolus"	0.0625	0.25	0	0	0	0.1875	0	0	0	0	0	0	0	0	0	0	0	0	0	0	0	0	0	0	0	0	0	0	0	0	0	0	0	0	0	0	0	0	0	0	0	0	0	0	0	0	0	0	0	0
"Polistes_hebraeus"	0	0	0	0.3125	0.1875	0	0	0	0	0	0	0	0	0	0	0	0	0	0	0	0	0	0	0	0	0	0	0	0	0	0	0	0	0	0	0	0	0	0	0	0	0	0	0	0	0	0	0	0	0
"Psilopa_iceryae"	0.5	0	0	0	0	0	0	0	0	0	0	0	0	0	0	0	0	0	0	0	0	0	0	0	0	0	0	0	0	0	0	0	0	0	0	0	0	0	0	0	0	0	0	0	0	0	0	0	0	0
"Leptotes_pirithous"	0.3	0.1	0	0	0	0.1	0	0	0	0	0	0	0	0	0	0	0	0	0	0	0	0	0	0	0	0	0	0	0	0	0	0	0	0	0	0	0	0	0	0	0	0	0	0	0	0	0	0	0	0
"Allograpta_sp1_M_PL_061"	0	0.5	0	0	0	0	0	0	0	0	0	0	0	0	0	0	0	0	0	0	0	0	0	0	0	0	0	0	0	0	0	0	0	0	0	0	0	0	0	0	0	0	0	0	0	0	0	0	0	0
"Melanagromyza_sojae"	0.333333333333333	0	0	0	0	0	0	0	0.166666666666667	0	0	0	0	0	0	0	0	0	0	0	0	0	0	0	0	0	0	0	0	0	0	0	0	0	0	0	0	0	0	0	0	0	0	0	0	0	0	0	0	0
"Nacoleia_sp1_M_PL_061"	0	0.166666666666667	0	0	0	0	0	0	0	0.333333333333333	0	0	0	0	0	0	0	0	0	0	0	0	0	0	0	0	0	0	0	0	0	0	0	0	0	0	0	0	0	0	0	0	0	0	0	0	0	0	0	0
"Lygistorrhina_sp1_M_PL_061"	0	0	0	0	0.5	0	0	0	0	0	0	0	0	0	0	0	0	0	0	0	0	0	0	0	0	0	0	0	0	0	0	0	0	0	0	0	0	0	0	0	0	0	0	0	0	0	0	0	0	0
"Sarcophaga_arno"	0	0	0.25	0.25	0	0	0	0	0	0	0	0	0	0	0	0	0	0	0	0	0	0	0	0	0	0	0	0	0	0	0	0	0	0	0	0	0	0	0	0	0	0	0	0	0	0	0	0	0	0
"Acopsis_viridicans"	0	0	0	0	0	0.5	0	0	0	0	0	0	0	0	0	0	0	0	0	0	0	0	0	0	0	0	0	0	0	0	0	0	0	0	0	0	0	0	0	0	0	0	0	0	0	0	0	0	0	0
"Atherigona_sp1_M_PL_061"	0	0	0	0.5	0	0	0	0	0	0	0	0	0	0	0	0	0	0	0	0	0	0	0	0	0	0	0	0	0	0	0	0	0	0	0	0	0	0	0	0	0	0	0	0	0	0	0	0	0	0
"Dasytinae_sp1_M_PL_061"	0	0	0	0	0	0	0.5	0	0	0	0	0	0	0	0	0	0	0	0	0	0	0	0	0	0	0	0	0	0	0	0	0	0	0	0	0	0	0	0	0	0	0	0	0	0	0	0	0	0	0
"Dysauxes_florida"	0	0	0	0	0	0	0.5	0	0	0	0	0	0	0	0	0	0	0	0	0	0	0	0	0	0	0	0	0	0	0	0	0	0	0	0	0	0	0	0	0	0	0	0	0	0	0	0	0	0	0
"Episyrphus_sp1_M_PL_061"	0	0.5	0	0	0	0	0	0	0	0	0	0	0	0	0	0	0	0	0	0	0	0	0	0	0	0	0	0	0	0	0	0	0	0	0	0	0	0	0	0	0	0	0	0	0	0	0	0	0	0
"Homoneura_sp1_M_PL_061"	0	0.5	0	0	0	0	0	0	0	0	0	0	0	0	0	0	0	0	0	0	0	0	0	0	0	0	0	0	0	0	0	0	0	0	0	0	0	0	0	0	0	0	0	0	0	0	0	0	0	0
"Nacoleia_sp2_M_PL_061"	0	0	0.5	0	0	0	0	0	0	0	0	0	0	0	0	0	0	0	0	0	0	0	0	0	0	0	0	0	0	0	0	0	0	0	0	0	0	0	0	0	0	0	0	0	0	0	0	0	0	0
"Orthellia_albigena"	0	0	0.5	0	0	0	0	0	0	0	0	0	0	0	0	0	0	0	0	0	0	0	0	0	0	0	0	0	0	0	0	0	0	0	0	0	0	0	0	0	0	0	0	0	0	0	0	0	0	0
"Paragus_borbonicus"	0	0	0	0	0	0	0	0	0	0	0.5	0	0	0	0	0	0	0	0	0	0	0	0	0	0	0	0	0	0	0	0	0	0	0	0	0	0	0	0	0	0	0	0	0	0	0	0	0	0	0
"Pelecophora_intemipta"	0	0.5	0	0	0	0	0	0	0	0	0	0	0	0	0	0	0	0	0	0	0	0	0	0	0	0	0	0	0	0	0	0	0	0	0	0	0	0	0	0	0	0	0	0	0	0	0	0	0	0
"Sapromyza_sp1_M_PL_061"	0	0	0.5	0	0	0	0	0	0	0	0	0	0	0	0	0	0	0	0	0	0	0	0	0	0	0	0	0	0	0	0	0	0	0	0	0	0	0	0	0	0	0	0	0	0	0	0	0	0	0
"Sepsis_lateralis"	0.5	0	0	0	0	0	0	0	0	0	0	0	0	0	0	0	0	0	0	0	0	0	0	0	0	0	0	0	0	0	0	0	0	0	0	0	0	0	0	0	0	0	0	0	0	0	0	0	0	0
"Unidentified_sp1_M_PL_061"	0	0	0	0	0	0.5	0	0	0	0	0	0	0	0	0	0	0	0	0	0	0	0	0	0	0	0	0	0	0	0	0	0	0	0	0	0	0	0	0	0	0	0	0	0	0	0	0	0	0	0
