"Medusagyne_oppositifolia"	"Nephrosperma_vanhoutteanum"	"Deckenia_nobilis"	"Psychotria_pervillei"	"Phoenicophorium_borsigianum"	"Erythroxylum_sechellarum"	"Syzygium_wrightii"	"Diospyros_seychellarum"	"Memecylon_eleagni"	"Mimusops_sechellarum"	"Canthium_bibracteatum"	"Timonius_sechellensis"	"Apis_mellifera"	"Lasioglossum_mahense"	"Ornidia_obesa"	"Nectarinia_dussumieri"	"Phelsuma_sp1_M_PL_088"	"Neophyllomyza_approximatonervis"	"Hemipyrellia_germana"	"Megachile_seychellensis"	"Geron_seychellarum"	"Unidentified_sp2_M_PL_088"	"Mabuya_sechellensis"	"Musca_domestica"	"Parasarcophaga_hirticeps"	"Rhiparida_seychellensis"	"Rhynchium_brunneum"	"Cratopus_aurostriatus"	"Eristalinus_vicarians"	"Hemipyrellia_sp1_M_PL_088"	"Lampides_boeticus"	"Lygistorrhina_sp1_M_PL_088"	"Scaptodrosophila_sp1_M_PL_088"	"Unidentified_sp1_M_PL_088"
"Medusagyne_oppositifolia"	0	0	0	0	0	0	0	0	0	0	0	0	0.305084745762712	0	0.0847457627118644	0	0	0	0.0423728813559322	0	0	0	0	0.0169491525423729	0.00847457627118644	0	0.0169491525423729	0	0.00847457627118644	0.00847457627118644	0	0	0.00847457627118644	0
"Nephrosperma_vanhoutteanum"	0	0	0	0	0	0	0	0	0	0	0	0	0.1	0.181818181818182	0.0272727272727273	0	0.0181818181818182	0.0454545454545455	0.0181818181818182	0.0363636363636364	0.0181818181818182	0.0272727272727273	0	0	0.00909090909090909	0	0	0	0	0	0	0.00909090909090909	0	0.00909090909090909
"Deckenia_nobilis"	0	0	0	0	0	0	0	0	0	0	0	0	0.4	0.04	0.02	0	0.04	0	0	0	0	0	0	0	0	0	0	0	0	0	0	0	0	0
"Psychotria_pervillei"	0	0	0	0	0	0	0	0	0	0	0	0	0.4	0	0.04	0.04	0	0.02	0	0	0	0	0	0	0	0	0	0	0	0	0	0	0	0
"Phoenicophorium_borsigianum"	0	0	0	0	0	0	0	0	0	0	0	0	0.131578947368421	0.184210526315789	0	0	0.0526315789473684	0.0526315789473684	0	0	0	0	0	0	0	0.0526315789473684	0	0.0263157894736842	0	0	0	0	0	0
"Erythroxylum_sechellarum"	0	0	0	0	0	0	0	0	0	0	0	0	0.235294117647059	0.205882352941176	0	0	0	0	0	0	0.0294117647058824	0	0	0	0	0	0	0	0	0	0.0294117647058824	0	0	0
"Syzygium_wrightii"	0	0	0	0	0	0	0	0	0	0	0	0	0	0	0	0.416666666666667	0	0	0	0	0	0	0.0833333333333333	0	0	0	0	0	0	0	0	0	0	0
"Diospyros_seychellarum"	0	0	0	0	0	0	0	0	0	0	0	0	0.375	0	0	0	0	0	0	0.125	0	0	0	0	0	0	0	0	0	0	0	0	0	0
"Memecylon_eleagni"	0	0	0	0	0	0	0	0	0	0	0	0	0.333333333333333	0.166666666666667	0	0	0	0	0	0	0	0	0	0	0	0	0	0	0	0	0	0	0	0
"Mimusops_sechellarum"	0	0	0	0	0	0	0	0	0	0	0	0	0	0	0	0.2	0.3	0	0	0	0	0	0	0	0	0	0	0	0	0	0	0	0	0
"Canthium_bibracteatum"	0	0	0	0	0	0	0	0	0	0	0	0	0.166666666666667	0.166666666666667	0	0	0	0.166666666666667	0	0	0	0	0	0	0	0	0	0	0	0	0	0	0	0
"Timonius_sechellensis"	0	0	0	0	0	0	0	0	0	0	0	0	0	0	0	0.5	0	0	0	0	0	0	0	0	0	0	0	0	0	0	0	0	0	0
"Apis_mellifera"	0.137404580152672	0.0419847328244275	0.152671755725191	0.0763358778625954	0.0190839694656489	0.0305343511450382	0	0.0229007633587786	0.0152671755725191	0	0.00381679389312977	0	0	0	0	0	0	0	0	0	0	0	0	0	0	0	0	0	0	0	0	0	0	0
"Lasioglossum_mahense"	0	0.24390243902439	0.0487804878048781	0	0.0853658536585366	0.0853658536585366	0	0	0.024390243902439	0	0.0121951219512195	0	0	0	0	0	0	0	0	0	0	0	0	0	0	0	0	0	0	0	0	0	0	0
"Ornidia_obesa"	0.294117647058824	0.0882352941176471	0.0588235294117647	0.0588235294117647	0	0	0	0	0	0	0	0	0	0	0	0	0	0	0	0	0	0	0	0	0	0	0	0	0	0	0	0	0	0
"Nectarinia_dussumieri"	0	0	0	0.0625	0	0	0.3125	0	0	0.0625	0	0.0625	0	0	0	0	0	0	0	0	0	0	0	0	0	0	0	0	0	0	0	0	0	0
"Phelsuma_sp1_M_PL_088"	0	0.0909090909090909	0.181818181818182	0	0.0909090909090909	0	0	0	0	0.136363636363636	0	0	0	0	0	0	0	0	0	0	0	0	0	0	0	0	0	0	0	0	0	0	0	0
"Neophyllomyza_approximatonervis"	0	0.277777777777778	0	0.0555555555555556	0.111111111111111	0	0	0	0	0	0.0555555555555556	0	0	0	0	0	0	0	0	0	0	0	0	0	0	0	0	0	0	0	0	0	0	0
"Hemipyrellia_germana"	0.357142857142857	0.142857142857143	0	0	0	0	0	0	0	0	0	0	0	0	0	0	0	0	0	0	0	0	0	0	0	0	0	0	0	0	0	0	0	0
"Megachile_seychellensis"	0	0.333333333333333	0	0	0	0	0	0.166666666666667	0	0	0	0	0	0	0	0	0	0	0	0	0	0	0	0	0	0	0	0	0	0	0	0	0	0
"Geron_seychellarum"	0	0.333333333333333	0	0	0	0.166666666666667	0	0	0	0	0	0	0	0	0	0	0	0	0	0	0	0	0	0	0	0	0	0	0	0	0	0	0	0
"Unidentified_sp2_M_PL_088"	0	0.5	0	0	0	0	0	0	0	0	0	0	0	0	0	0	0	0	0	0	0	0	0	0	0	0	0	0	0	0	0	0	0	0
"Mabuya_sechellensis"	0	0	0	0	0	0	0.5	0	0	0	0	0	0	0	0	0	0	0	0	0	0	0	0	0	0	0	0	0	0	0	0	0	0	0
"Musca_domestica"	0.5	0	0	0	0	0	0	0	0	0	0	0	0	0	0	0	0	0	0	0	0	0	0	0	0	0	0	0	0	0	0	0	0	0
"Parasarcophaga_hirticeps"	0.25	0.25	0	0	0	0	0	0	0	0	0	0	0	0	0	0	0	0	0	0	0	0	0	0	0	0	0	0	0	0	0	0	0	0
"Rhiparida_seychellensis"	0	0	0	0	0.5	0	0	0	0	0	0	0	0	0	0	0	0	0	0	0	0	0	0	0	0	0	0	0	0	0	0	0	0	0
"Rhynchium_brunneum"	0.5	0	0	0	0	0	0	0	0	0	0	0	0	0	0	0	0	0	0	0	0	0	0	0	0	0	0	0	0	0	0	0	0	0
"Cratopus_aurostriatus"	0	0	0	0	0.5	0	0	0	0	0	0	0	0	0	0	0	0	0	0	0	0	0	0	0	0	0	0	0	0	0	0	0	0	0
"Eristalinus_vicarians"	0.5	0	0	0	0	0	0	0	0	0	0	0	0	0	0	0	0	0	0	0	0	0	0	0	0	0	0	0	0	0	0	0	0	0
"Hemipyrellia_sp1_M_PL_088"	0.5	0	0	0	0	0	0	0	0	0	0	0	0	0	0	0	0	0	0	0	0	0	0	0	0	0	0	0	0	0	0	0	0	0
"Lampides_boeticus"	0	0	0	0	0	0.5	0	0	0	0	0	0	0	0	0	0	0	0	0	0	0	0	0	0	0	0	0	0	0	0	0	0	0	0
"Lygistorrhina_sp1_M_PL_088"	0	0.5	0	0	0	0	0	0	0	0	0	0	0	0	0	0	0	0	0	0	0	0	0	0	0	0	0	0	0	0	0	0	0	0
"Scaptodrosophila_sp1_M_PL_088"	0.5	0	0	0	0	0	0	0	0	0	0	0	0	0	0	0	0	0	0	0	0	0	0	0	0	0	0	0	0	0	0	0	0	0
"Unidentified_sp1_M_PL_088"	0	0.5	0	0	0	0	0	0	0	0	0	0	0	0	0	0	0	0	0	0	0	0	0	0	0	0	0	0	0	0	0	0	0	0
