"Sideroxylon_puberulum"	"Grangeria_borbonica"	"Badula_platiphylla"	"Helichrysum_proteoides"	"Myonima_violacea"	"Harungana_madagascariensis"	"Stillingia_lineata"	"Ochna_mauritiana"	"Olea_lancea"	"Psiadia_terebinthina"	"Aphloia_theiformis"	"Psidium_cattleianum"	"Coffea_macrocarpa"	"Homalanthus_populifolius"	"Faujasiopsis_flexuosa"	"Gaertnera_sp1_M_PL_077"	"Coffea_mauritiana"	"Gaertnera_rotundifolia"	"Warneckea_trinervis"	"Wikstroemia_indica"	"Apis_mellifera"	"Chaetocnema_sp1_M_PL_077"	"Dysauxes_florida"	"Brachymyrmex_sp1_M_PL_077"	"Stomorhina_lunata"	"Nacoleia_sp1_M_PL_077"	"Technomyrmex_albipes"	"Lygistorrhina_sp1_M_PL_077"	"Panara_naso"	"Chrysomya_megacephala"	"Eumolpinae_sp1_M_PL_077"	"Pachycerina_crinicornis"	"Polistes_hebraeus"	"Allograpta_nasuta"	"Syritta_nigrofemorata"	"Musca_domestica"	"Ornidia_obesa"	"Cerambycidae_sp1_M_PL_077"	"Cixiidae_sp1_M_PL_077"	"Eristalinus_flaveolus"	"Fannia_pusio"	"Ischiodon_aegyptius"	"Lygaeidae_sp1_M_PL_077"	"Melanostoma_bituberculatum"	"Mordellidae_sp1_M_PL_077"	"Nitidulidae_sp1_M_PL_077"	"Sarcophaga_arno"	"Villa_unifasciata"
"Sideroxylon_puberulum"	0	0	0	0	0	0	0	0	0	0	0	0	0	0	0	0	0	0	0	0	0.405405405405405	0	0	0	0.0202702702702703	0	0	0.0405405405405405	0.0135135135135135	0.00675675675675676	0	0.00675675675675676	0.00675675675675676	0	0	0	0	0	0	0	0	0	0	0	0	0	0	0
"Grangeria_borbonica"	0	0	0	0	0	0	0	0	0	0	0	0	0	0	0	0	0	0	0	0	0.16	0.16	0.08	0	0	0.03	0	0	0	0.01	0.04	0	0	0	0	0.01	0.01	0	0	0	0	0	0	0	0	0	0	0
"Badula_platiphylla"	0	0	0	0	0	0	0	0	0	0	0	0	0	0	0	0	0	0	0	0	0	0.34375	0	0.09375	0.03125	0	0	0	0	0	0	0	0	0	0	0	0	0	0	0	0	0	0	0	0	0.015625	0	0.015625
"Helichrysum_proteoides"	0	0	0	0	0	0	0	0	0	0	0	0	0	0	0	0	0	0	0	0	0.0476190476190476	0.0952380952380952	0.0476190476190476	0	0.0238095238095238	0	0	0	0.0238095238095238	0.0238095238095238	0	0.0238095238095238	0.0476190476190476	0	0.0714285714285714	0	0.0238095238095238	0	0	0	0.0238095238095238	0	0.0238095238095238	0	0	0	0.0238095238095238	0
"Myonima_violacea"	0	0	0	0	0	0	0	0	0	0	0	0	0	0	0	0	0	0	0	0	0.105263157894737	0	0.394736842105263	0	0	0	0	0	0	0	0	0	0	0	0	0	0	0	0	0	0	0	0	0	0	0	0	0
"Harungana_madagascariensis"	0	0	0	0	0	0	0	0	0	0	0	0	0	0	0	0	0	0	0	0	0	0.264705882352941	0	0.0588235294117647	0	0	0.176470588235294	0	0	0	0	0	0	0	0	0	0	0	0	0	0	0	0	0	0	0	0	0
"Stillingia_lineata"	0	0	0	0	0	0	0	0	0	0	0	0	0	0	0	0	0	0	0	0	0	0.466666666666667	0	0	0	0	0	0	0	0	0	0	0	0	0	0	0	0.0333333333333333	0	0	0	0	0	0	0	0	0	0
"Ochna_mauritiana"	0	0	0	0	0	0	0	0	0	0	0	0	0	0	0	0	0	0	0	0	0.166666666666667	0.25	0	0	0.0416666666666667	0	0	0	0	0	0	0	0.0416666666666667	0	0	0	0	0	0	0	0	0	0	0	0	0	0	0
"Olea_lancea"	0	0	0	0	0	0	0	0	0	0	0	0	0	0	0	0	0	0	0	0	0	0.454545454545455	0	0	0	0	0	0	0	0	0	0	0	0.0454545454545455	0	0	0	0	0	0	0	0	0	0	0	0	0	0
"Psiadia_terebinthina"	0	0	0	0	0	0	0	0	0	0	0	0	0	0	0	0	0	0	0	0	0.05	0.1	0	0	0.05	0	0	0	0	0.05	0	0.1	0	0	0	0.05	0	0	0	0	0	0	0	0.05	0.05	0	0	0
"Aphloia_theiformis"	0	0	0	0	0	0	0	0	0	0	0	0	0	0	0	0	0	0	0	0	0.5	0	0	0	0	0	0	0	0	0	0	0	0	0	0	0	0	0	0	0	0	0	0	0	0	0	0	0
"Psidium_cattleianum"	0	0	0	0	0	0	0	0	0	0	0	0	0	0	0	0	0	0	0	0	0	0.375	0	0	0	0	0	0	0	0	0	0	0	0	0	0	0	0	0	0.0625	0	0.0625	0	0	0	0	0	0
"Coffea_macrocarpa"	0	0	0	0	0	0	0	0	0	0	0	0	0	0	0	0	0	0	0	0	0	0.0714285714285714	0	0.0714285714285714	0	0.285714285714286	0.0714285714285714	0	0	0	0	0	0	0	0	0	0	0	0	0	0	0	0	0	0	0	0	0
"Homalanthus_populifolius"	0	0	0	0	0	0	0	0	0	0	0	0	0	0	0	0	0	0	0	0	0	0.428571428571429	0	0	0	0	0	0	0	0	0	0	0	0	0	0	0	0	0.0714285714285714	0	0	0	0	0	0	0	0	0
"Faujasiopsis_flexuosa"	0	0	0	0	0	0	0	0	0	0	0	0	0	0	0	0	0	0	0	0	0.166666666666667	0.0833333333333333	0.25	0	0	0	0	0	0	0	0	0	0	0	0	0	0	0	0	0	0	0	0	0	0	0	0	0
"Gaertnera_sp1_M_PL_077"	0	0	0	0	0	0	0	0	0	0	0	0	0	0	0	0	0	0	0	0	0.0833333333333333	0	0	0	0.0833333333333333	0	0	0	0.166666666666667	0	0	0	0	0.166666666666667	0	0	0	0	0	0	0	0	0	0	0	0	0	0
"Coffea_mauritiana"	0	0	0	0	0	0	0	0	0	0	0	0	0	0	0	0	0	0	0	0	0	0	0	0	0	0.5	0	0	0	0	0	0	0	0	0	0	0	0	0	0	0	0	0	0	0	0	0	0
"Gaertnera_rotundifolia"	0	0	0	0	0	0	0	0	0	0	0	0	0	0	0	0	0	0	0	0	0	0	0	0	0	0	0	0	0.5	0	0	0	0	0	0	0	0	0	0	0	0	0	0	0	0	0	0	0
"Warneckea_trinervis"	0	0	0	0	0	0	0	0	0	0	0	0	0	0	0	0	0	0	0	0	0.5	0	0	0	0	0	0	0	0	0	0	0	0	0	0	0	0	0	0	0	0	0	0	0	0	0	0	0
"Wikstroemia_indica"	0	0	0	0	0	0	0	0	0	0	0	0	0	0	0	0	0	0	0	0	0	0.5	0	0	0	0	0	0	0	0	0	0	0	0	0	0	0	0	0	0	0	0	0	0	0	0	0	0
"Apis_mellifera"	0.303030303030303	0.0808080808080808	0	0.0101010101010101	0.0202020202020202	0	0	0.0202020202020202	0	0.00505050505050505	0.0404040404040404	0	0	0	0.0101010101010101	0.00505050505050505	0	0	0.00505050505050505	0	0	0	0	0	0	0	0	0	0	0	0	0	0	0	0	0	0	0	0	0	0	0	0	0	0	0	0	0
"Chaetocnema_sp1_M_PL_077"	0	0.0816326530612245	0.112244897959184	0.0204081632653061	0	0.0459183673469388	0.0714285714285714	0.0306122448979592	0.0510204081632653	0.0102040816326531	0	0.0306122448979592	0.00510204081632653	0.0306122448979592	0.00510204081632653	0	0	0	0	0.00510204081632653	0	0	0	0	0	0	0	0	0	0	0	0	0	0	0	0	0	0	0	0	0	0	0	0	0	0	0	0
"Dysauxes_florida"	0	0.142857142857143	0	0.0357142857142857	0.267857142857143	0	0	0	0	0	0	0	0	0	0.0535714285714286	0	0	0	0	0	0	0	0	0	0	0	0	0	0	0	0	0	0	0	0	0	0	0	0	0	0	0	0	0	0	0	0	0
"Brachymyrmex_sp1_M_PL_077"	0	0	0.333333333333333	0	0	0.111111111111111	0	0	0	0	0	0	0.0555555555555556	0	0	0	0	0	0	0	0	0	0	0	0	0	0	0	0	0	0	0	0	0	0	0	0	0	0	0	0	0	0	0	0	0	0	0
"Stomorhina_lunata"	0.166666666666667	0	0.111111111111111	0.0555555555555556	0	0	0	0.0555555555555556	0	0.0555555555555556	0	0	0	0	0	0.0555555555555556	0	0	0	0	0	0	0	0	0	0	0	0	0	0	0	0	0	0	0	0	0	0	0	0	0	0	0	0	0	0	0	0
"Nacoleia_sp1_M_PL_077"	0	0.1875	0	0	0	0	0	0	0	0	0	0	0.25	0	0	0	0.0625	0	0	0	0	0	0	0	0	0	0	0	0	0	0	0	0	0	0	0	0	0	0	0	0	0	0	0	0	0	0	0
"Technomyrmex_albipes"	0	0	0	0	0	0.428571428571429	0	0	0	0	0	0	0.0714285714285714	0	0	0	0	0	0	0	0	0	0	0	0	0	0	0	0	0	0	0	0	0	0	0	0	0	0	0	0	0	0	0	0	0	0	0
"Lygistorrhina_sp1_M_PL_077"	0.5	0	0	0	0	0	0	0	0	0	0	0	0	0	0	0	0	0	0	0	0	0	0	0	0	0	0	0	0	0	0	0	0	0	0	0	0	0	0	0	0	0	0	0	0	0	0	0
"Panara_naso"	0.166666666666667	0	0	0.0833333333333333	0	0	0	0	0	0	0	0	0	0	0	0.166666666666667	0	0.0833333333333333	0	0	0	0	0	0	0	0	0	0	0	0	0	0	0	0	0	0	0	0	0	0	0	0	0	0	0	0	0	0
"Chrysomya_megacephala"	0.125	0.125	0	0.125	0	0	0	0	0	0.125	0	0	0	0	0	0	0	0	0	0	0	0	0	0	0	0	0	0	0	0	0	0	0	0	0	0	0	0	0	0	0	0	0	0	0	0	0	0
"Eumolpinae_sp1_M_PL_077"	0	0.5	0	0	0	0	0	0	0	0	0	0	0	0	0	0	0	0	0	0	0	0	0	0	0	0	0	0	0	0	0	0	0	0	0	0	0	0	0	0	0	0	0	0	0	0	0	0
"Pachycerina_crinicornis"	0.125	0	0	0.125	0	0	0	0	0	0.25	0	0	0	0	0	0	0	0	0	0	0	0	0	0	0	0	0	0	0	0	0	0	0	0	0	0	0	0	0	0	0	0	0	0	0	0	0	0
"Polistes_hebraeus"	0.125	0	0	0.25	0	0	0	0.125	0	0	0	0	0	0	0	0	0	0	0	0	0	0	0	0	0	0	0	0	0	0	0	0	0	0	0	0	0	0	0	0	0	0	0	0	0	0	0	0
"Allograpta_nasuta"	0	0	0	0	0	0	0	0	0.166666666666667	0	0	0	0	0	0	0.333333333333333	0	0	0	0	0	0	0	0	0	0	0	0	0	0	0	0	0	0	0	0	0	0	0	0	0	0	0	0	0	0	0	0
"Syritta_nigrofemorata"	0	0	0	0.5	0	0	0	0	0	0	0	0	0	0	0	0	0	0	0	0	0	0	0	0	0	0	0	0	0	0	0	0	0	0	0	0	0	0	0	0	0	0	0	0	0	0	0	0
"Musca_domestica"	0	0.25	0	0	0	0	0	0	0	0.25	0	0	0	0	0	0	0	0	0	0	0	0	0	0	0	0	0	0	0	0	0	0	0	0	0	0	0	0	0	0	0	0	0	0	0	0	0	0
"Ornidia_obesa"	0	0.25	0	0.25	0	0	0	0	0	0	0	0	0	0	0	0	0	0	0	0	0	0	0	0	0	0	0	0	0	0	0	0	0	0	0	0	0	0	0	0	0	0	0	0	0	0	0	0
"Cerambycidae_sp1_M_PL_077"	0	0	0	0	0	0	0.5	0	0	0	0	0	0	0	0	0	0	0	0	0	0	0	0	0	0	0	0	0	0	0	0	0	0	0	0	0	0	0	0	0	0	0	0	0	0	0	0	0
"Cixiidae_sp1_M_PL_077"	0	0	0	0	0	0	0	0	0	0	0	0	0	0.5	0	0	0	0	0	0	0	0	0	0	0	0	0	0	0	0	0	0	0	0	0	0	0	0	0	0	0	0	0	0	0	0	0	0
"Eristalinus_flaveolus"	0	0	0	0	0	0	0	0	0	0	0	0.5	0	0	0	0	0	0	0	0	0	0	0	0	0	0	0	0	0	0	0	0	0	0	0	0	0	0	0	0	0	0	0	0	0	0	0	0
"Fannia_pusio"	0	0	0	0.5	0	0	0	0	0	0	0	0	0	0	0	0	0	0	0	0	0	0	0	0	0	0	0	0	0	0	0	0	0	0	0	0	0	0	0	0	0	0	0	0	0	0	0	0
"Ischiodon_aegyptius"	0	0	0	0	0	0	0	0	0	0	0	0.5	0	0	0	0	0	0	0	0	0	0	0	0	0	0	0	0	0	0	0	0	0	0	0	0	0	0	0	0	0	0	0	0	0	0	0	0
"Lygaeidae_sp1_M_PL_077"	0	0	0	0.5	0	0	0	0	0	0	0	0	0	0	0	0	0	0	0	0	0	0	0	0	0	0	0	0	0	0	0	0	0	0	0	0	0	0	0	0	0	0	0	0	0	0	0	0
"Melanostoma_bituberculatum"	0	0	0	0	0	0	0	0	0	0.5	0	0	0	0	0	0	0	0	0	0	0	0	0	0	0	0	0	0	0	0	0	0	0	0	0	0	0	0	0	0	0	0	0	0	0	0	0	0
"Mordellidae_sp1_M_PL_077"	0	0	0	0	0	0	0	0	0	0.5	0	0	0	0	0	0	0	0	0	0	0	0	0	0	0	0	0	0	0	0	0	0	0	0	0	0	0	0	0	0	0	0	0	0	0	0	0	0
"Nitidulidae_sp1_M_PL_077"	0	0	0.5	0	0	0	0	0	0	0	0	0	0	0	0	0	0	0	0	0	0	0	0	0	0	0	0	0	0	0	0	0	0	0	0	0	0	0	0	0	0	0	0	0	0	0	0	0
"Sarcophaga_arno"	0	0	0	0.5	0	0	0	0	0	0	0	0	0	0	0	0	0	0	0	0	0	0	0	0	0	0	0	0	0	0	0	0	0	0	0	0	0	0	0	0	0	0	0	0	0	0	0	0
"Villa_unifasciata"	0	0	0.5	0	0	0	0	0	0	0	0	0	0	0	0	0	0	0	0	0	0	0	0	0	0	0	0	0	0	0	0	0	0	0	0	0	0	0	0	0	0	0	0	0	0	0	0	0
