"Sideroxylon_puberulum"	"Ochna_mauritiana"	"Myonima_violacea"	"Stillingia_lineata"	"Faujasiopsis_flexuosa"	"Bertiera_zaluzania"	"Aphloia_theiformis"	"Croton_fothergillifolius"	"Molinaea_alternifolia"	"Psiadia_terebinthina"	"Erythroxylum_macrocarpum"	"Homalanthus_populifolius"	"Psidium_cattleianum"	"Chassalia_coriacea"	"Antirhea_borbonica"	"Cordemoya_integrifolia"	"Olea_lancea"	"Apis_mellifera"	"Chaetocnema_sp1_M_PL_076"	"Dysauxes_florida"	"Technomyrmex_albipes"	"Stomorhina_lunata"	"Lygistorrhina_sp1_M_PL_076"	"Pachycerina_crinicornis"	"Polistes_hebraeus"	"Brachymyrmex_sp1_M_PL_076"	"Musca_domestica"	"Panara_naso"	"Nacoleia_sp1_M_PL_076"	"Ischiodon_aegyptius"	"Stomoxys_calcitrans"	"Fannia_pusio"	"Allograpta_nasuta"	"Chrysomya_megacephala"	"Gelechioidea_sp1_M_PL_076"	"Campopleginae_sp1_M_PL_076"	"Melanostoma_bituberculatum"	"Syritta_nigrofemorata"	"Atherigona_orientalis"	"Calopsilia_florella"	"Cratopus_psittacus"	"Cryptocephalinae_sp1_M_PL_076"	"Dioxyna_sororcula"	"Episyrphus_sp1_M_PL_076"	"Eristalinus_flaveolus"	"Gelechioidea_sp2_M_PL_076"	"Lecithoceridae_sp1_M_PL_076"	"Mauritiborium_undulatus"	"Nyctemera_insulare"	"Ornidia_obesa"	"Sarcophaga_arno"	"Siphona_sp1_M_PL_076"
"Sideroxylon_puberulum"	0	0	0	0	0	0	0	0	0	0	0	0	0	0	0	0	0	0.313559322033898	0	0.00847457627118644	0	0.0466101694915254	0.0338983050847458	0	0	0.0211864406779661	0.0254237288135593	0	0.00423728813559322	0	0.0296610169491525	0	0	0.0127118644067797	0	0	0	0	0.00423728813559322	0	0	0	0	0	0	0	0	0	0	0	0	0
"Ochna_mauritiana"	0	0	0	0	0	0	0	0	0	0	0	0	0	0	0	0	0	0.131578947368421	0.236842105263158	0	0	0.0197368421052632	0	0.00657894736842105	0.0197368421052632	0	0	0.00657894736842105	0	0.0328947368421053	0	0	0.00657894736842105	0	0	0.0131578947368421	0.0131578947368421	0.00657894736842105	0	0	0	0	0	0	0	0	0	0	0	0	0.00657894736842105	0
"Myonima_violacea"	0	0	0	0	0	0	0	0	0	0	0	0	0	0	0	0	0	0.09375	0	0.25	0	0.0416666666666667	0	0.0104166666666667	0.0208333333333333	0.0520833333333333	0	0.0208333333333333	0	0	0	0	0	0	0	0	0	0	0	0	0	0.0104166666666667	0	0	0	0	0	0	0	0	0	0
"Stillingia_lineata"	0	0	0	0	0	0	0	0	0	0	0	0	0	0	0	0	0	0	0.0857142857142857	0	0.1	0.0285714285714286	0.0285714285714286	0.185714285714286	0	0	0.0142857142857143	0	0	0.0142857142857143	0	0	0	0	0	0	0	0.0142857142857143	0	0	0.0142857142857143	0	0	0	0	0	0	0.0142857142857143	0	0	0	0
"Faujasiopsis_flexuosa"	0	0	0	0	0	0	0	0	0	0	0	0	0	0	0	0	0	0	0.0909090909090909	0.166666666666667	0	0.0303030303030303	0.0757575757575758	0.0454545454545455	0	0	0	0	0.0151515151515152	0	0	0.0606060606060606	0	0	0	0	0	0	0	0	0	0	0	0	0	0	0	0	0	0.0151515151515152	0	0
"Bertiera_zaluzania"	0	0	0	0	0	0	0	0	0	0	0	0	0	0	0	0	0	0.425925925925926	0	0.0185185185185185	0	0	0	0	0.0185185185185185	0	0	0	0	0	0	0	0	0	0	0	0	0	0	0	0	0	0	0	0	0	0	0	0.0185185185185185	0	0	0.0185185185185185
"Aphloia_theiformis"	0	0	0	0	0	0	0	0	0	0	0	0	0	0	0	0	0	0.0434782608695652	0	0.0217391304347826	0.260869565217391	0.0869565217391304	0	0.0217391304347826	0	0	0	0.0217391304347826	0	0	0	0.0217391304347826	0	0	0	0	0	0	0	0	0	0	0	0	0	0.0217391304347826	0	0	0	0	0	0
"Croton_fothergillifolius"	0	0	0	0	0	0	0	0	0	0	0	0	0	0	0	0	0	0	0.0454545454545455	0.0227272727272727	0.295454545454545	0	0	0	0	0	0	0	0.0227272727272727	0	0	0.0227272727272727	0	0	0.0909090909090909	0	0	0	0	0	0	0	0	0	0	0	0	0	0	0	0	0
"Molinaea_alternifolia"	0	0	0	0	0	0	0	0	0	0	0	0	0	0	0	0	0	0.1	0.0333333333333333	0	0	0.0333333333333333	0.0666666666666667	0	0.133333333333333	0	0	0	0	0	0	0	0	0.0666666666666667	0	0	0	0	0	0	0	0	0	0.0333333333333333	0.0333333333333333	0	0	0	0	0	0	0
"Psiadia_terebinthina"	0	0	0	0	0	0	0	0	0	0	0	0	0	0	0	0	0	0	0.05	0	0	0	0.1	0.05	0	0	0	0	0.15	0	0	0	0.05	0	0	0	0	0	0	0	0	0	0.05	0	0	0	0.05	0	0	0	0	0
"Erythroxylum_macrocarpum"	0	0	0	0	0	0	0	0	0	0	0	0	0	0	0	0	0	0	0.0555555555555556	0	0	0	0.333333333333333	0	0	0	0.0555555555555556	0	0	0	0	0	0	0	0	0	0	0	0	0.0555555555555556	0	0	0	0	0	0	0	0	0	0	0	0
"Homalanthus_populifolius"	0	0	0	0	0	0	0	0	0	0	0	0	0	0	0	0	0	0	0.0555555555555556	0	0.222222222222222	0	0	0.111111111111111	0	0	0.0555555555555556	0	0	0	0	0	0.0555555555555556	0	0	0	0	0	0	0	0	0	0	0	0	0	0	0	0	0	0	0
"Psidium_cattleianum"	0	0	0	0	0	0	0	0	0	0	0	0	0	0	0	0	0	0	0.277777777777778	0	0	0	0	0.0555555555555556	0	0	0	0	0	0.0555555555555556	0	0	0.111111111111111	0	0	0	0	0	0	0	0	0	0	0	0	0	0	0	0	0	0	0
"Chassalia_coriacea"	0	0	0	0	0	0	0	0	0	0	0	0	0	0	0	0	0	0	0	0	0	0	0	0	0.0833333333333333	0	0	0.416666666666667	0	0	0	0	0	0	0	0	0	0	0	0	0	0	0	0	0	0	0	0	0	0	0	0
"Antirhea_borbonica"	0	0	0	0	0	0	0	0	0	0	0	0	0	0	0	0	0	0	0	0	0	0	0	0	0	0	0	0	0.5	0	0	0	0	0	0	0	0	0	0	0	0	0	0	0	0	0	0	0	0	0	0	0
"Cordemoya_integrifolia"	0	0	0	0	0	0	0	0	0	0	0	0	0	0	0	0	0	0	0	0	0	0	0.5	0	0	0	0	0	0	0	0	0	0	0	0	0	0	0	0	0	0	0	0	0	0	0	0	0	0	0	0	0
"Olea_lancea"	0	0	0	0	0	0	0	0	0	0	0	0	0	0	0	0	0	0	0.5	0	0	0	0	0	0	0	0	0	0	0	0	0	0	0	0	0	0	0	0	0	0	0	0	0	0	0	0	0	0	0	0	0
"Apis_mellifera"	0.282442748091603	0.0763358778625954	0.0343511450381679	0	0	0.0877862595419847	0.00763358778625954	0	0.0114503816793893	0	0	0	0	0	0	0	0	0	0	0	0	0	0	0	0	0	0	0	0	0	0	0	0	0	0	0	0	0	0	0	0	0	0	0	0	0	0	0	0	0	0	0
"Chaetocnema_sp1_M_PL_076"	0	0.3	0	0.05	0.05	0	0	0.0166666666666667	0.00833333333333333	0.00833333333333333	0.00833333333333333	0.00833333333333333	0.0416666666666667	0	0	0	0.00833333333333333	0	0	0	0	0	0	0	0	0	0	0	0	0	0	0	0	0	0	0	0	0	0	0	0	0	0	0	0	0	0	0	0	0	0	0
"Dysauxes_florida"	0.025	0	0.3	0	0.1375	0.0125	0.0125	0.0125	0	0	0	0	0	0	0	0	0	0	0	0	0	0	0	0	0	0	0	0	0	0	0	0	0	0	0	0	0	0	0	0	0	0	0	0	0	0	0	0	0	0	0	0
"Technomyrmex_albipes"	0	0	0	0.0972222222222222	0	0	0.166666666666667	0.180555555555556	0	0	0	0.0555555555555556	0	0	0	0	0	0	0	0	0	0	0	0	0	0	0	0	0	0	0	0	0	0	0	0	0	0	0	0	0	0	0	0	0	0	0	0	0	0	0	0
"Stomorhina_lunata"	0.203703703703704	0.0555555555555556	0.0740740740740741	0.037037037037037	0.037037037037037	0	0.0740740740740741	0	0.0185185185185185	0	0	0	0	0	0	0	0	0	0	0	0	0	0	0	0	0	0	0	0	0	0	0	0	0	0	0	0	0	0	0	0	0	0	0	0	0	0	0	0	0	0	0
"Lygistorrhina_sp1_M_PL_076"	0.153846153846154	0	0	0.0384615384615385	0.0961538461538462	0	0	0	0.0384615384615385	0.0384615384615385	0.115384615384615	0	0	0	0	0.0192307692307692	0	0	0	0	0	0	0	0	0	0	0	0	0	0	0	0	0	0	0	0	0	0	0	0	0	0	0	0	0	0	0	0	0	0	0	0
"Pachycerina_crinicornis"	0	0.0217391304347826	0.0217391304347826	0.282608695652174	0.0652173913043478	0	0.0217391304347826	0	0	0.0217391304347826	0	0.0434782608695652	0.0217391304347826	0	0	0	0	0	0	0	0	0	0	0	0	0	0	0	0	0	0	0	0	0	0	0	0	0	0	0	0	0	0	0	0	0	0	0	0	0	0	0
"Polistes_hebraeus"	0	0.136363636363636	0.0909090909090909	0	0	0.0454545454545455	0	0	0.181818181818182	0	0	0	0	0.0454545454545455	0	0	0	0	0	0	0	0	0	0	0	0	0	0	0	0	0	0	0	0	0	0	0	0	0	0	0	0	0	0	0	0	0	0	0	0	0	0
"Brachymyrmex_sp1_M_PL_076"	0.25	0	0.25	0	0	0	0	0	0	0	0	0	0	0	0	0	0	0	0	0	0	0	0	0	0	0	0	0	0	0	0	0	0	0	0	0	0	0	0	0	0	0	0	0	0	0	0	0	0	0	0	0
"Musca_domestica"	0.333333333333333	0	0	0.0555555555555556	0	0	0	0	0	0	0.0555555555555556	0.0555555555555556	0	0	0	0	0	0	0	0	0	0	0	0	0	0	0	0	0	0	0	0	0	0	0	0	0	0	0	0	0	0	0	0	0	0	0	0	0	0	0	0
"Panara_naso"	0	0.0555555555555556	0.111111111111111	0	0	0	0.0555555555555556	0	0	0	0	0	0	0.277777777777778	0	0	0	0	0	0	0	0	0	0	0	0	0	0	0	0	0	0	0	0	0	0	0	0	0	0	0	0	0	0	0	0	0	0	0	0	0	0
"Nacoleia_sp1_M_PL_076"	0.0625	0	0	0	0.0625	0	0	0.0625	0	0.1875	0	0	0	0	0.125	0	0	0	0	0	0	0	0	0	0	0	0	0	0	0	0	0	0	0	0	0	0	0	0	0	0	0	0	0	0	0	0	0	0	0	0	0
"Ischiodon_aegyptius"	0	0.357142857142857	0	0.0714285714285714	0	0	0	0	0	0	0	0	0.0714285714285714	0	0	0	0	0	0	0	0	0	0	0	0	0	0	0	0	0	0	0	0	0	0	0	0	0	0	0	0	0	0	0	0	0	0	0	0	0	0	0
"Stomoxys_calcitrans"	0.5	0	0	0	0	0	0	0	0	0	0	0	0	0	0	0	0	0	0	0	0	0	0	0	0	0	0	0	0	0	0	0	0	0	0	0	0	0	0	0	0	0	0	0	0	0	0	0	0	0	0	0
"Fannia_pusio"	0	0	0	0	0.333333333333333	0	0.0833333333333333	0.0833333333333333	0	0	0	0	0	0	0	0	0	0	0	0	0	0	0	0	0	0	0	0	0	0	0	0	0	0	0	0	0	0	0	0	0	0	0	0	0	0	0	0	0	0	0	0
"Allograpta_nasuta"	0	0.1	0	0	0	0	0	0	0	0.1	0	0.1	0.2	0	0	0	0	0	0	0	0	0	0	0	0	0	0	0	0	0	0	0	0	0	0	0	0	0	0	0	0	0	0	0	0	0	0	0	0	0	0	0
"Chrysomya_megacephala"	0.3	0	0	0	0	0	0	0	0.2	0	0	0	0	0	0	0	0	0	0	0	0	0	0	0	0	0	0	0	0	0	0	0	0	0	0	0	0	0	0	0	0	0	0	0	0	0	0	0	0	0	0	0
"Gelechioidea_sp1_M_PL_076"	0	0	0	0	0	0	0	0.5	0	0	0	0	0	0	0	0	0	0	0	0	0	0	0	0	0	0	0	0	0	0	0	0	0	0	0	0	0	0	0	0	0	0	0	0	0	0	0	0	0	0	0	0
"Campopleginae_sp1_M_PL_076"	0	0.5	0	0	0	0	0	0	0	0	0	0	0	0	0	0	0	0	0	0	0	0	0	0	0	0	0	0	0	0	0	0	0	0	0	0	0	0	0	0	0	0	0	0	0	0	0	0	0	0	0	0
"Melanostoma_bituberculatum"	0	0.5	0	0	0	0	0	0	0	0	0	0	0	0	0	0	0	0	0	0	0	0	0	0	0	0	0	0	0	0	0	0	0	0	0	0	0	0	0	0	0	0	0	0	0	0	0	0	0	0	0	0
"Syritta_nigrofemorata"	0	0.25	0	0.25	0	0	0	0	0	0	0	0	0	0	0	0	0	0	0	0	0	0	0	0	0	0	0	0	0	0	0	0	0	0	0	0	0	0	0	0	0	0	0	0	0	0	0	0	0	0	0	0
"Atherigona_orientalis"	0.5	0	0	0	0	0	0	0	0	0	0	0	0	0	0	0	0	0	0	0	0	0	0	0	0	0	0	0	0	0	0	0	0	0	0	0	0	0	0	0	0	0	0	0	0	0	0	0	0	0	0	0
"Calopsilia_florella"	0	0	0	0	0	0	0	0	0	0	0.5	0	0	0	0	0	0	0	0	0	0	0	0	0	0	0	0	0	0	0	0	0	0	0	0	0	0	0	0	0	0	0	0	0	0	0	0	0	0	0	0	0
"Cratopus_psittacus"	0	0	0	0.5	0	0	0	0	0	0	0	0	0	0	0	0	0	0	0	0	0	0	0	0	0	0	0	0	0	0	0	0	0	0	0	0	0	0	0	0	0	0	0	0	0	0	0	0	0	0	0	0
"Cryptocephalinae_sp1_M_PL_076"	0	0	0.5	0	0	0	0	0	0	0	0	0	0	0	0	0	0	0	0	0	0	0	0	0	0	0	0	0	0	0	0	0	0	0	0	0	0	0	0	0	0	0	0	0	0	0	0	0	0	0	0	0
"Dioxyna_sororcula"	0	0	0	0	0	0	0	0	0	0.5	0	0	0	0	0	0	0	0	0	0	0	0	0	0	0	0	0	0	0	0	0	0	0	0	0	0	0	0	0	0	0	0	0	0	0	0	0	0	0	0	0	0
"Episyrphus_sp1_M_PL_076"	0	0	0	0	0	0	0	0	0.5	0	0	0	0	0	0	0	0	0	0	0	0	0	0	0	0	0	0	0	0	0	0	0	0	0	0	0	0	0	0	0	0	0	0	0	0	0	0	0	0	0	0	0
"Eristalinus_flaveolus"	0	0	0	0	0	0	0	0	0.5	0	0	0	0	0	0	0	0	0	0	0	0	0	0	0	0	0	0	0	0	0	0	0	0	0	0	0	0	0	0	0	0	0	0	0	0	0	0	0	0	0	0	0
"Gelechioidea_sp2_M_PL_076"	0	0	0	0	0	0	0.5	0	0	0	0	0	0	0	0	0	0	0	0	0	0	0	0	0	0	0	0	0	0	0	0	0	0	0	0	0	0	0	0	0	0	0	0	0	0	0	0	0	0	0	0	0
"Lecithoceridae_sp1_M_PL_076"	0	0	0	0	0	0	0	0	0	0.5	0	0	0	0	0	0	0	0	0	0	0	0	0	0	0	0	0	0	0	0	0	0	0	0	0	0	0	0	0	0	0	0	0	0	0	0	0	0	0	0	0	0
"Mauritiborium_undulatus"	0	0	0	0.5	0	0	0	0	0	0	0	0	0	0	0	0	0	0	0	0	0	0	0	0	0	0	0	0	0	0	0	0	0	0	0	0	0	0	0	0	0	0	0	0	0	0	0	0	0	0	0	0
"Nyctemera_insulare"	0	0	0	0	0	0.5	0	0	0	0	0	0	0	0	0	0	0	0	0	0	0	0	0	0	0	0	0	0	0	0	0	0	0	0	0	0	0	0	0	0	0	0	0	0	0	0	0	0	0	0	0	0
"Ornidia_obesa"	0	0	0	0	0.5	0	0	0	0	0	0	0	0	0	0	0	0	0	0	0	0	0	0	0	0	0	0	0	0	0	0	0	0	0	0	0	0	0	0	0	0	0	0	0	0	0	0	0	0	0	0	0
"Sarcophaga_arno"	0	0.5	0	0	0	0	0	0	0	0	0	0	0	0	0	0	0	0	0	0	0	0	0	0	0	0	0	0	0	0	0	0	0	0	0	0	0	0	0	0	0	0	0	0	0	0	0	0	0	0	0	0
"Siphona_sp1_M_PL_076"	0	0	0	0	0	0.5	0	0	0	0	0	0	0	0	0	0	0	0	0	0	0	0	0	0	0	0	0	0	0	0	0	0	0	0	0	0	0	0	0	0	0	0	0	0	0	0	0	0	0	0	0	0
