"Phoradendron_sp1_M_SD_004"	"Schefflera_morototoni"	"Cecropia_schreberiana"	"Ficus_sp1_M_SD_004"	"Guarea_guidonia"	"Cordia_sulcata"	"Alchornea_latifolia"	"Miconia_serrulata"	"Clusia_rosea"	"Anthurium_scandens"	"Miconia_affinis"	"Inga_vera"	"Musa_acuminata"	"Inga_laurina"	"Dendropemon_bicolor"	"Myrcine_coriacea"	"Syzigium_jambos"	"Andira_inermis"	"Coffea_arabica"	"Miconia_racemosa"	"Palicourea_guianensis"	"Tilandsia_sp1_M_SD_004"	"Buchenavia_capitata"	"Casearia_arborea"	"Citrus_sinensis"	"Dendropanax_arboreus"	"Henriettea_fascicularis"	"Momordica_charantia"	"Palicourea_crocea"	"Philodendron_angustatum"	"Piper_sp1_M_SD_004"	"Solanum_rugosum"	"Unidentified_sp1_M_SD_004"	"Zanthoxylum_martinicensis"	"Spindalis_portoricensis"	"Euphonia_musica"	"Nesospingus_sp1_M_SD_004"	"Loxigilla_portoricensis"	"Vireo_altiloquous"	"Melanerpes_portoricensis"	"Columba_squamosa"	"Margarops_fuscatus"	"Tyrannus_dominicensis"	"Zenaida_asiatica"	"Coereba_flaveola"	"Dendroica_tigrina"	"Vireo_flavirostris"	"Dendroica_caerulescens"	"Icterus_dominicensis"	"Myarchus_antillarum"	"Tiaris_bicolor"	"Todus_mexicanus"	"Tyrannus_caudifasciatus"	"Vireo_latimeri"
"Phoradendron_sp1_M_SD_004"	0	0	0	0	0	0	0	0	0	0	0	0	0	0	0	0	0	0	0	0	0	0	0	0	0	0	0	0	0	0	0	0	0	0	0.0625	0.34375	0.01875	0.05625	0.00625	0	0	0	0	0	0.00625	0	0.00625	0	0	0	0	0	0	0
"Schefflera_morototoni"	0	0	0	0	0	0	0	0	0	0	0	0	0	0	0	0	0	0	0	0	0	0	0	0	0	0	0	0	0	0	0	0	0	0	0.358974358974359	0.00641025641025641	0.0256410256410256	0.00641025641025641	0.0192307692307692	0	0.032051282051282	0.00641025641025641	0.0256410256410256	0	0.00641025641025641	0.00641025641025641	0	0	0	0	0	0	0.00641025641025641	0
"Cecropia_schreberiana"	0	0	0	0	0	0	0	0	0	0	0	0	0	0	0	0	0	0	0	0	0	0	0	0	0	0	0	0	0	0	0	0	0	0	0.263636363636364	0	0.0545454545454545	0.0545454545454545	0.0363636363636364	0.0272727272727273	0	0.00909090909090909	0	0	0.0181818181818182	0.0272727272727273	0	0.00909090909090909	0	0	0	0	0	0
"Ficus_sp1_M_SD_004"	0	0	0	0	0	0	0	0	0	0	0	0	0	0	0	0	0	0	0	0	0	0	0	0	0	0	0	0	0	0	0	0	0	0	0.425	0	0.05	0	0.0125	0	0	0.0125	0	0	0	0	0	0	0	0	0	0	0	0
"Guarea_guidonia"	0	0	0	0	0	0	0	0	0	0	0	0	0	0	0	0	0	0	0	0	0	0	0	0	0	0	0	0	0	0	0	0	0	0	0	0	0.0657894736842105	0.223684210526316	0.184210526315789	0	0	0.0131578947368421	0	0	0	0	0.0131578947368421	0	0	0	0	0	0	0
"Cordia_sulcata"	0	0	0	0	0	0	0	0	0	0	0	0	0	0	0	0	0	0	0	0	0	0	0	0	0	0	0	0	0	0	0	0	0	0	0.5	0	0	0	0	0	0	0	0	0	0	0	0	0	0	0	0	0	0	0
"Alchornea_latifolia"	0	0	0	0	0	0	0	0	0	0	0	0	0	0	0	0	0	0	0	0	0	0	0	0	0	0	0	0	0	0	0	0	0	0	0.0555555555555556	0	0	0.259259259259259	0.0555555555555556	0	0	0	0	0.0925925925925926	0	0	0	0	0	0	0	0.0185185185185185	0	0.0185185185185185
"Miconia_serrulata"	0	0	0	0	0	0	0	0	0	0	0	0	0	0	0	0	0	0	0	0	0	0	0	0	0	0	0	0	0	0	0	0	0	0	0.15	0.05	0.3	0	0	0	0	0	0	0	0	0	0	0	0	0	0	0	0	0
"Clusia_rosea"	0	0	0	0	0	0	0	0	0	0	0	0	0	0	0	0	0	0	0	0	0	0	0	0	0	0	0	0	0	0	0	0	0	0	0	0	0.0277777777777778	0	0.305555555555556	0.0833333333333333	0	0	0.0277777777777778	0	0	0	0	0	0.0277777777777778	0.0277777777777778	0	0	0	0
"Anthurium_scandens"	0	0	0	0	0	0	0	0	0	0	0	0	0	0	0	0	0	0	0	0	0	0	0	0	0	0	0	0	0	0	0	0	0	0	0.0294117647058824	0.470588235294118	0	0	0	0	0	0	0	0	0	0	0	0	0	0	0	0	0	0
"Miconia_affinis"	0	0	0	0	0	0	0	0	0	0	0	0	0	0	0	0	0	0	0	0	0	0	0	0	0	0	0	0	0	0	0	0	0	0	0.0769230769230769	0	0.384615384615385	0	0.0384615384615385	0	0	0	0	0	0	0	0	0	0	0	0	0	0	0
"Inga_vera"	0	0	0	0	0	0	0	0	0	0	0	0	0	0	0	0	0	0	0	0	0	0	0	0	0	0	0	0	0	0	0	0	0	0	0	0	0.444444444444444	0	0.0555555555555556	0	0	0	0	0	0	0	0	0	0	0	0	0	0	0
"Musa_acuminata"	0	0	0	0	0	0	0	0	0	0	0	0	0	0	0	0	0	0	0	0	0	0	0	0	0	0	0	0	0	0	0	0	0	0	0.0625	0	0.1875	0.25	0	0	0	0	0	0	0	0	0	0	0	0	0	0	0	0
"Inga_laurina"	0	0	0	0	0	0	0	0	0	0	0	0	0	0	0	0	0	0	0	0	0	0	0	0	0	0	0	0	0	0	0	0	0	0	0.4	0	0	0	0.1	0	0	0	0	0	0	0	0	0	0	0	0	0	0	0
"Dendropemon_bicolor"	0	0	0	0	0	0	0	0	0	0	0	0	0	0	0	0	0	0	0	0	0	0	0	0	0	0	0	0	0	0	0	0	0	0	0	0	0.375	0.125	0	0	0	0	0	0	0	0	0	0	0	0	0	0	0	0
"Myrcine_coriacea"	0	0	0	0	0	0	0	0	0	0	0	0	0	0	0	0	0	0	0	0	0	0	0	0	0	0	0	0	0	0	0	0	0	0	0	0	0.25	0.125	0.125	0	0	0	0	0	0	0	0	0	0	0	0	0	0	0
"Syzigium_jambos"	0	0	0	0	0	0	0	0	0	0	0	0	0	0	0	0	0	0	0	0	0	0	0	0	0	0	0	0	0	0	0	0	0	0	0	0	0.125	0.375	0	0	0	0	0	0	0	0	0	0	0	0	0	0	0	0
"Andira_inermis"	0	0	0	0	0	0	0	0	0	0	0	0	0	0	0	0	0	0	0	0	0	0	0	0	0	0	0	0	0	0	0	0	0	0	0.166666666666667	0	0	0	0.333333333333333	0	0	0	0	0	0	0	0	0	0	0	0	0	0	0
"Coffea_arabica"	0	0	0	0	0	0	0	0	0	0	0	0	0	0	0	0	0	0	0	0	0	0	0	0	0	0	0	0	0	0	0	0	0	0	0	0	0	0.166666666666667	0.333333333333333	0	0	0	0	0	0	0	0	0	0	0	0	0	0	0
"Miconia_racemosa"	0	0	0	0	0	0	0	0	0	0	0	0	0	0	0	0	0	0	0	0	0	0	0	0	0	0	0	0	0	0	0	0	0	0	0	0	0.333333333333333	0.166666666666667	0	0	0	0	0	0	0	0	0	0	0	0	0	0	0	0
"Palicourea_guianensis"	0	0	0	0	0	0	0	0	0	0	0	0	0	0	0	0	0	0	0	0	0	0	0	0	0	0	0	0	0	0	0	0	0	0	0	0	0.166666666666667	0.333333333333333	0	0	0	0	0	0	0	0	0	0	0	0	0	0	0	0
"Tilandsia_sp1_M_SD_004"	0	0	0	0	0	0	0	0	0	0	0	0	0	0	0	0	0	0	0	0	0	0	0	0	0	0	0	0	0	0	0	0	0	0	0	0	0.5	0	0	0	0	0	0	0	0	0	0	0	0	0	0	0	0	0
"Buchenavia_capitata"	0	0	0	0	0	0	0	0	0	0	0	0	0	0	0	0	0	0	0	0	0	0	0	0	0	0	0	0	0	0	0	0	0	0	0	0	0	0.25	0.25	0	0	0	0	0	0	0	0	0	0	0	0	0	0	0
"Casearia_arborea"	0	0	0	0	0	0	0	0	0	0	0	0	0	0	0	0	0	0	0	0	0	0	0	0	0	0	0	0	0	0	0	0	0	0	0.25	0	0.25	0	0	0	0	0	0	0	0	0	0	0	0	0	0	0	0	0
"Citrus_sinensis"	0	0	0	0	0	0	0	0	0	0	0	0	0	0	0	0	0	0	0	0	0	0	0	0	0	0	0	0	0	0	0	0	0	0	0.25	0	0.25	0	0	0	0	0	0	0	0	0	0	0	0	0	0	0	0	0
"Dendropanax_arboreus"	0	0	0	0	0	0	0	0	0	0	0	0	0	0	0	0	0	0	0	0	0	0	0	0	0	0	0	0	0	0	0	0	0	0	0.5	0	0	0	0	0	0	0	0	0	0	0	0	0	0	0	0	0	0	0
"Henriettea_fascicularis"	0	0	0	0	0	0	0	0	0	0	0	0	0	0	0	0	0	0	0	0	0	0	0	0	0	0	0	0	0	0	0	0	0	0	0	0.5	0	0	0	0	0	0	0	0	0	0	0	0	0	0	0	0	0	0
"Momordica_charantia"	0	0	0	0	0	0	0	0	0	0	0	0	0	0	0	0	0	0	0	0	0	0	0	0	0	0	0	0	0	0	0	0	0	0	0	0.5	0	0	0	0	0	0	0	0	0	0	0	0	0	0	0	0	0	0
"Palicourea_crocea"	0	0	0	0	0	0	0	0	0	0	0	0	0	0	0	0	0	0	0	0	0	0	0	0	0	0	0	0	0	0	0	0	0	0	0	0	0	0.5	0	0	0	0	0	0	0	0	0	0	0	0	0	0	0	0
"Philodendron_angustatum"	0	0	0	0	0	0	0	0	0	0	0	0	0	0	0	0	0	0	0	0	0	0	0	0	0	0	0	0	0	0	0	0	0	0	0	0	0.5	0	0	0	0	0	0	0	0	0	0	0	0	0	0	0	0	0
"Piper_sp1_M_SD_004"	0	0	0	0	0	0	0	0	0	0	0	0	0	0	0	0	0	0	0	0	0	0	0	0	0	0	0	0	0	0	0	0	0	0	0	0	0	0	0	0	0	0	0	0	0	0	0	0	0	0	0.5	0	0	0
"Solanum_rugosum"	0	0	0	0	0	0	0	0	0	0	0	0	0	0	0	0	0	0	0	0	0	0	0	0	0	0	0	0	0	0	0	0	0	0	0	0	0	0	0	0	0	0.5	0	0	0	0	0	0	0	0	0	0	0	0
"Unidentified_sp1_M_SD_004"	0	0	0	0	0	0	0	0	0	0	0	0	0	0	0	0	0	0	0	0	0	0	0	0	0	0	0	0	0	0	0	0	0	0	0	0	0.5	0	0	0	0	0	0	0	0	0	0	0	0	0	0	0	0	0
"Zanthoxylum_martinicensis"	0	0	0	0	0	0	0	0	0	0	0	0	0	0	0	0	0	0	0	0	0	0	0	0	0	0	0	0	0	0	0	0	0	0	0	0	0	0.5	0	0	0	0	0	0	0	0	0	0	0	0	0	0	0	0
"Spindalis_portoricensis"	0.0280898876404494	0.157303370786517	0.0814606741573034	0.0955056179775281	0	0.0786516853932584	0.00842696629213483	0.0168539325842697	0	0.00280898876404494	0.00561797752808989	0	0.00280898876404494	0.0112359550561798	0	0	0	0.00280898876404494	0	0	0	0	0	0.00280898876404494	0.00280898876404494	0.00280898876404494	0	0	0	0	0	0	0	0	0	0	0	0	0	0	0	0	0	0	0	0	0	0	0	0	0	0	0	0
"Euphonia_musica"	0.361842105263158	0.00657894736842105	0	0	0	0	0	0.0131578947368421	0	0.105263157894737	0	0	0	0	0	0	0	0	0	0	0	0	0	0	0	0	0.00657894736842105	0.00657894736842105	0	0	0	0	0	0	0	0	0	0	0	0	0	0	0	0	0	0	0	0	0	0	0	0	0	0
"Nesospingus_sp1_M_SD_004"	0.0208333333333333	0.0277777777777778	0.0416666666666667	0.0277777777777778	0.0347222222222222	0	0	0.0833333333333333	0.00694444444444444	0	0.0694444444444444	0.0555555555555556	0.0208333333333333	0	0.0208333333333333	0.0138888888888889	0.00694444444444444	0	0	0.0138888888888889	0.00694444444444444	0.0208333333333333	0	0.00694444444444444	0.00694444444444444	0	0	0	0	0.00694444444444444	0	0	0.00694444444444444	0	0	0	0	0	0	0	0	0	0	0	0	0	0	0	0	0	0	0	0	0
"Loxigilla_portoricensis"	0.0714285714285714	0.00793650793650794	0.0476190476190476	0	0.134920634920635	0	0.111111111111111	0	0	0	0	0	0.0317460317460317	0	0.00793650793650794	0.00793650793650794	0.0238095238095238	0	0.00793650793650794	0.00793650793650794	0.0158730158730159	0	0.00793650793650794	0	0	0	0	0	0.00793650793650794	0	0	0	0	0.00793650793650794	0	0	0	0	0	0	0	0	0	0	0	0	0	0	0	0	0	0	0	0
"Vireo_altiloquous"	0.0108695652173913	0.0326086956521739	0.0434782608695652	0.0108695652173913	0.152173913043478	0	0.0326086956521739	0	0.119565217391304	0	0.0108695652173913	0.0108695652173913	0	0.0108695652173913	0	0.0108695652173913	0	0.0217391304347826	0.0217391304347826	0	0	0	0.0108695652173913	0	0	0	0	0	0	0	0	0	0	0	0	0	0	0	0	0	0	0	0	0	0	0	0	0	0	0	0	0	0	0
"Melanerpes_portoricensis"	0	0	0.25	0	0	0	0	0	0.25	0	0	0	0	0	0	0	0	0	0	0	0	0	0	0	0	0	0	0	0	0	0	0	0	0	0	0	0	0	0	0	0	0	0	0	0	0	0	0	0	0	0	0	0	0
"Columba_squamosa"	0	0.5	0	0	0	0	0	0	0	0	0	0	0	0	0	0	0	0	0	0	0	0	0	0	0	0	0	0	0	0	0	0	0	0	0	0	0	0	0	0	0	0	0	0	0	0	0	0	0	0	0	0	0	0
"Margarops_fuscatus"	0	0.1	0.1	0.1	0.1	0	0	0	0	0	0	0	0	0	0	0	0	0	0	0	0	0	0	0	0	0	0	0	0	0	0	0.1	0	0	0	0	0	0	0	0	0	0	0	0	0	0	0	0	0	0	0	0	0	0
"Tyrannus_dominicensis"	0	0.4	0	0	0	0	0	0	0.1	0	0	0	0	0	0	0	0	0	0	0	0	0	0	0	0	0	0	0	0	0	0	0	0	0	0	0	0	0	0	0	0	0	0	0	0	0	0	0	0	0	0	0	0	0
"Zenaida_asiatica"	0	0	0	0	0	0	0.5	0	0	0	0	0	0	0	0	0	0	0	0	0	0	0	0	0	0	0	0	0	0	0	0	0	0	0	0	0	0	0	0	0	0	0	0	0	0	0	0	0	0	0	0	0	0	0
"Coereba_flaveola"	0.125	0.125	0.25	0	0	0	0	0	0	0	0	0	0	0	0	0	0	0	0	0	0	0	0	0	0	0	0	0	0	0	0	0	0	0	0	0	0	0	0	0	0	0	0	0	0	0	0	0	0	0	0	0	0	0
"Dendroica_tigrina"	0	0.125	0.375	0	0	0	0	0	0	0	0	0	0	0	0	0	0	0	0	0	0	0	0	0	0	0	0	0	0	0	0	0	0	0	0	0	0	0	0	0	0	0	0	0	0	0	0	0	0	0	0	0	0	0
"Vireo_flavirostris"	0.25	0	0	0	0.25	0	0	0	0	0	0	0	0	0	0	0	0	0	0	0	0	0	0	0	0	0	0	0	0	0	0	0	0	0	0	0	0	0	0	0	0	0	0	0	0	0	0	0	0	0	0	0	0	0
"Dendroica_caerulescens"	0	0	0.5	0	0	0	0	0	0	0	0	0	0	0	0	0	0	0	0	0	0	0	0	0	0	0	0	0	0	0	0	0	0	0	0	0	0	0	0	0	0	0	0	0	0	0	0	0	0	0	0	0	0	0
"Icterus_dominicensis"	0	0	0	0	0	0	0	0	0.5	0	0	0	0	0	0	0	0	0	0	0	0	0	0	0	0	0	0	0	0	0	0	0	0	0	0	0	0	0	0	0	0	0	0	0	0	0	0	0	0	0	0	0	0	0
"Myarchus_antillarum"	0	0	0	0	0	0	0	0	0.5	0	0	0	0	0	0	0	0	0	0	0	0	0	0	0	0	0	0	0	0	0	0	0	0	0	0	0	0	0	0	0	0	0	0	0	0	0	0	0	0	0	0	0	0	0
"Tiaris_bicolor"	0	0	0	0	0	0	0	0	0	0	0	0	0	0	0	0	0	0	0	0	0	0	0	0	0	0	0	0	0	0	0.5	0	0	0	0	0	0	0	0	0	0	0	0	0	0	0	0	0	0	0	0	0	0	0
"Todus_mexicanus"	0	0	0	0	0	0	0.5	0	0	0	0	0	0	0	0	0	0	0	0	0	0	0	0	0	0	0	0	0	0	0	0	0	0	0	0	0	0	0	0	0	0	0	0	0	0	0	0	0	0	0	0	0	0	0
"Tyrannus_caudifasciatus"	0	0.5	0	0	0	0	0	0	0	0	0	0	0	0	0	0	0	0	0	0	0	0	0	0	0	0	0	0	0	0	0	0	0	0	0	0	0	0	0	0	0	0	0	0	0	0	0	0	0	0	0	0	0	0
"Vireo_latimeri"	0	0	0	0	0	0	0.5	0	0	0	0	0	0	0	0	0	0	0	0	0	0	0	0	0	0	0	0	0	0	0	0	0	0	0	0	0	0	0	0	0	0	0	0	0	0	0	0	0	0	0	0	0	0	0
