"Marmota_caudata"	"Microtus_juldaschi"	"Apodemus_uralensis"	"Alticola_argentatus"	"Cricetulus_migratorius"	"Dryomys_nitedula"	"Rattus_turkestanicus"	"Citellophilus_lebedewi"	"Rhadinopsylla_li"	"Amphipsylla_phaiomydis"	"Oropsylla_silantiewi"	"Callopsylla_caspia"	"Pectinoctenus_nemorosa"	"Frontopsylla_elata"	"Leptopsylla_nana"	"Ceratophyllus_sinicus"	"Amphipsylla_montana"	"Neopsylla_pleskei"	"Amphipsylla_anceps"	"Ceratophyllus_sciurorum"	"Frontopsylla_ambigua"	"Nosopsyllus_simla"	"Frontopsylla_ornata"	"Amphipsylla_primaris"	"Frontopsylla_protera"	"Neopsylla_meridiana"	"Callopsylla_lagomys"	"Rhadinopsylla_altifrons"	"Paraneopsylla_ioffi"	"Leptopsylla_taschenbergi"
"Marmota_caudata"	0	0	0	0	0	0	0	0.0714285714285714	0.0714285714285714	0	0.0714285714285714	0	0	0.0714285714285714	0	0.0714285714285714	0	0	0	0	0.0714285714285714	0	0	0	0	0	0	0	0.0714285714285714	0
"Microtus_juldaschi"	0	0	0	0	0	0	0	0.0294117647058824	0	0.0294117647058824	0	0.0294117647058824	0.0294117647058824	0.0294117647058824	0.0294117647058824	0	0.0294117647058824	0.0294117647058824	0.0294117647058824	0.0294117647058824	0.0294117647058824	0	0.0294117647058824	0.0294117647058824	0.0294117647058824	0.0294117647058824	0.0294117647058824	0.0294117647058824	0	0
"Apodemus_uralensis"	0	0	0	0	0	0	0	0.03125	0	0.03125	0	0.03125	0.03125	0.03125	0.03125	0.03125	0.03125	0.03125	0.03125	0	0.03125	0	0.03125	0	0.03125	0	0	0.03125	0.03125	0.03125
"Alticola_argentatus"	0	0	0	0	0	0	0	0	0	0.0555555555555556	0	0.0555555555555556	0.0555555555555556	0.0555555555555556	0.0555555555555556	0	0.0555555555555556	0.0555555555555556	0.0555555555555556	0	0.0555555555555556	0	0	0	0	0	0	0	0	0
"Cricetulus_migratorius"	0	0	0	0	0	0	0	0.0454545454545455	0	0.0454545454545455	0	0.0454545454545455	0	0	0.0454545454545455	0	0.0454545454545455	0.0454545454545455	0.0454545454545455	0	0	0	0.0454545454545455	0.0454545454545455	0	0.0454545454545455	0	0.0454545454545455	0	0
"Dryomys_nitedula"	0	0	0	0	0	0	0	0	0	0	0	0	0	0	0	0	0	0	0	0.5	0	0	0	0	0	0	0	0	0	0
"Rattus_turkestanicus"	0	0	0	0	0	0	0	0	0	0	0	0	0	0	0	0	0	0	0	0	0	0.25	0	0	0	0	0	0	0.25	0
"Citellophilus_lebedewi"	0.125	0.125	0.125	0	0.125	0	0	0	0	0	0	0	0	0	0	0	0	0	0	0	0	0	0	0	0	0	0	0	0	0
"Rhadinopsylla_li"	0.5	0	0	0	0	0	0	0	0	0	0	0	0	0	0	0	0	0	0	0	0	0	0	0	0	0	0	0	0	0
"Amphipsylla_phaiomydis"	0	0.125	0.125	0.125	0.125	0	0	0	0	0	0	0	0	0	0	0	0	0	0	0	0	0	0	0	0	0	0	0	0	0
"Oropsylla_silantiewi"	0.5	0	0	0	0	0	0	0	0	0	0	0	0	0	0	0	0	0	0	0	0	0	0	0	0	0	0	0	0	0
"Callopsylla_caspia"	0	0.125	0.125	0.125	0.125	0	0	0	0	0	0	0	0	0	0	0	0	0	0	0	0	0	0	0	0	0	0	0	0	0
"Pectinoctenus_nemorosa"	0	0.166666666666667	0.166666666666667	0.166666666666667	0	0	0	0	0	0	0	0	0	0	0	0	0	0	0	0	0	0	0	0	0	0	0	0	0	0
"Frontopsylla_elata"	0.125	0.125	0.125	0.125	0	0	0	0	0	0	0	0	0	0	0	0	0	0	0	0	0	0	0	0	0	0	0	0	0	0
"Leptopsylla_nana"	0	0.125	0.125	0.125	0.125	0	0	0	0	0	0	0	0	0	0	0	0	0	0	0	0	0	0	0	0	0	0	0	0	0
"Ceratophyllus_sinicus"	0.25	0	0.25	0	0	0	0	0	0	0	0	0	0	0	0	0	0	0	0	0	0	0	0	0	0	0	0	0	0	0
"Amphipsylla_montana"	0	0.125	0.125	0.125	0.125	0	0	0	0	0	0	0	0	0	0	0	0	0	0	0	0	0	0	0	0	0	0	0	0	0
"Neopsylla_pleskei"	0	0.125	0.125	0.125	0.125	0	0	0	0	0	0	0	0	0	0	0	0	0	0	0	0	0	0	0	0	0	0	0	0	0
"Amphipsylla_anceps"	0	0.125	0.125	0.125	0.125	0	0	0	0	0	0	0	0	0	0	0	0	0	0	0	0	0	0	0	0	0	0	0	0	0
"Ceratophyllus_sciurorum"	0	0.25	0	0	0	0.25	0	0	0	0	0	0	0	0	0	0	0	0	0	0	0	0	0	0	0	0	0	0	0	0
"Frontopsylla_ambigua"	0.125	0.125	0.125	0.125	0	0	0	0	0	0	0	0	0	0	0	0	0	0	0	0	0	0	0	0	0	0	0	0	0	0
"Nosopsyllus_simla"	0	0	0	0	0	0	0.5	0	0	0	0	0	0	0	0	0	0	0	0	0	0	0	0	0	0	0	0	0	0	0
"Frontopsylla_ornata"	0	0.166666666666667	0.166666666666667	0	0.166666666666667	0	0	0	0	0	0	0	0	0	0	0	0	0	0	0	0	0	0	0	0	0	0	0	0	0
"Amphipsylla_primaris"	0	0.25	0	0	0.25	0	0	0	0	0	0	0	0	0	0	0	0	0	0	0	0	0	0	0	0	0	0	0	0	0
"Frontopsylla_protera"	0	0.25	0.25	0	0	0	0	0	0	0	0	0	0	0	0	0	0	0	0	0	0	0	0	0	0	0	0	0	0	0
"Neopsylla_meridiana"	0	0.25	0	0	0.25	0	0	0	0	0	0	0	0	0	0	0	0	0	0	0	0	0	0	0	0	0	0	0	0	0
"Callopsylla_lagomys"	0	0.5	0	0	0	0	0	0	0	0	0	0	0	0	0	0	0	0	0	0	0	0	0	0	0	0	0	0	0	0
"Rhadinopsylla_altifrons"	0	0.166666666666667	0.166666666666667	0	0.166666666666667	0	0	0	0	0	0	0	0	0	0	0	0	0	0	0	0	0	0	0	0	0	0	0	0	0
"Paraneopsylla_ioffi"	0.166666666666667	0	0.166666666666667	0	0	0	0.166666666666667	0	0	0	0	0	0	0	0	0	0	0	0	0	0	0	0	0	0	0	0	0	0	0
"Leptopsylla_taschenbergi"	0	0	0.5	0	0	0	0	0	0	0	0	0	0	0	0	0	0	0	0	0	0	0	0	0	0	0	0	0	0	0
