"Rhombomys_opimus"	"Meriones_libycus"	"Spermophilus_fulvus"	"Meriones_meridianus"	"Spermophilopsis_leptodactylus"	"Dipus_sagitta"	"Blanfordimys_afghanus"	"Allactaga_elater"	"Microtus_socialis"	"Cricetulus_migratorius"	"Apodemus_uralensis"	"Allactaga_severtzovi"	"Pygeretmus_pumilio"	"Calomyscus_mystax"	"Microtus_transcaspicus"	"Eremodipus_lichtensteini"	"Nesokia_indica"	"Xenopsylla_gerbilli"	"Xenopsylla_hirtipes"	"Xenopsylla_conformis"	"Citellophilus_trispinus"	"Xenopsylla_nuttalli"	"Nosopsyllus_laeviceps"	"Paradoxopsyllus_teretifrons"	"Nosopsyllus_turkmenicus"	"Coptopsylla_olgae"	"Coptopsylla_lamellifer"	"Rostropsylla_daca"	"Nosopsyllus_tersus"	"Coptopsylla_bairamalensis"	"Rhadinopsylla_cedestis"	"Stenoponia_vlasovi"	"Echidnophaga_oschanini"	"Paradoxopsyllus_repandus"	"Neopsylla_setosa"	"Ctenophthalmus_dolichus"	"Mesopsylla_eucta"	"Nosopsyllus_consimilis"	"Amphipsylla_parthiana"	"Desertopsylla_rothschildi"	"Frontopsylla_macrophthalma"	"Leptopsylla_taschenbergi"	"Ophthalmopsylla_karakum"	"Amphipsylla_schelkovnikovi"	"Ophthalmopsylla_volgensis"	"Mesopsylla_lenis"	"Amphipsylla_rossica"	"Peromyscopsylla_tikhomirovae"	"Nosopsyllus_fidus"	"Xenopsylla_persica"	"Nosopsyllus_philippovi"	"Phaenopsylla_kopetdag"	"Paradoxopsyllus_microphthalmus"	"Amphipsylla_argoi"	"Phaenopsylla_tiflovi"	"Wagnerina_schelkovnikovi"
"Rhombomys_opimus"	0	0	0	0	0	0	0	0	0	0	0	0	0	0	0	0	0	0.0277777777777778	0.0277777777777778	0.0277777777777778	0.0277777777777778	0.0277777777777778	0.0277777777777778	0.0277777777777778	0.0277777777777778	0.0277777777777778	0.0277777777777778	0.0277777777777778	0.0277777777777778	0.0277777777777778	0.0277777777777778	0.0277777777777778	0.0277777777777778	0.0277777777777778	0	0.0277777777777778	0	0	0	0	0	0	0	0	0	0	0	0	0	0	0	0	0	0	0	0
"Meriones_libycus"	0	0	0	0	0	0	0	0	0	0	0	0	0	0	0	0	0	0.0238095238095238	0.0238095238095238	0.0238095238095238	0.0238095238095238	0.0238095238095238	0.0238095238095238	0.0238095238095238	0.0238095238095238	0.0238095238095238	0.0238095238095238	0.0238095238095238	0.0238095238095238	0.0238095238095238	0.0238095238095238	0.0238095238095238	0.0238095238095238	0.0238095238095238	0.0238095238095238	0.0238095238095238	0.0238095238095238	0	0	0	0.0238095238095238	0	0	0	0	0	0	0	0	0	0	0	0	0	0	0
"Spermophilus_fulvus"	0	0	0	0	0	0	0	0	0	0	0	0	0	0	0	0	0	0.0277777777777778	0.0277777777777778	0.0277777777777778	0.0277777777777778	0.0277777777777778	0.0277777777777778	0.0277777777777778	0.0277777777777778	0	0	0.0277777777777778	0.0277777777777778	0.0277777777777778	0.0277777777777778	0.0277777777777778	0.0277777777777778	0	0.0277777777777778	0.0277777777777778	0	0	0	0.0277777777777778	0.0277777777777778	0	0	0	0	0	0	0	0	0	0	0	0	0	0	0
"Meriones_meridianus"	0	0	0	0	0	0	0	0	0	0	0	0	0	0	0	0	0	0.0208333333333333	0.0208333333333333	0.0208333333333333	0.0208333333333333	0.0208333333333333	0.0208333333333333	0.0208333333333333	0.0208333333333333	0.0208333333333333	0.0208333333333333	0.0208333333333333	0.0208333333333333	0.0208333333333333	0.0208333333333333	0.0208333333333333	0.0208333333333333	0.0208333333333333	0	0.0208333333333333	0.0208333333333333	0	0.0208333333333333	0.0208333333333333	0.0208333333333333	0	0	0	0.0208333333333333	0	0	0	0.0208333333333333	0	0	0	0	0	0	0
"Spermophilopsis_leptodactylus"	0	0	0	0	0	0	0	0	0	0	0	0	0	0	0	0	0	0.0238095238095238	0.0238095238095238	0.0238095238095238	0.0238095238095238	0.0238095238095238	0.0238095238095238	0.0238095238095238	0.0238095238095238	0.0238095238095238	0.0238095238095238	0.0238095238095238	0.0238095238095238	0.0238095238095238	0.0238095238095238	0.0238095238095238	0.0238095238095238	0	0.0238095238095238	0.0238095238095238	0.0238095238095238	0	0	0.0238095238095238	0	0	0	0	0	0	0	0	0.0238095238095238	0	0	0	0	0	0	0
"Dipus_sagitta"	0	0	0	0	0	0	0	0	0	0	0	0	0	0	0	0	0	0.0277777777777778	0.0277777777777778	0.0277777777777778	0.0277777777777778	0	0	0.0277777777777778	0.0277777777777778	0.0277777777777778	0.0277777777777778	0.0277777777777778	0.0277777777777778	0.0277777777777778	0.0277777777777778	0.0277777777777778	0.0277777777777778	0	0	0.0277777777777778	0	0	0	0.0277777777777778	0	0	0.0277777777777778	0	0.0277777777777778	0	0	0	0	0	0	0	0	0	0	0
"Blanfordimys_afghanus"	0	0	0	0	0	0	0	0	0	0	0	0	0	0	0	0	0	0.0384615384615385	0	0.0384615384615385	0	0	0.0384615384615385	0	0.0384615384615385	0.0384615384615385	0.0384615384615385	0	0	0.0384615384615385	0.0384615384615385	0.0384615384615385	0	0.0384615384615385	0	0.0384615384615385	0	0.0384615384615385	0.0384615384615385	0	0	0	0	0	0	0	0	0	0	0	0	0	0	0	0	0
"Allactaga_elater"	0	0	0	0	0	0	0	0	0	0	0	0	0	0	0	0	0	0.025	0	0.025	0.025	0.025	0.025	0	0.025	0.025	0.025	0	0	0.025	0.025	0	0.025	0.025	0.025	0.025	0.025	0	0	0	0.025	0	0	0.025	0.025	0.025	0	0	0.025	0	0	0	0	0	0	0
"Microtus_socialis"	0	0	0	0	0	0	0	0	0	0	0	0	0	0	0	0	0	0	0	0	0	0	0	0	0	0	0	0	0	0	0	0	0	0	0	0	0	0.125	0.125	0	0	0	0	0	0	0	0.125	0	0	0.125	0	0	0	0	0	0
"Cricetulus_migratorius"	0	0	0	0	0	0	0	0	0	0	0	0	0	0	0	0	0	0.0294117647058824	0	0.0294117647058824	0	0.0294117647058824	0.0294117647058824	0	0.0294117647058824	0	0.0294117647058824	0.0294117647058824	0	0	0.0294117647058824	0	0	0	0.0294117647058824	0	0	0.0294117647058824	0	0	0	0.0294117647058824	0	0.0294117647058824	0	0	0.0294117647058824	0	0.0294117647058824	0.0294117647058824	0.0294117647058824	0	0	0	0	0.0294117647058824
"Apodemus_uralensis"	0	0	0	0	0	0	0	0	0	0	0	0	0	0	0	0	0	0	0	0	0	0	0	0	0	0	0	0	0	0	0	0	0	0	0	0	0	0.25	0	0	0	0.25	0	0	0	0	0	0	0	0	0	0	0	0	0	0
"Allactaga_severtzovi"	0	0	0	0	0	0	0	0	0	0	0	0	0	0	0	0	0	0.166666666666667	0	0.166666666666667	0	0	0	0	0	0	0	0	0	0	0	0	0	0	0	0	0.166666666666667	0	0	0	0	0	0	0	0	0	0	0	0	0	0	0	0	0	0	0
"Pygeretmus_pumilio"	0	0	0	0	0	0	0	0	0	0	0	0	0	0	0	0	0	0.125	0	0.125	0	0	0	0	0	0	0	0	0	0	0	0	0	0	0	0	0.125	0	0	0	0	0	0	0	0.125	0	0	0	0	0	0	0	0	0	0	0
"Calomyscus_mystax"	0	0	0	0	0	0	0	0	0	0	0	0	0	0	0	0	0	0	0	0	0	0	0	0	0	0	0	0	0	0	0	0	0	0	0	0	0	0.0714285714285714	0	0	0	0	0	0	0	0	0	0.0714285714285714	0	0	0	0.0714285714285714	0.0714285714285714	0.0714285714285714	0.0714285714285714	0.0714285714285714
"Microtus_transcaspicus"	0	0	0	0	0	0	0	0	0	0	0	0	0	0	0	0	0	0	0	0	0	0	0	0	0	0	0	0	0	0	0	0	0	0	0	0	0	0	0	0	0	0.25	0	0	0	0	0.25	0	0	0	0	0	0	0	0	0
"Eremodipus_lichtensteini"	0	0	0	0	0	0	0	0	0	0	0	0	0	0	0	0	0	0	0.166666666666667	0.166666666666667	0	0	0	0	0	0	0	0	0	0	0	0	0	0	0	0	0	0	0	0.166666666666667	0	0	0	0	0	0	0	0	0	0	0	0	0	0	0	0
"Nesokia_indica"	0	0	0	0	0	0	0	0	0	0	0	0	0	0	0	0	0	0.0714285714285714	0	0	0	0	0.0714285714285714	0	0.0714285714285714	0.0714285714285714	0	0.0714285714285714	0	0	0	0.0714285714285714	0	0	0	0	0	0.0714285714285714	0	0	0	0	0	0	0	0	0	0	0	0	0	0	0	0	0	0
"Xenopsylla_gerbilli"	0.0416666666666667	0.0416666666666667	0.0416666666666667	0.0416666666666667	0.0416666666666667	0.0416666666666667	0.0416666666666667	0.0416666666666667	0	0.0416666666666667	0	0.0416666666666667	0.0416666666666667	0	0	0	0.0416666666666667	0	0	0	0	0	0	0	0	0	0	0	0	0	0	0	0	0	0	0	0	0	0	0	0	0	0	0	0	0	0	0	0	0	0	0	0	0	0	0
"Xenopsylla_hirtipes"	0.0714285714285714	0.0714285714285714	0.0714285714285714	0.0714285714285714	0.0714285714285714	0.0714285714285714	0	0	0	0	0	0	0	0	0	0.0714285714285714	0	0	0	0	0	0	0	0	0	0	0	0	0	0	0	0	0	0	0	0	0	0	0	0	0	0	0	0	0	0	0	0	0	0	0	0	0	0	0	0
"Xenopsylla_conformis"	0.0416666666666667	0.0416666666666667	0.0416666666666667	0.0416666666666667	0.0416666666666667	0.0416666666666667	0.0416666666666667	0.0416666666666667	0	0.0416666666666667	0	0.0416666666666667	0.0416666666666667	0	0	0.0416666666666667	0	0	0	0	0	0	0	0	0	0	0	0	0	0	0	0	0	0	0	0	0	0	0	0	0	0	0	0	0	0	0	0	0	0	0	0	0	0	0	0
"Citellophilus_trispinus"	0.0714285714285714	0.0714285714285714	0.0714285714285714	0.0714285714285714	0.0714285714285714	0.0714285714285714	0	0.0714285714285714	0	0	0	0	0	0	0	0	0	0	0	0	0	0	0	0	0	0	0	0	0	0	0	0	0	0	0	0	0	0	0	0	0	0	0	0	0	0	0	0	0	0	0	0	0	0	0	0
"Xenopsylla_nuttalli"	0.0714285714285714	0.0714285714285714	0.0714285714285714	0.0714285714285714	0.0714285714285714	0	0	0.0714285714285714	0	0.0714285714285714	0	0	0	0	0	0	0	0	0	0	0	0	0	0	0	0	0	0	0	0	0	0	0	0	0	0	0	0	0	0	0	0	0	0	0	0	0	0	0	0	0	0	0	0	0	0
"Nosopsyllus_laeviceps"	0.0555555555555556	0.0555555555555556	0.0555555555555556	0.0555555555555556	0.0555555555555556	0	0.0555555555555556	0.0555555555555556	0	0.0555555555555556	0	0	0	0	0	0	0.0555555555555556	0	0	0	0	0	0	0	0	0	0	0	0	0	0	0	0	0	0	0	0	0	0	0	0	0	0	0	0	0	0	0	0	0	0	0	0	0	0	0
"Paradoxopsyllus_teretifrons"	0.0833333333333333	0.0833333333333333	0.0833333333333333	0.0833333333333333	0.0833333333333333	0.0833333333333333	0	0	0	0	0	0	0	0	0	0	0	0	0	0	0	0	0	0	0	0	0	0	0	0	0	0	0	0	0	0	0	0	0	0	0	0	0	0	0	0	0	0	0	0	0	0	0	0	0	0
"Nosopsyllus_turkmenicus"	0.05	0.05	0.05	0.05	0.05	0.05	0.05	0.05	0	0.05	0	0	0	0	0	0	0.05	0	0	0	0	0	0	0	0	0	0	0	0	0	0	0	0	0	0	0	0	0	0	0	0	0	0	0	0	0	0	0	0	0	0	0	0	0	0	0
"Coptopsylla_olgae"	0.0625	0.0625	0	0.0625	0.0625	0.0625	0.0625	0.0625	0	0	0	0	0	0	0	0	0.0625	0	0	0	0	0	0	0	0	0	0	0	0	0	0	0	0	0	0	0	0	0	0	0	0	0	0	0	0	0	0	0	0	0	0	0	0	0	0	0
"Coptopsylla_lamellifer"	0.0625	0.0625	0	0.0625	0.0625	0.0625	0.0625	0.0625	0	0.0625	0	0	0	0	0	0	0	0	0	0	0	0	0	0	0	0	0	0	0	0	0	0	0	0	0	0	0	0	0	0	0	0	0	0	0	0	0	0	0	0	0	0	0	0	0	0
"Rostropsylla_daca"	0.0625	0.0625	0.0625	0.0625	0.0625	0.0625	0	0	0	0.0625	0	0	0	0	0	0	0.0625	0	0	0	0	0	0	0	0	0	0	0	0	0	0	0	0	0	0	0	0	0	0	0	0	0	0	0	0	0	0	0	0	0	0	0	0	0	0	0
"Nosopsyllus_tersus"	0.0833333333333333	0.0833333333333333	0.0833333333333333	0.0833333333333333	0.0833333333333333	0.0833333333333333	0	0	0	0	0	0	0	0	0	0	0	0	0	0	0	0	0	0	0	0	0	0	0	0	0	0	0	0	0	0	0	0	0	0	0	0	0	0	0	0	0	0	0	0	0	0	0	0	0	0
"Coptopsylla_bairamalensis"	0.0625	0.0625	0.0625	0.0625	0.0625	0.0625	0.0625	0.0625	0	0	0	0	0	0	0	0	0	0	0	0	0	0	0	0	0	0	0	0	0	0	0	0	0	0	0	0	0	0	0	0	0	0	0	0	0	0	0	0	0	0	0	0	0	0	0	0
"Rhadinopsylla_cedestis"	0.0555555555555556	0.0555555555555556	0.0555555555555556	0.0555555555555556	0.0555555555555556	0.0555555555555556	0.0555555555555556	0.0555555555555556	0	0.0555555555555556	0	0	0	0	0	0	0	0	0	0	0	0	0	0	0	0	0	0	0	0	0	0	0	0	0	0	0	0	0	0	0	0	0	0	0	0	0	0	0	0	0	0	0	0	0	0
"Stenoponia_vlasovi"	0.0625	0.0625	0.0625	0.0625	0.0625	0.0625	0.0625	0	0	0	0	0	0	0	0	0	0.0625	0	0	0	0	0	0	0	0	0	0	0	0	0	0	0	0	0	0	0	0	0	0	0	0	0	0	0	0	0	0	0	0	0	0	0	0	0	0	0
"Echidnophaga_oschanini"	0.0714285714285714	0.0714285714285714	0.0714285714285714	0.0714285714285714	0.0714285714285714	0.0714285714285714	0	0.0714285714285714	0	0	0	0	0	0	0	0	0	0	0	0	0	0	0	0	0	0	0	0	0	0	0	0	0	0	0	0	0	0	0	0	0	0	0	0	0	0	0	0	0	0	0	0	0	0	0	0
"Paradoxopsyllus_repandus"	0.1	0.1	0	0.1	0	0	0.1	0.1	0	0	0	0	0	0	0	0	0	0	0	0	0	0	0	0	0	0	0	0	0	0	0	0	0	0	0	0	0	0	0	0	0	0	0	0	0	0	0	0	0	0	0	0	0	0	0	0
"Neopsylla_setosa"	0	0.1	0.1	0	0.1	0	0	0.1	0	0.1	0	0	0	0	0	0	0	0	0	0	0	0	0	0	0	0	0	0	0	0	0	0	0	0	0	0	0	0	0	0	0	0	0	0	0	0	0	0	0	0	0	0	0	0	0	0
"Ctenophthalmus_dolichus"	0.0625	0.0625	0.0625	0.0625	0.0625	0.0625	0.0625	0.0625	0	0	0	0	0	0	0	0	0	0	0	0	0	0	0	0	0	0	0	0	0	0	0	0	0	0	0	0	0	0	0	0	0	0	0	0	0	0	0	0	0	0	0	0	0	0	0	0
"Mesopsylla_eucta"	0	0.0833333333333333	0	0.0833333333333333	0.0833333333333333	0	0	0.0833333333333333	0	0	0	0.0833333333333333	0.0833333333333333	0	0	0	0	0	0	0	0	0	0	0	0	0	0	0	0	0	0	0	0	0	0	0	0	0	0	0	0	0	0	0	0	0	0	0	0	0	0	0	0	0	0	0
"Nosopsyllus_consimilis"	0	0	0	0	0	0	0.0833333333333333	0	0.0833333333333333	0.0833333333333333	0.0833333333333333	0	0	0.0833333333333333	0	0	0.0833333333333333	0	0	0	0	0	0	0	0	0	0	0	0	0	0	0	0	0	0	0	0	0	0	0	0	0	0	0	0	0	0	0	0	0	0	0	0	0	0	0
"Amphipsylla_parthiana"	0	0	0	0.166666666666667	0	0	0.166666666666667	0	0.166666666666667	0	0	0	0	0	0	0	0	0	0	0	0	0	0	0	0	0	0	0	0	0	0	0	0	0	0	0	0	0	0	0	0	0	0	0	0	0	0	0	0	0	0	0	0	0	0	0
"Desertopsylla_rothschildi"	0	0	0.1	0.1	0.1	0.1	0	0	0	0	0	0	0	0	0	0.1	0	0	0	0	0	0	0	0	0	0	0	0	0	0	0	0	0	0	0	0	0	0	0	0	0	0	0	0	0	0	0	0	0	0	0	0	0	0	0	0
"Frontopsylla_macrophthalma"	0	0.125	0.125	0.125	0	0	0	0.125	0	0	0	0	0	0	0	0	0	0	0	0	0	0	0	0	0	0	0	0	0	0	0	0	0	0	0	0	0	0	0	0	0	0	0	0	0	0	0	0	0	0	0	0	0	0	0	0
"Leptopsylla_taschenbergi"	0	0	0	0	0	0	0	0	0	0.166666666666667	0.166666666666667	0	0	0	0.166666666666667	0	0	0	0	0	0	0	0	0	0	0	0	0	0	0	0	0	0	0	0	0	0	0	0	0	0	0	0	0	0	0	0	0	0	0	0	0	0	0	0	0
"Ophthalmopsylla_karakum"	0	0	0	0	0	0.5	0	0	0	0	0	0	0	0	0	0	0	0	0	0	0	0	0	0	0	0	0	0	0	0	0	0	0	0	0	0	0	0	0	0	0	0	0	0	0	0	0	0	0	0	0	0	0	0	0	0
"Amphipsylla_schelkovnikovi"	0	0	0	0	0	0	0	0.25	0	0.25	0	0	0	0	0	0	0	0	0	0	0	0	0	0	0	0	0	0	0	0	0	0	0	0	0	0	0	0	0	0	0	0	0	0	0	0	0	0	0	0	0	0	0	0	0	0
"Ophthalmopsylla_volgensis"	0	0	0	0.125	0	0.125	0	0.125	0	0	0	0	0.125	0	0	0	0	0	0	0	0	0	0	0	0	0	0	0	0	0	0	0	0	0	0	0	0	0	0	0	0	0	0	0	0	0	0	0	0	0	0	0	0	0	0	0
"Mesopsylla_lenis"	0	0	0	0	0	0	0	0.5	0	0	0	0	0	0	0	0	0	0	0	0	0	0	0	0	0	0	0	0	0	0	0	0	0	0	0	0	0	0	0	0	0	0	0	0	0	0	0	0	0	0	0	0	0	0	0	0
"Amphipsylla_rossica"	0	0	0	0	0	0	0	0	0.166666666666667	0.166666666666667	0	0	0	0	0.166666666666667	0	0	0	0	0	0	0	0	0	0	0	0	0	0	0	0	0	0	0	0	0	0	0	0	0	0	0	0	0	0	0	0	0	0	0	0	0	0	0	0	0
"Peromyscopsylla_tikhomirovae"	0	0	0	0	0	0	0	0	0	0	0	0	0	0.5	0	0	0	0	0	0	0	0	0	0	0	0	0	0	0	0	0	0	0	0	0	0	0	0	0	0	0	0	0	0	0	0	0	0	0	0	0	0	0	0	0	0
"Nosopsyllus_fidus"	0	0	0	0.125	0.125	0	0	0.125	0	0.125	0	0	0	0	0	0	0	0	0	0	0	0	0	0	0	0	0	0	0	0	0	0	0	0	0	0	0	0	0	0	0	0	0	0	0	0	0	0	0	0	0	0	0	0	0	0
"Xenopsylla_persica"	0	0	0	0	0	0	0	0	0.25	0.25	0	0	0	0	0	0	0	0	0	0	0	0	0	0	0	0	0	0	0	0	0	0	0	0	0	0	0	0	0	0	0	0	0	0	0	0	0	0	0	0	0	0	0	0	0	0
"Nosopsyllus_philippovi"	0	0	0	0	0	0	0	0	0	0.5	0	0	0	0	0	0	0	0	0	0	0	0	0	0	0	0	0	0	0	0	0	0	0	0	0	0	0	0	0	0	0	0	0	0	0	0	0	0	0	0	0	0	0	0	0	0
"Phaenopsylla_kopetdag"	0	0	0	0	0	0	0	0	0	0	0	0	0	0.5	0	0	0	0	0	0	0	0	0	0	0	0	0	0	0	0	0	0	0	0	0	0	0	0	0	0	0	0	0	0	0	0	0	0	0	0	0	0	0	0	0	0
"Paradoxopsyllus_microphthalmus"	0	0	0	0	0	0	0	0	0	0	0	0	0	0.5	0	0	0	0	0	0	0	0	0	0	0	0	0	0	0	0	0	0	0	0	0	0	0	0	0	0	0	0	0	0	0	0	0	0	0	0	0	0	0	0	0	0
"Amphipsylla_argoi"	0	0	0	0	0	0	0	0	0	0	0	0	0	0.5	0	0	0	0	0	0	0	0	0	0	0	0	0	0	0	0	0	0	0	0	0	0	0	0	0	0	0	0	0	0	0	0	0	0	0	0	0	0	0	0	0	0
"Phaenopsylla_tiflovi"	0	0	0	0	0	0	0	0	0	0	0	0	0	0.5	0	0	0	0	0	0	0	0	0	0	0	0	0	0	0	0	0	0	0	0	0	0	0	0	0	0	0	0	0	0	0	0	0	0	0	0	0	0	0	0	0	0
"Wagnerina_schelkovnikovi"	0	0	0	0	0	0	0	0	0	0.25	0	0	0	0.25	0	0	0	0	0	0	0	0	0	0	0	0	0	0	0	0	0	0	0	0	0	0	0	0	0	0	0	0	0	0	0	0	0	0	0	0	0	0	0	0	0	0
