"Clethrionomys_glareolus"	"Sorex_araneus"	"Apodemus_flavicollis"	"Apodemus_agrarius"	"Microtus_arvalis"	"Microtus_subterraneus"	"Microtus_agrestis"	"Apodemus_sylvaticus"	"Neomys_fodiens"	"Apodemus_uralensis"	"Sorex_alpinus"	"Neomys_anomalus"	"Myoxus_glis"	"Sorex_minutus"	"Crocidura_suaveolens"	"Muscardinus_avellanarius"	"Microtus_tatricus"	"Talpa_europaea"	"Arvicola_terrestris"	"Sicista_betulina"	"Dryomys_nitedula"	"Micromys_minutus"	"Ctenophthalmus_agyrtes"	"Megabothris_turbidus"	"Palaeopsylla_soricis"	"Amalaraeus_penicilliger"	"Peromyscopsylla_bidentata"	"Doratopsylla_dasycnema"	"Ctenophthalmus_assimilis"	"Peromyscopsylla_silvatica"	"Leptopsylla_segnis"	"Ctenophthalmus_solutus"	"Amalaraeus_arvicolae"	"Ctenophthalmus_uncinatus"	"Ctenophthalmus_congener"	"Hystrichopsylla_talpae"	"Hystrichopsylla_orientalis"	"Rhadinopsylla_integella"	"Ctenophthalmus_obtusus"	"Peromyscopsylla_fallax"	"Ceratophyllus_sciurorum"	"Nosopsyllus_fasciatus"	"Amphipsylla_rossica"	"Atyphloceras_nuperus"	"Rhadinopsylla_pentacantha"	"Palaeopsylla_kohauti"	"Ctenophthalmus_bisoctodentatus"
"Clethrionomys_glareolus"	0	0	0	0	0	0	0	0	0	0	0	0	0	0	0	0	0	0	0	0	0	0	0.0227272727272727	0.0227272727272727	0.0227272727272727	0.0227272727272727	0.0227272727272727	0.0227272727272727	0.0227272727272727	0.0227272727272727	0.0227272727272727	0.0227272727272727	0.0227272727272727	0.0227272727272727	0.0227272727272727	0.0227272727272727	0.0227272727272727	0.0227272727272727	0.0227272727272727	0.0227272727272727	0.0227272727272727	0.0227272727272727	0	0.0227272727272727	0.0227272727272727	0	0
"Sorex_araneus"	0	0	0	0	0	0	0	0	0	0	0	0	0	0	0	0	0	0	0	0	0	0	0.0294117647058824	0.0294117647058824	0.0294117647058824	0.0294117647058824	0.0294117647058824	0.0294117647058824	0.0294117647058824	0.0294117647058824	0.0294117647058824	0.0294117647058824	0	0.0294117647058824	0.0294117647058824	0.0294117647058824	0.0294117647058824	0.0294117647058824	0	0	0	0	0	0	0	0.0294117647058824	0.0294117647058824
"Apodemus_flavicollis"	0	0	0	0	0	0	0	0	0	0	0	0	0	0	0	0	0	0	0	0	0	0	0.025	0.025	0.025	0.025	0.025	0.025	0.025	0.025	0.025	0.025	0	0.025	0.025	0.025	0.025	0.025	0.025	0	0.025	0.025	0	0.025	0.025	0	0
"Apodemus_agrarius"	0	0	0	0	0	0	0	0	0	0	0	0	0	0	0	0	0	0	0	0	0	0	0.0333333333333333	0.0333333333333333	0.0333333333333333	0	0.0333333333333333	0	0.0333333333333333	0	0.0333333333333333	0.0333333333333333	0	0.0333333333333333	0.0333333333333333	0.0333333333333333	0.0333333333333333	0.0333333333333333	0	0.0333333333333333	0	0.0333333333333333	0	0	0	0	0.0333333333333333
"Microtus_arvalis"	0	0	0	0	0	0	0	0	0	0	0	0	0	0	0	0	0	0	0	0	0	0	0.0294117647058824	0.0294117647058824	0	0.0294117647058824	0.0294117647058824	0.0294117647058824	0.0294117647058824	0.0294117647058824	0.0294117647058824	0.0294117647058824	0.0294117647058824	0.0294117647058824	0.0294117647058824	0.0294117647058824	0.0294117647058824	0.0294117647058824	0	0	0	0.0294117647058824	0.0294117647058824	0	0	0	0
"Microtus_subterraneus"	0	0	0	0	0	0	0	0	0	0	0	0	0	0	0	0	0	0	0	0	0	0	0.0277777777777778	0.0277777777777778	0.0277777777777778	0.0277777777777778	0.0277777777777778	0	0.0277777777777778	0.0277777777777778	0.0277777777777778	0.0277777777777778	0.0277777777777778	0.0277777777777778	0.0277777777777778	0.0277777777777778	0.0277777777777778	0.0277777777777778	0	0.0277777777777778	0	0	0	0.0277777777777778	0.0277777777777778	0	0
"Microtus_agrestis"	0	0	0	0	0	0	0	0	0	0	0	0	0	0	0	0	0	0	0	0	0	0	0.025	0.025	0.025	0.025	0.025	0.025	0.025	0.025	0.025	0.025	0.025	0.025	0.025	0.025	0.025	0.025	0.025	0.025	0	0	0.025	0.025	0	0	0
"Apodemus_sylvaticus"	0	0	0	0	0	0	0	0	0	0	0	0	0	0	0	0	0	0	0	0	0	0	0.0333333333333333	0.0333333333333333	0.0333333333333333	0.0333333333333333	0	0.0333333333333333	0.0333333333333333	0	0.0333333333333333	0.0333333333333333	0	0.0333333333333333	0.0333333333333333	0.0333333333333333	0.0333333333333333	0.0333333333333333	0	0	0	0.0333333333333333	0.0333333333333333	0	0	0	0
"Neomys_fodiens"	0	0	0	0	0	0	0	0	0	0	0	0	0	0	0	0	0	0	0	0	0	0	0.0416666666666667	0.0416666666666667	0.0416666666666667	0	0.0416666666666667	0.0416666666666667	0.0416666666666667	0	0.0416666666666667	0.0416666666666667	0	0	0	0.0416666666666667	0.0416666666666667	0	0	0	0	0	0	0	0.0416666666666667	0	0.0416666666666667
"Apodemus_uralensis"	0	0	0	0	0	0	0	0	0	0	0	0	0	0	0	0	0	0	0	0	0	0	0.0625	0.0625	0	0.0625	0.0625	0.0625	0.0625	0	0	0.0625	0	0	0	0	0.0625	0	0	0	0	0	0	0	0	0	0
"Sorex_alpinus"	0	0	0	0	0	0	0	0	0	0	0	0	0	0	0	0	0	0	0	0	0	0	0.0625	0	0.0625	0	0.0625	0.0625	0.0625	0.0625	0	0	0	0	0	0.0625	0.0625	0	0	0	0	0	0	0	0	0	0
"Neomys_anomalus"	0	0	0	0	0	0	0	0	0	0	0	0	0	0	0	0	0	0	0	0	0	0	0.1	0.1	0.1	0	0.1	0.1	0	0	0	0	0	0	0	0	0	0	0	0	0	0	0	0	0	0	0
"Myoxus_glis"	0	0	0	0	0	0	0	0	0	0	0	0	0	0	0	0	0	0	0	0	0	0	0	0	0	0	0	0	0	0	0	0	0	0	0	0	0	0	0	0	0.5	0	0	0	0	0	0
"Sorex_minutus"	0	0	0	0	0	0	0	0	0	0	0	0	0	0	0	0	0	0	0	0	0	0	0.125	0	0.125	0	0	0.125	0	0.125	0	0	0	0	0	0	0	0	0	0	0	0	0	0	0	0	0
"Crocidura_suaveolens"	0	0	0	0	0	0	0	0	0	0	0	0	0	0	0	0	0	0	0	0	0	0	0	0	0	0	0	0.25	0	0	0.25	0	0	0	0	0	0	0	0	0	0	0	0	0	0	0	0
"Muscardinus_avellanarius"	0	0	0	0	0	0	0	0	0	0	0	0	0	0	0	0	0	0	0	0	0	0	0.25	0	0	0	0	0	0	0	0	0	0	0	0	0	0	0	0	0	0.25	0	0	0	0	0	0
"Microtus_tatricus"	0	0	0	0	0	0	0	0	0	0	0	0	0	0	0	0	0	0	0	0	0	0	0	0.125	0	0	0.125	0	0	0	0	0	0.125	0	0	0	0	0	0	0.125	0	0	0	0	0	0	0
"Talpa_europaea"	0	0	0	0	0	0	0	0	0	0	0	0	0	0	0	0	0	0	0	0	0	0	0.25	0	0	0	0	0	0	0	0	0	0	0	0	0	0	0	0	0	0	0	0	0	0	0	0.25
"Arvicola_terrestris"	0	0	0	0	0	0	0	0	0	0	0	0	0	0	0	0	0	0	0	0	0	0	0.25	0	0	0	0	0	0.25	0	0	0	0	0	0	0	0	0	0	0	0	0	0	0	0	0	0
"Sicista_betulina"	0	0	0	0	0	0	0	0	0	0	0	0	0	0	0	0	0	0	0	0	0	0	0	0	0	0.25	0.25	0	0	0	0	0	0	0	0	0	0	0	0	0	0	0	0	0	0	0	0
"Dryomys_nitedula"	0	0	0	0	0	0	0	0	0	0	0	0	0	0	0	0	0	0	0	0	0	0	0	0	0	0	0	0	0	0	0	0	0	0	0	0	0	0	0	0	0.5	0	0	0	0	0	0
"Micromys_minutus"	0	0	0	0	0	0	0	0	0	0	0	0	0	0	0	0	0	0	0	0	0	0	0.5	0	0	0	0	0	0	0	0	0	0	0	0	0	0	0	0	0	0	0	0	0	0	0	0
"Ctenophthalmus_agyrtes"	0.0294117647058824	0.0294117647058824	0.0294117647058824	0.0294117647058824	0.0294117647058824	0.0294117647058824	0.0294117647058824	0.0294117647058824	0.0294117647058824	0.0294117647058824	0.0294117647058824	0.0294117647058824	0	0.0294117647058824	0	0.0294117647058824	0	0.0294117647058824	0.0294117647058824	0	0	0.0294117647058824	0	0	0	0	0	0	0	0	0	0	0	0	0	0	0	0	0	0	0	0	0	0	0	0	0
"Megabothris_turbidus"	0.0416666666666667	0.0416666666666667	0.0416666666666667	0.0416666666666667	0.0416666666666667	0.0416666666666667	0.0416666666666667	0.0416666666666667	0.0416666666666667	0.0416666666666667	0	0.0416666666666667	0	0	0	0	0.0416666666666667	0	0	0	0	0	0	0	0	0	0	0	0	0	0	0	0	0	0	0	0	0	0	0	0	0	0	0	0	0	0
"Palaeopsylla_soricis"	0.0454545454545455	0.0454545454545455	0.0454545454545455	0.0454545454545455	0	0.0454545454545455	0.0454545454545455	0.0454545454545455	0.0454545454545455	0	0.0454545454545455	0.0454545454545455	0	0.0454545454545455	0	0	0	0	0	0	0	0	0	0	0	0	0	0	0	0	0	0	0	0	0	0	0	0	0	0	0	0	0	0	0	0	0
"Amalaraeus_penicilliger"	0.0555555555555556	0.0555555555555556	0.0555555555555556	0	0.0555555555555556	0.0555555555555556	0.0555555555555556	0.0555555555555556	0	0.0555555555555556	0	0	0	0	0	0	0	0	0	0.0555555555555556	0	0	0	0	0	0	0	0	0	0	0	0	0	0	0	0	0	0	0	0	0	0	0	0	0	0	0
"Peromyscopsylla_bidentata"	0.0384615384615385	0.0384615384615385	0.0384615384615385	0.0384615384615385	0.0384615384615385	0.0384615384615385	0.0384615384615385	0	0.0384615384615385	0.0384615384615385	0.0384615384615385	0.0384615384615385	0	0	0	0	0.0384615384615385	0	0	0.0384615384615385	0	0	0	0	0	0	0	0	0	0	0	0	0	0	0	0	0	0	0	0	0	0	0	0	0	0	0
"Doratopsylla_dasycnema"	0.0416666666666667	0.0416666666666667	0.0416666666666667	0	0.0416666666666667	0	0.0416666666666667	0.0416666666666667	0.0416666666666667	0.0416666666666667	0.0416666666666667	0.0416666666666667	0	0.0416666666666667	0.0416666666666667	0	0	0	0	0	0	0	0	0	0	0	0	0	0	0	0	0	0	0	0	0	0	0	0	0	0	0	0	0	0	0	0
"Ctenophthalmus_assimilis"	0.0416666666666667	0.0416666666666667	0.0416666666666667	0.0416666666666667	0.0416666666666667	0.0416666666666667	0.0416666666666667	0.0416666666666667	0.0416666666666667	0.0416666666666667	0.0416666666666667	0	0	0	0	0	0	0	0.0416666666666667	0	0	0	0	0	0	0	0	0	0	0	0	0	0	0	0	0	0	0	0	0	0	0	0	0	0	0	0
"Peromyscopsylla_silvatica"	0.0625	0.0625	0.0625	0	0.0625	0.0625	0.0625	0	0	0	0.0625	0	0	0.0625	0	0	0	0	0	0	0	0	0	0	0	0	0	0	0	0	0	0	0	0	0	0	0	0	0	0	0	0	0	0	0	0	0
"Leptopsylla_segnis"	0.05	0.05	0.05	0.05	0.05	0.05	0.05	0.05	0.05	0	0	0	0	0	0.05	0	0	0	0	0	0	0	0	0	0	0	0	0	0	0	0	0	0	0	0	0	0	0	0	0	0	0	0	0	0	0	0
"Ctenophthalmus_solutus"	0.05	0.05	0.05	0.05	0.05	0.05	0.05	0.05	0.05	0.05	0	0	0	0	0	0	0	0	0	0	0	0	0	0	0	0	0	0	0	0	0	0	0	0	0	0	0	0	0	0	0	0	0	0	0	0	0
"Amalaraeus_arvicolae"	0.1	0	0	0	0.1	0.1	0.1	0	0	0	0	0	0	0	0	0	0.1	0	0	0	0	0	0	0	0	0	0	0	0	0	0	0	0	0	0	0	0	0	0	0	0	0	0	0	0	0	0
"Ctenophthalmus_uncinatus"	0.0625	0.0625	0.0625	0.0625	0.0625	0.0625	0.0625	0.0625	0	0	0	0	0	0	0	0	0	0	0	0	0	0	0	0	0	0	0	0	0	0	0	0	0	0	0	0	0	0	0	0	0	0	0	0	0	0	0
"Ctenophthalmus_congener"	0.0625	0.0625	0.0625	0.0625	0.0625	0.0625	0.0625	0.0625	0	0	0	0	0	0	0	0	0	0	0	0	0	0	0	0	0	0	0	0	0	0	0	0	0	0	0	0	0	0	0	0	0	0	0	0	0	0	0
"Hystrichopsylla_talpae"	0.05	0.05	0.05	0.05	0.05	0.05	0.05	0.05	0.05	0	0.05	0	0	0	0	0	0	0	0	0	0	0	0	0	0	0	0	0	0	0	0	0	0	0	0	0	0	0	0	0	0	0	0	0	0	0	0
"Hystrichopsylla_orientalis"	0.0454545454545455	0.0454545454545455	0.0454545454545455	0.0454545454545455	0.0454545454545455	0.0454545454545455	0.0454545454545455	0.0454545454545455	0.0454545454545455	0.0454545454545455	0.0454545454545455	0	0	0	0	0	0	0	0	0	0	0	0	0	0	0	0	0	0	0	0	0	0	0	0	0	0	0	0	0	0	0	0	0	0	0	0
"Rhadinopsylla_integella"	0.0625	0.0625	0.0625	0.0625	0.0625	0.0625	0.0625	0.0625	0	0	0	0	0	0	0	0	0	0	0	0	0	0	0	0	0	0	0	0	0	0	0	0	0	0	0	0	0	0	0	0	0	0	0	0	0	0	0
"Ctenophthalmus_obtusus"	0.166666666666667	0	0.166666666666667	0	0	0	0.166666666666667	0	0	0	0	0	0	0	0	0	0	0	0	0	0	0	0	0	0	0	0	0	0	0	0	0	0	0	0	0	0	0	0	0	0	0	0	0	0	0	0
"Peromyscopsylla_fallax"	0.1	0	0	0.1	0	0.1	0.1	0	0	0	0	0	0	0	0	0	0.1	0	0	0	0	0	0	0	0	0	0	0	0	0	0	0	0	0	0	0	0	0	0	0	0	0	0	0	0	0	0
"Ceratophyllus_sciurorum"	0.1	0	0.1	0	0	0	0	0	0	0	0	0	0.1	0	0	0.1	0	0	0	0	0.1	0	0	0	0	0	0	0	0	0	0	0	0	0	0	0	0	0	0	0	0	0	0	0	0	0	0
"Nosopsyllus_fasciatus"	0.1	0	0.1	0.1	0.1	0	0	0.1	0	0	0	0	0	0	0	0	0	0	0	0	0	0	0	0	0	0	0	0	0	0	0	0	0	0	0	0	0	0	0	0	0	0	0	0	0	0	0
"Amphipsylla_rossica"	0	0	0	0	0.166666666666667	0	0.166666666666667	0.166666666666667	0	0	0	0	0	0	0	0	0	0	0	0	0	0	0	0	0	0	0	0	0	0	0	0	0	0	0	0	0	0	0	0	0	0	0	0	0	0	0
"Atyphloceras_nuperus"	0.125	0	0.125	0	0	0.125	0.125	0	0	0	0	0	0	0	0	0	0	0	0	0	0	0	0	0	0	0	0	0	0	0	0	0	0	0	0	0	0	0	0	0	0	0	0	0	0	0	0
"Rhadinopsylla_pentacantha"	0.125	0	0.125	0	0	0.125	0	0	0.125	0	0	0	0	0	0	0	0	0	0	0	0	0	0	0	0	0	0	0	0	0	0	0	0	0	0	0	0	0	0	0	0	0	0	0	0	0	0
"Palaeopsylla_kohauti"	0	0.5	0	0	0	0	0	0	0	0	0	0	0	0	0	0	0	0	0	0	0	0	0	0	0	0	0	0	0	0	0	0	0	0	0	0	0	0	0	0	0	0	0	0	0	0	0
"Ctenophthalmus_bisoctodentatus"	0	0.125	0	0.125	0	0	0	0	0.125	0	0	0	0	0	0	0	0	0.125	0	0	0	0	0	0	0	0	0	0	0	0	0	0	0	0	0	0	0	0	0	0	0	0	0	0	0	0	0
