"Clethrionomys_rutilus"	"Sorex_araneus"	"Neomys_fodiens"	"Microtus_arvalis"	"Microtus_oeconomus"	"Sorex_minutus"	"Microtus_gregalis"	"Microtus_agrestis"	"Sorex_caecutiens"	"Apodemus_uralensis"	"Sicista_betulina"	"Apodemus_agrarius"	"Clethrionomys_glareolus"	"Sorex_tundrensis"	"Micromys_minutus"	"Spermophilus_major"	"Ctenophthalmus_assimilis"	"Corrodopsylla_birulai"	"Palaeopsylla_soricis"	"Amalaraeus_penicilliger"	"Megabothris_walkeri"	"Hystrichopsylla_talpae"	"Neopsylla_pleskei"	"Frontopsylla_elata"	"Megabothris_turbidus"	"Peromyscopsylla_bidentata"	"Amphipsylla_kuznetzovi"	"Rhadinopsylla_integella"	"Ctenophthalmus_breviatus"	"Peromyscopsylla_silvatica"	"Amphipsylla_sibirica"	"Megabothris_rectangulatus"	"Oropsylla_ilovaiskii"
"Clethrionomys_rutilus"	0	0	0	0	0	0	0	0	0	0	0	0	0	0	0	0	0.0454545454545455	0.0454545454545455	0.0454545454545455	0.0454545454545455	0.0454545454545455	0.0454545454545455	0.0454545454545455	0.0454545454545455	0.0454545454545455	0.0454545454545455	0	0	0	0.0454545454545455	0	0	0
"Sorex_araneus"	0	0	0	0	0	0	0	0	0	0	0	0	0	0	0	0	0.0454545454545455	0.0454545454545455	0.0454545454545455	0.0454545454545455	0.0454545454545455	0.0454545454545455	0.0454545454545455	0.0454545454545455	0.0454545454545455	0.0454545454545455	0	0.0454545454545455	0	0	0	0	0
"Neomys_fodiens"	0	0	0	0	0	0	0	0	0	0	0	0	0	0	0	0	0.1	0.1	0.1	0	0.1	0.1	0	0	0	0	0	0	0	0	0	0	0
"Microtus_arvalis"	0	0	0	0	0	0	0	0	0	0	0	0	0	0	0	0	0.05	0.05	0.05	0.05	0.05	0.05	0.05	0	0.05	0.05	0.05	0	0	0	0	0	0
"Microtus_oeconomus"	0	0	0	0	0	0	0	0	0	0	0	0	0	0	0	0	0.0555555555555556	0.0555555555555556	0.0555555555555556	0.0555555555555556	0.0555555555555556	0.0555555555555556	0.0555555555555556	0.0555555555555556	0	0	0	0	0	0	0.0555555555555556	0	0
"Sorex_minutus"	0	0	0	0	0	0	0	0	0	0	0	0	0	0	0	0	0.0833333333333333	0.0833333333333333	0.0833333333333333	0.0833333333333333	0.0833333333333333	0	0	0.0833333333333333	0	0	0	0	0	0	0	0	0
"Microtus_gregalis"	0	0	0	0	0	0	0	0	0	0	0	0	0	0	0	0	0.05	0	0.05	0.05	0.05	0.05	0.05	0	0.05	0.05	0.05	0	0.05	0	0	0	0
"Microtus_agrestis"	0	0	0	0	0	0	0	0	0	0	0	0	0	0	0	0	0.0833333333333333	0	0.0833333333333333	0.0833333333333333	0.0833333333333333	0	0.0833333333333333	0.0833333333333333	0	0	0	0	0	0	0	0	0
"Sorex_caecutiens"	0	0	0	0	0	0	0	0	0	0	0	0	0	0	0	0	0.1	0.1	0.1	0.1	0	0	0	0.1	0	0	0	0	0	0	0	0	0
"Apodemus_uralensis"	0	0	0	0	0	0	0	0	0	0	0	0	0	0	0	0	0.0625	0.0625	0	0.0625	0.0625	0	0.0625	0.0625	0	0	0	0	0	0	0.0625	0.0625	0
"Sicista_betulina"	0	0	0	0	0	0	0	0	0	0	0	0	0	0	0	0	0.1	0	0	0	0.1	0	0	0.1	0.1	0.1	0	0	0	0	0	0	0
"Apodemus_agrarius"	0	0	0	0	0	0	0	0	0	0	0	0	0	0	0	0	0.125	0	0	0	0.125	0.125	0	0	0.125	0	0	0	0	0	0	0	0
"Clethrionomys_glareolus"	0	0	0	0	0	0	0	0	0	0	0	0	0	0	0	0	0.1	0.1	0	0.1	0.1	0	0	0.1	0	0	0	0	0	0	0	0	0
"Sorex_tundrensis"	0	0	0	0	0	0	0	0	0	0	0	0	0	0	0	0	0.1	0.1	0.1	0.1	0.1	0	0	0	0	0	0	0	0	0	0	0	0
"Micromys_minutus"	0	0	0	0	0	0	0	0	0	0	0	0	0	0	0	0	0	0.125	0	0.125	0.125	0	0	0	0	0.125	0	0	0	0	0	0	0
"Spermophilus_major"	0	0	0	0	0	0	0	0	0	0	0	0	0	0	0	0	0	0	0	0	0	0	0	0	0	0	0	0	0	0	0	0	0.5
"Ctenophthalmus_assimilis"	0.0357142857142857	0.0357142857142857	0.0357142857142857	0.0357142857142857	0.0357142857142857	0.0357142857142857	0.0357142857142857	0.0357142857142857	0.0357142857142857	0.0357142857142857	0.0357142857142857	0.0357142857142857	0.0357142857142857	0.0357142857142857	0	0	0	0	0	0	0	0	0	0	0	0	0	0	0	0	0	0	0
"Corrodopsylla_birulai"	0.0454545454545455	0.0454545454545455	0.0454545454545455	0.0454545454545455	0.0454545454545455	0.0454545454545455	0	0	0.0454545454545455	0.0454545454545455	0	0	0.0454545454545455	0.0454545454545455	0.0454545454545455	0	0	0	0	0	0	0	0	0	0	0	0	0	0	0	0	0	0
"Palaeopsylla_soricis"	0.05	0.05	0.05	0.05	0.05	0.05	0.05	0.05	0.05	0	0	0	0	0.05	0	0	0	0	0	0	0	0	0	0	0	0	0	0	0	0	0	0	0
"Amalaraeus_penicilliger"	0.0416666666666667	0.0416666666666667	0	0.0416666666666667	0.0416666666666667	0.0416666666666667	0.0416666666666667	0.0416666666666667	0.0416666666666667	0.0416666666666667	0	0	0.0416666666666667	0.0416666666666667	0.0416666666666667	0	0	0	0	0	0	0	0	0	0	0	0	0	0	0	0	0	0
"Megabothris_walkeri"	0.0357142857142857	0.0357142857142857	0.0357142857142857	0.0357142857142857	0.0357142857142857	0.0357142857142857	0.0357142857142857	0.0357142857142857	0	0.0357142857142857	0.0357142857142857	0.0357142857142857	0.0357142857142857	0.0357142857142857	0.0357142857142857	0	0	0	0	0	0	0	0	0	0	0	0	0	0	0	0	0	0
"Hystrichopsylla_talpae"	0.0714285714285714	0.0714285714285714	0.0714285714285714	0.0714285714285714	0.0714285714285714	0	0.0714285714285714	0	0	0	0	0.0714285714285714	0	0	0	0	0	0	0	0	0	0	0	0	0	0	0	0	0	0	0	0	0
"Neopsylla_pleskei"	0.0714285714285714	0.0714285714285714	0	0.0714285714285714	0.0714285714285714	0	0.0714285714285714	0.0714285714285714	0	0.0714285714285714	0	0	0	0	0	0	0	0	0	0	0	0	0	0	0	0	0	0	0	0	0	0	0
"Frontopsylla_elata"	0.0555555555555556	0.0555555555555556	0	0	0.0555555555555556	0.0555555555555556	0	0.0555555555555556	0.0555555555555556	0.0555555555555556	0.0555555555555556	0	0.0555555555555556	0	0	0	0	0	0	0	0	0	0	0	0	0	0	0	0	0	0	0	0
"Megabothris_turbidus"	0.0833333333333333	0.0833333333333333	0	0.0833333333333333	0	0	0.0833333333333333	0	0	0	0.0833333333333333	0.0833333333333333	0	0	0	0	0	0	0	0	0	0	0	0	0	0	0	0	0	0	0	0	0
"Peromyscopsylla_bidentata"	0.0833333333333333	0.0833333333333333	0	0.0833333333333333	0	0	0.0833333333333333	0	0	0	0.0833333333333333	0	0	0	0.0833333333333333	0	0	0	0	0	0	0	0	0	0	0	0	0	0	0	0	0	0
"Amphipsylla_kuznetzovi"	0	0	0	0.25	0	0	0.25	0	0	0	0	0	0	0	0	0	0	0	0	0	0	0	0	0	0	0	0	0	0	0	0	0	0
"Rhadinopsylla_integella"	0	0.5	0	0	0	0	0	0	0	0	0	0	0	0	0	0	0	0	0	0	0	0	0	0	0	0	0	0	0	0	0	0	0
"Ctenophthalmus_breviatus"	0	0	0	0	0	0	0.5	0	0	0	0	0	0	0	0	0	0	0	0	0	0	0	0	0	0	0	0	0	0	0	0	0	0
"Peromyscopsylla_silvatica"	0.5	0	0	0	0	0	0	0	0	0	0	0	0	0	0	0	0	0	0	0	0	0	0	0	0	0	0	0	0	0	0	0	0
"Amphipsylla_sibirica"	0	0	0	0	0.25	0	0	0	0	0.25	0	0	0	0	0	0	0	0	0	0	0	0	0	0	0	0	0	0	0	0	0	0	0
"Megabothris_rectangulatus"	0	0	0	0	0	0	0	0	0	0.5	0	0	0	0	0	0	0	0	0	0	0	0	0	0	0	0	0	0	0	0	0	0	0
"Oropsylla_ilovaiskii"	0	0	0	0	0	0	0	0	0	0	0	0	0	0	0	0.5	0	0	0	0	0	0	0	0	0	0	0	0	0	0	0	0	0
