"Themeda"	"Cynodon"	"Sporobolus"	"Brachiaria"	"Sedges"	"Elyonorus"	"Hyparrhenia"	"Harpachne"	"Aristida"	"Solanum"	"Indigofera"	"Croton"	"Acacia"	"Sida"	"Grewia"	"Olea"	"Hibiscus"	"T._Gazelle"	"G._gazelle"	"Impala"	"Kongoni"	"Topi"	"Wilde-beest"	"Zebra"	"Giraffe"	"Buffalo"	"Elephant"
"Themeda"	0	0	0	0	0	0	0	0	0	0	0	0	0	0	0	0	0	0.0555555555555556	0.0555555555555556	0.0555555555555556	0.0555555555555556	0.0555555555555556	0.0555555555555556	0.0555555555555556	0	0.0555555555555556	0.0555555555555556
"Cynodon"	0	0	0	0	0	0	0	0	0	0	0	0	0	0	0	0	0	0.0625	0.0625	0	0.0625	0.0625	0.0625	0.0625	0	0.0625	0.0625
"Sporobolus"	0	0	0	0	0	0	0	0	0	0	0	0	0	0	0	0	0	0.0555555555555556	0.0555555555555556	0.0555555555555556	0.0555555555555556	0.0555555555555556	0.0555555555555556	0.0555555555555556	0	0.0555555555555556	0.0555555555555556
"Brachiaria"	0	0	0	0	0	0	0	0	0	0	0	0	0	0	0	0	0	0.0555555555555556	0.0555555555555556	0.0555555555555556	0.0555555555555556	0.0555555555555556	0.0555555555555556	0.0555555555555556	0	0.0555555555555556	0.0555555555555556
"Sedges"	0	0	0	0	0	0	0	0	0	0	0	0	0	0	0	0	0	0.0555555555555556	0.0555555555555556	0.0555555555555556	0.0555555555555556	0.0555555555555556	0.0555555555555556	0.0555555555555556	0	0.0555555555555556	0.0555555555555556
"Elyonorus"	0	0	0	0	0	0	0	0	0	0	0	0	0	0	0	0	0	0.1	0	0	0.1	0.1	0.1	0.1	0	0	0
"Hyparrhenia"	0	0	0	0	0	0	0	0	0	0	0	0	0	0	0	0	0	0	0.0714285714285714	0.0714285714285714	0.0714285714285714	0.0714285714285714	0.0714285714285714	0.0714285714285714	0	0.0714285714285714	0
"Harpachne"	0	0	0	0	0	0	0	0	0	0	0	0	0	0	0	0	0	0.0555555555555556	0.0555555555555556	0.0555555555555556	0.0555555555555556	0.0555555555555556	0.0555555555555556	0.0555555555555556	0	0.0555555555555556	0.0555555555555556
"Aristida"	0	0	0	0	0	0	0	0	0	0	0	0	0	0	0	0	0	0.0555555555555556	0.0555555555555556	0.0555555555555556	0.0555555555555556	0.0555555555555556	0.0555555555555556	0.0555555555555556	0	0.0555555555555556	0.0555555555555556
"Solanum"	0	0	0	0	0	0	0	0	0	0	0	0	0	0	0	0	0	0.0555555555555556	0.0555555555555556	0.0555555555555556	0.0555555555555556	0	0.0555555555555556	0.0555555555555556	0.0555555555555556	0.0555555555555556	0.0555555555555556
"Indigofera"	0	0	0	0	0	0	0	0	0	0	0	0	0	0	0	0	0	0.166666666666667	0.166666666666667	0	0	0	0.166666666666667	0	0	0	0
"Croton"	0	0	0	0	0	0	0	0	0	0	0	0	0	0	0	0	0	0	0	0.166666666666667	0	0	0	0	0.166666666666667	0	0.166666666666667
"Acacia"	0	0	0	0	0	0	0	0	0	0	0	0	0	0	0	0	0	0	0	0.166666666666667	0	0	0	0	0.166666666666667	0	0.166666666666667
"Sida"	0	0	0	0	0	0	0	0	0	0	0	0	0	0	0	0	0	0.0833333333333333	0.0833333333333333	0.0833333333333333	0.0833333333333333	0	0.0833333333333333	0	0	0	0.0833333333333333
"Grewia"	0	0	0	0	0	0	0	0	0	0	0	0	0	0	0	0	0	0	0.1	0.1	0	0	0	0	0.1	0.1	0.1
"Olea"	0	0	0	0	0	0	0	0	0	0	0	0	0	0	0	0	0	0	0	0	0	0	0	0	0.5	0	0
"Hibiscus"	0	0	0	0	0	0	0	0	0	0	0	0	0	0	0	0	0	0.0714285714285714	0.0714285714285714	0.0714285714285714	0	0.0714285714285714	0	0	0.0714285714285714	0.0714285714285714	0.0714285714285714
"T._Gazelle"	0.0416666666666667	0.0416666666666667	0.0416666666666667	0.0416666666666667	0.0416666666666667	0.0416666666666667	0	0.0416666666666667	0.0416666666666667	0.0416666666666667	0.0416666666666667	0	0	0.0416666666666667	0	0	0.0416666666666667	0	0	0	0	0	0	0	0	0	0
"G._gazelle"	0.0384615384615385	0.0384615384615385	0.0384615384615385	0.0384615384615385	0.0384615384615385	0	0.0384615384615385	0.0384615384615385	0.0384615384615385	0.0384615384615385	0.0384615384615385	0	0	0.0384615384615385	0.0384615384615385	0	0.0384615384615385	0	0	0	0	0	0	0	0	0	0
"Impala"	0.0384615384615385	0	0.0384615384615385	0.0384615384615385	0.0384615384615385	0	0.0384615384615385	0.0384615384615385	0.0384615384615385	0.0384615384615385	0	0.0384615384615385	0.0384615384615385	0.0384615384615385	0.0384615384615385	0	0.0384615384615385	0	0	0	0	0	0	0	0	0	0
"Kongoni"	0.0454545454545455	0.0454545454545455	0.0454545454545455	0.0454545454545455	0.0454545454545455	0.0454545454545455	0.0454545454545455	0.0454545454545455	0.0454545454545455	0.0454545454545455	0	0	0	0.0454545454545455	0	0	0	0	0	0	0	0	0	0	0	0	0
"Topi"	0.05	0.05	0.05	0.05	0.05	0.05	0.05	0.05	0.05	0	0	0	0	0	0	0	0.05	0	0	0	0	0	0	0	0	0	0
"Wilde-beest"	0.0416666666666667	0.0416666666666667	0.0416666666666667	0.0416666666666667	0.0416666666666667	0.0416666666666667	0.0416666666666667	0.0416666666666667	0.0416666666666667	0.0416666666666667	0.0416666666666667	0	0	0.0416666666666667	0	0	0	0	0	0	0	0	0	0	0	0	0
"Zebra"	0.05	0.05	0.05	0.05	0.05	0.05	0.05	0.05	0.05	0.05	0	0	0	0	0	0	0	0	0	0	0	0	0	0	0	0	0
"Giraffe"	0	0	0	0	0	0	0	0	0	0.0833333333333333	0	0.0833333333333333	0.0833333333333333	0	0.0833333333333333	0.0833333333333333	0.0833333333333333	0	0	0	0	0	0	0	0	0	0
"Buffalo"	0.0454545454545455	0.0454545454545455	0.0454545454545455	0.0454545454545455	0.0454545454545455	0	0.0454545454545455	0.0454545454545455	0.0454545454545455	0.0454545454545455	0	0	0	0	0.0454545454545455	0	0.0454545454545455	0	0	0	0	0	0	0	0	0	0
"Elephant"	0.0384615384615385	0.0384615384615385	0.0384615384615385	0.0384615384615385	0.0384615384615385	0	0	0.0384615384615385	0.0384615384615385	0.0384615384615385	0	0.0384615384615385	0.0384615384615385	0.0384615384615385	0.0384615384615385	0	0.0384615384615385	0	0	0	0	0	0	0	0	0	0
