"Sideroxylon_cinereum"	"Molinaea_alternifolia"	"Psiadia_terebinthina"	"Toddalia_asiatica"	"Bertiera_zaluzania"	"Croton_fothergillifolius"	"Stillingia_lineata"	"Homalanthus_populifolius"	"Erythroxylum_macrocarpum"	"Dodonaea_viscosa"	"Aphloia_theiformis"	"Antirhea_borbonica"	"Chassalia_coriacea"	"Trochetia_blackburniana"	"Chaetocnema_sp1_M_PL_074"	"Apis_mellifera"	"Stomorhina_lunata"	"Fannia_pusio"	"Technomyrmex_albipes"	"Dysauxes_florida"	"Lygaeidae_sp1_M_PL_074"	"Pachycerina_crinicornis"	"Brachymyrmex_sp1_M_PL_074"	"Allograpta_nasuta"	"Lygistorrhina_sp1_M_PL_074"	"Leptotes_pirithous"	"Villa_unifasciata"	"Dioxyna_sororcula"	"Ophyra_capensis"	"Musca_domestica"	"Polistes_hebraeus"	"Stomoxys_niger"	"Syritta_nigrofemorata"	"Panara_naso"	"Chrysomya_megacephala"	"Nacoleia_sp1_M_PL_074"	"Ahasverus_advena"	"Eristalinus_flaveolus"	"Syritta_bulbus"	"Episyrphus_sp1_M_PL_074"	"Gelechioidea_sp2_M_PL_074"	"Mauritiborium_undulatus"	"Orthellia_albigena"	"Pelecophora_intemipta"	"Sarcophaga_arno"	"Stomoxys_calcitrans"	"Gelechioidea_sp1_M_PL_074"	"Palexorista_sp1_M_PL_074"	"Scatopsidae_sp1_M_PL_074"	"Scirtidae_sp1_M_PL_074"	"Unidentified_sp1_M_PL_074"
"Sideroxylon_cinereum"	0	0	0	0	0	0	0	0	0	0	0	0	0	0	0	0.0384615384615385	0.0384615384615385	0.0384615384615385	0	0.0384615384615385	0	0	0	0	0	0	0	0	0.0384615384615385	0	0.0384615384615385	0.0384615384615385	0	0	0.0384615384615385	0.0384615384615385	0	0.0384615384615385	0	0.0384615384615385	0	0	0.0384615384615385	0	0.0384615384615385	0	0	0	0	0	0
"Molinaea_alternifolia"	0	0	0	0	0	0	0	0	0	0	0	0	0	0	0.0357142857142857	0.0357142857142857	0.0357142857142857	0.0357142857142857	0.0357142857142857	0.0357142857142857	0	0	0	0.0357142857142857	0	0.0357142857142857	0	0	0.0357142857142857	0.0357142857142857	0.0357142857142857	0	0.0357142857142857	0	0.0357142857142857	0	0	0	0	0	0	0	0	0.0357142857142857	0	0	0	0	0	0	0
"Psiadia_terebinthina"	0	0	0	0	0	0	0	0	0	0	0	0	0	0	0.0263157894736842	0	0.0263157894736842	0	0	0.0263157894736842	0.0263157894736842	0.0263157894736842	0.0263157894736842	0.0263157894736842	0.0263157894736842	0.0263157894736842	0.0263157894736842	0.0263157894736842	0	0	0	0.0263157894736842	0.0263157894736842	0.0263157894736842	0	0.0263157894736842	0	0	0.0263157894736842	0	0.0263157894736842	0.0263157894736842	0	0	0	0	0	0	0	0	0.0263157894736842
"Toddalia_asiatica"	0	0	0	0	0	0	0	0	0	0	0	0	0	0	0.0625	0	0.0625	0	0.0625	0.0625	0	0.0625	0	0	0	0	0	0.0625	0	0	0.0625	0	0	0	0	0	0	0	0	0	0	0.0625	0	0	0	0	0	0	0	0	0
"Bertiera_zaluzania"	0	0	0	0	0	0	0	0	0	0	0	0	0	0	0	0.0833333333333333	0.0833333333333333	0	0.0833333333333333	0	0	0	0	0.0833333333333333	0	0	0	0	0	0.0833333333333333	0	0	0.0833333333333333	0	0	0	0	0	0	0	0	0	0	0	0	0	0	0	0	0	0
"Croton_fothergillifolius"	0	0	0	0	0	0	0	0	0	0	0	0	0	0	0.0357142857142857	0	0.0357142857142857	0	0.0357142857142857	0.0357142857142857	0	0	0	0.0357142857142857	0.0357142857142857	0	0.0357142857142857	0.0357142857142857	0	0.0357142857142857	0	0	0.0357142857142857	0	0	0	0.0357142857142857	0	0	0	0	0	0	0	0	0.0357142857142857	0.0357142857142857	0	0	0.0357142857142857	0
"Stillingia_lineata"	0	0	0	0	0	0	0	0	0	0	0	0	0	0	0.0714285714285714	0	0.0714285714285714	0.0714285714285714	0	0	0	0.0714285714285714	0.0714285714285714	0	0	0	0	0	0	0	0	0	0.0714285714285714	0	0	0	0	0	0	0.0714285714285714	0	0	0	0	0	0	0	0	0	0	0
"Homalanthus_populifolius"	0	0	0	0	0	0	0	0	0	0	0	0	0	0	0.0625	0	0.0625	0.0625	0	0	0	0	0	0.0625	0	0	0.0625	0	0	0.0625	0	0.0625	0	0	0	0	0	0	0	0	0	0	0	0	0	0	0	0.0625	0	0	0
"Erythroxylum_macrocarpum"	0	0	0	0	0	0	0	0	0	0	0	0	0	0	0.0454545454545455	0.0454545454545455	0.0454545454545455	0	0	0.0454545454545455	0	0	0	0.0454545454545455	0.0454545454545455	0	0	0	0	0.0454545454545455	0	0.0454545454545455	0	0	0	0	0	0.0454545454545455	0	0	0	0	0	0	0	0.0454545454545455	0	0	0.0454545454545455	0	0
"Dodonaea_viscosa"	0	0	0	0	0	0	0	0	0	0	0	0	0	0	0.0833333333333333	0	0.0833333333333333	0	0	0	0	0.0833333333333333	0	0	0	0	0	0.0833333333333333	0	0	0	0	0	0	0	0	0	0	0	0.0833333333333333	0	0.0833333333333333	0	0	0	0	0	0	0	0	0
"Aphloia_theiformis"	0	0	0	0	0	0	0	0	0	0	0	0	0	0	0.0555555555555556	0.0555555555555556	0.0555555555555556	0	0	0.0555555555555556	0	0	0.0555555555555556	0	0	0	0	0	0	0.0555555555555556	0	0.0555555555555556	0	0	0	0	0	0.0555555555555556	0	0	0.0555555555555556	0	0	0	0	0	0	0	0	0	0
"Antirhea_borbonica"	0	0	0	0	0	0	0	0	0	0	0	0	0	0	0	0.0625	0.0625	0	0	0	0	0.0625	0	0.0625	0	0	0.0625	0	0	0	0	0	0.0625	0	0	0.0625	0	0.0625	0	0	0	0	0	0	0	0	0	0	0	0	0
"Chassalia_coriacea"	0	0	0	0	0	0	0	0	0	0	0	0	0	0	0	0.0833333333333333	0.0833333333333333	0	0	0	0	0	0	0.0833333333333333	0	0.0833333333333333	0	0	0	0	0.0833333333333333	0	0	0.0833333333333333	0	0	0	0	0	0	0	0	0	0	0	0	0	0	0	0	0
"Trochetia_blackburniana"	0	0	0	0	0	0	0	0	0	0	0	0	0	0	0	0.25	0	0	0	0	0	0	0	0	0	0	0	0	0	0	0	0	0	0	0	0	0	0	0	0	0	0	0	0	0.25	0	0	0	0	0	0
"Chaetocnema_sp1_M_PL_074"	0	0.0555555555555556	0.0555555555555556	0.0555555555555556	0	0.0555555555555556	0.0555555555555556	0.0555555555555556	0.0555555555555556	0.0555555555555556	0.0555555555555556	0	0	0	0	0	0	0	0	0	0	0	0	0	0	0	0	0	0	0	0	0	0	0	0	0	0	0	0	0	0	0	0	0	0	0	0	0	0	0	0
"Apis_mellifera"	0.0625	0.0625	0	0	0.0625	0	0	0	0.0625	0	0.0625	0.0625	0.0625	0.0625	0	0	0	0	0	0	0	0	0	0	0	0	0	0	0	0	0	0	0	0	0	0	0	0	0	0	0	0	0	0	0	0	0	0	0	0	0
"Stomorhina_lunata"	0.0384615384615385	0.0384615384615385	0.0384615384615385	0.0384615384615385	0.0384615384615385	0.0384615384615385	0.0384615384615385	0.0384615384615385	0.0384615384615385	0.0384615384615385	0.0384615384615385	0.0384615384615385	0.0384615384615385	0	0	0	0	0	0	0	0	0	0	0	0	0	0	0	0	0	0	0	0	0	0	0	0	0	0	0	0	0	0	0	0	0	0	0	0	0	0
"Fannia_pusio"	0.125	0.125	0	0	0	0	0.125	0.125	0	0	0	0	0	0	0	0	0	0	0	0	0	0	0	0	0	0	0	0	0	0	0	0	0	0	0	0	0	0	0	0	0	0	0	0	0	0	0	0	0	0	0
"Technomyrmex_albipes"	0	0.125	0	0.125	0.125	0.125	0	0	0	0	0	0	0	0	0	0	0	0	0	0	0	0	0	0	0	0	0	0	0	0	0	0	0	0	0	0	0	0	0	0	0	0	0	0	0	0	0	0	0	0	0
"Dysauxes_florida"	0.0714285714285714	0.0714285714285714	0.0714285714285714	0.0714285714285714	0	0.0714285714285714	0	0	0.0714285714285714	0	0.0714285714285714	0	0	0	0	0	0	0	0	0	0	0	0	0	0	0	0	0	0	0	0	0	0	0	0	0	0	0	0	0	0	0	0	0	0	0	0	0	0	0	0
"Lygaeidae_sp1_M_PL_074"	0	0	0.5	0	0	0	0	0	0	0	0	0	0	0	0	0	0	0	0	0	0	0	0	0	0	0	0	0	0	0	0	0	0	0	0	0	0	0	0	0	0	0	0	0	0	0	0	0	0	0	0
"Pachycerina_crinicornis"	0	0	0.1	0.1	0	0	0.1	0	0	0.1	0	0.1	0	0	0	0	0	0	0	0	0	0	0	0	0	0	0	0	0	0	0	0	0	0	0	0	0	0	0	0	0	0	0	0	0	0	0	0	0	0	0
"Brachymyrmex_sp1_M_PL_074"	0	0	0.166666666666667	0	0	0	0.166666666666667	0	0	0	0.166666666666667	0	0	0	0	0	0	0	0	0	0	0	0	0	0	0	0	0	0	0	0	0	0	0	0	0	0	0	0	0	0	0	0	0	0	0	0	0	0	0	0
"Allograpta_nasuta"	0	0.0625	0.0625	0	0.0625	0.0625	0	0.0625	0.0625	0	0	0.0625	0.0625	0	0	0	0	0	0	0	0	0	0	0	0	0	0	0	0	0	0	0	0	0	0	0	0	0	0	0	0	0	0	0	0	0	0	0	0	0	0
"Lygistorrhina_sp1_M_PL_074"	0	0	0.166666666666667	0	0	0.166666666666667	0	0	0.166666666666667	0	0	0	0	0	0	0	0	0	0	0	0	0	0	0	0	0	0	0	0	0	0	0	0	0	0	0	0	0	0	0	0	0	0	0	0	0	0	0	0	0	0
"Leptotes_pirithous"	0	0.166666666666667	0.166666666666667	0	0	0	0	0	0	0	0	0	0.166666666666667	0	0	0	0	0	0	0	0	0	0	0	0	0	0	0	0	0	0	0	0	0	0	0	0	0	0	0	0	0	0	0	0	0	0	0	0	0	0
"Villa_unifasciata"	0	0	0.125	0	0	0.125	0	0.125	0	0	0	0.125	0	0	0	0	0	0	0	0	0	0	0	0	0	0	0	0	0	0	0	0	0	0	0	0	0	0	0	0	0	0	0	0	0	0	0	0	0	0	0
"Dioxyna_sororcula"	0	0	0.125	0.125	0	0.125	0	0	0	0.125	0	0	0	0	0	0	0	0	0	0	0	0	0	0	0	0	0	0	0	0	0	0	0	0	0	0	0	0	0	0	0	0	0	0	0	0	0	0	0	0	0
"Ophyra_capensis"	0.25	0.25	0	0	0	0	0	0	0	0	0	0	0	0	0	0	0	0	0	0	0	0	0	0	0	0	0	0	0	0	0	0	0	0	0	0	0	0	0	0	0	0	0	0	0	0	0	0	0	0	0
"Musca_domestica"	0	0.0833333333333333	0	0	0.0833333333333333	0.0833333333333333	0	0.0833333333333333	0.0833333333333333	0	0.0833333333333333	0	0	0	0	0	0	0	0	0	0	0	0	0	0	0	0	0	0	0	0	0	0	0	0	0	0	0	0	0	0	0	0	0	0	0	0	0	0	0	0
"Polistes_hebraeus"	0.125	0.125	0	0.125	0	0	0	0	0	0	0	0	0.125	0	0	0	0	0	0	0	0	0	0	0	0	0	0	0	0	0	0	0	0	0	0	0	0	0	0	0	0	0	0	0	0	0	0	0	0	0	0
"Stomoxys_niger"	0.1	0	0.1	0	0	0	0	0.1	0.1	0	0.1	0	0	0	0	0	0	0	0	0	0	0	0	0	0	0	0	0	0	0	0	0	0	0	0	0	0	0	0	0	0	0	0	0	0	0	0	0	0	0	0
"Syritta_nigrofemorata"	0	0.0833333333333333	0.0833333333333333	0	0.0833333333333333	0.0833333333333333	0.0833333333333333	0	0	0	0	0.0833333333333333	0	0	0	0	0	0	0	0	0	0	0	0	0	0	0	0	0	0	0	0	0	0	0	0	0	0	0	0	0	0	0	0	0	0	0	0	0	0	0
"Panara_naso"	0	0	0.25	0	0	0	0	0	0	0	0	0	0.25	0	0	0	0	0	0	0	0	0	0	0	0	0	0	0	0	0	0	0	0	0	0	0	0	0	0	0	0	0	0	0	0	0	0	0	0	0	0
"Chrysomya_megacephala"	0.25	0.25	0	0	0	0	0	0	0	0	0	0	0	0	0	0	0	0	0	0	0	0	0	0	0	0	0	0	0	0	0	0	0	0	0	0	0	0	0	0	0	0	0	0	0	0	0	0	0	0	0
"Nacoleia_sp1_M_PL_074"	0.166666666666667	0	0.166666666666667	0	0	0	0	0	0	0	0	0.166666666666667	0	0	0	0	0	0	0	0	0	0	0	0	0	0	0	0	0	0	0	0	0	0	0	0	0	0	0	0	0	0	0	0	0	0	0	0	0	0	0
"Ahasverus_advena"	0	0	0	0	0	0.5	0	0	0	0	0	0	0	0	0	0	0	0	0	0	0	0	0	0	0	0	0	0	0	0	0	0	0	0	0	0	0	0	0	0	0	0	0	0	0	0	0	0	0	0	0
"Eristalinus_flaveolus"	0.125	0	0	0	0	0	0	0	0.125	0	0.125	0.125	0	0	0	0	0	0	0	0	0	0	0	0	0	0	0	0	0	0	0	0	0	0	0	0	0	0	0	0	0	0	0	0	0	0	0	0	0	0	0
"Syritta_bulbus"	0	0	0.5	0	0	0	0	0	0	0	0	0	0	0	0	0	0	0	0	0	0	0	0	0	0	0	0	0	0	0	0	0	0	0	0	0	0	0	0	0	0	0	0	0	0	0	0	0	0	0	0
"Episyrphus_sp1_M_PL_074"	0.166666666666667	0	0	0	0	0	0.166666666666667	0	0	0.166666666666667	0	0	0	0	0	0	0	0	0	0	0	0	0	0	0	0	0	0	0	0	0	0	0	0	0	0	0	0	0	0	0	0	0	0	0	0	0	0	0	0	0
"Gelechioidea_sp2_M_PL_074"	0	0	0.25	0	0	0	0	0	0	0	0.25	0	0	0	0	0	0	0	0	0	0	0	0	0	0	0	0	0	0	0	0	0	0	0	0	0	0	0	0	0	0	0	0	0	0	0	0	0	0	0	0
"Mauritiborium_undulatus"	0	0	0.166666666666667	0.166666666666667	0	0	0	0	0	0.166666666666667	0	0	0	0	0	0	0	0	0	0	0	0	0	0	0	0	0	0	0	0	0	0	0	0	0	0	0	0	0	0	0	0	0	0	0	0	0	0	0	0	0
"Orthellia_albigena"	0.5	0	0	0	0	0	0	0	0	0	0	0	0	0	0	0	0	0	0	0	0	0	0	0	0	0	0	0	0	0	0	0	0	0	0	0	0	0	0	0	0	0	0	0	0	0	0	0	0	0	0
"Pelecophora_intemipta"	0	0.5	0	0	0	0	0	0	0	0	0	0	0	0	0	0	0	0	0	0	0	0	0	0	0	0	0	0	0	0	0	0	0	0	0	0	0	0	0	0	0	0	0	0	0	0	0	0	0	0	0
"Sarcophaga_arno"	0.25	0	0	0	0	0	0	0	0	0	0	0	0	0.25	0	0	0	0	0	0	0	0	0	0	0	0	0	0	0	0	0	0	0	0	0	0	0	0	0	0	0	0	0	0	0	0	0	0	0	0	0
"Stomoxys_calcitrans"	0	0	0	0	0	0.25	0	0	0.25	0	0	0	0	0	0	0	0	0	0	0	0	0	0	0	0	0	0	0	0	0	0	0	0	0	0	0	0	0	0	0	0	0	0	0	0	0	0	0	0	0	0
"Gelechioidea_sp1_M_PL_074"	0	0	0	0	0	0.5	0	0	0	0	0	0	0	0	0	0	0	0	0	0	0	0	0	0	0	0	0	0	0	0	0	0	0	0	0	0	0	0	0	0	0	0	0	0	0	0	0	0	0	0	0
"Palexorista_sp1_M_PL_074"	0	0	0	0	0	0	0	0.5	0	0	0	0	0	0	0	0	0	0	0	0	0	0	0	0	0	0	0	0	0	0	0	0	0	0	0	0	0	0	0	0	0	0	0	0	0	0	0	0	0	0	0
"Scatopsidae_sp1_M_PL_074"	0	0	0	0	0	0	0	0	0.5	0	0	0	0	0	0	0	0	0	0	0	0	0	0	0	0	0	0	0	0	0	0	0	0	0	0	0	0	0	0	0	0	0	0	0	0	0	0	0	0	0	0
"Scirtidae_sp1_M_PL_074"	0	0	0	0	0	0.5	0	0	0	0	0	0	0	0	0	0	0	0	0	0	0	0	0	0	0	0	0	0	0	0	0	0	0	0	0	0	0	0	0	0	0	0	0	0	0	0	0	0	0	0	0
"Unidentified_sp1_M_PL_074"	0	0	0.5	0	0	0	0	0	0	0	0	0	0	0	0	0	0	0	0	0	0	0	0	0	0	0	0	0	0	0	0	0	0	0	0	0	0	0	0	0	0	0	0	0	0	0	0	0	0	0	0
