"Sideroxylon_cinereum"	"Molinaea_alternifolia"	"Aphloia_theiformis"	"Croton_fothergillifolius"	"Syzygium_venosum"	"Roussea_simplex"	"Stillingia_lineata"	"Dracaena_reflexa"	"Bertiera_zaluzania"	"Coffea_mauritiana"	"Chassalia_coriacea"	"Claoxylon_linostachys"	"Psiadia_terebinthina"	"Antidesma_madagascariense"	"Antirhea_borbonica"	"Toddalia_asiatica"	"Erythroxylum_macrocarpum"	"Pandanus_wiehii"	"Agauria_salicifolia"	"Flagellaria_indica"	"Polyscias_mauritiana"	"Stomorhina_lunata"	"Technomyrmex_albipes"	"Brachymyrmex_sp1_M_PL_063"	"Apis_mellifera"	"Pachycerina_crinicornis"	"Musca_domestica"	"Fannia_pusio"	"Chaetocnema_sp1_M_PL_063"	"Ophyra_capensis"	"Panara_naso"	"Polistes_hebraeus"	"Allograpta_nasuta"	"Lygistorrhina_sp1_M_PL_063"	"Stomoxys_calcitrans"	"Ischiodon_aegyptius"	"Nacoleia_sp1_M_PL_063"	"Chrysomya_megacephala"	"Dioxyna_sororcula"	"Eristalinus_flaveolus"	"Melanostoma_bituberculatum"	"Phelsuma_cepediana"	"Phorinia_sp1_M_PL_063"	"Sarcophaga_arno"	"Cephonodes_trochilus"	"Ornidia_obesa"	"Graphomya_maculata"	"Lecithoceridae_sp1_M_PL_063"	"Nacoleia_sp2_M_PL_063"	"Psilopa_iceryae"	"Syritta_nigrofemorata"	"Syritta_sp1_M_PL_063"	"Cryptinae_sp1_M_PL_063"	"Dysauxes_florida"	"Episyrphus_sp1_M_PL_063"	"Homoneura_sp1_M_PL_063"	"Hydrillodes_sp1_M_PL_063"	"Leptotes_pirithous"	"Macroglossum_milvus"	"Mauritiborium_undulatus"	"Orthellia_albigena"	"Remigia_frugalis"	"Scatopsidae_sp1_M_PL_063"	"Stomoxys_niger"	"Tarundia_servillei"	"Trichoplusia_indicator"	"Zosterops_mauritianus"
"Sideroxylon_cinereum"	0	0	0	0	0	0	0	0	0	0	0	0	0	0	0	0	0	0	0	0	0	0.0416666666666667	0	0	0.0416666666666667	0	0.0416666666666667	0.0416666666666667	0	0.0416666666666667	0	0	0	0.0416666666666667	0.0416666666666667	0.0416666666666667	0	0.0416666666666667	0	0	0	0	0	0.0416666666666667	0	0.0416666666666667	0	0	0	0	0	0	0	0	0	0	0	0	0	0	0.0416666666666667	0	0	0	0	0	0
"Molinaea_alternifolia"	0	0	0	0	0	0	0	0	0	0	0	0	0	0	0	0	0	0	0	0	0	0.03125	0.03125	0	0	0.03125	0.03125	0.03125	0	0.03125	0	0	0	0	0.03125	0	0.03125	0	0.03125	0.03125	0.03125	0.03125	0.03125	0	0	0	0	0	0.03125	0	0	0	0	0.03125	0.03125	0	0	0	0	0	0	0	0	0	0	0	0
"Aphloia_theiformis"	0	0	0	0	0	0	0	0	0	0	0	0	0	0	0	0	0	0	0	0	0	0.0357142857142857	0.0357142857142857	0.0357142857142857	0.0357142857142857	0.0357142857142857	0.0357142857142857	0	0	0	0.0357142857142857	0.0357142857142857	0	0	0	0.0357142857142857	0	0	0	0.0357142857142857	0	0	0.0357142857142857	0	0	0.0357142857142857	0	0	0.0357142857142857	0	0	0	0	0	0	0	0	0	0	0	0	0	0	0.0357142857142857	0	0	0
"Croton_fothergillifolius"	0	0	0	0	0	0	0	0	0	0	0	0	0	0	0	0	0	0	0	0	0	0.0416666666666667	0.0416666666666667	0.0416666666666667	0	0.0416666666666667	0.0416666666666667	0	0	0	0	0	0.0416666666666667	0	0.0416666666666667	0.0416666666666667	0	0	0.0416666666666667	0.0416666666666667	0	0	0	0	0	0	0	0	0	0	0	0.0416666666666667	0	0	0	0	0	0.0416666666666667	0	0	0	0	0	0	0	0	0
"Syzygium_venosum"	0	0	0	0	0	0	0	0	0	0	0	0	0	0	0	0	0	0	0	0	0	0.1	0	0.1	0.1	0	0.1	0	0	0	0	0.1	0	0	0	0	0	0	0	0	0	0	0	0	0	0	0	0	0	0	0	0	0	0	0	0	0	0	0	0	0	0	0	0	0	0	0
"Roussea_simplex"	0	0	0	0	0	0	0	0	0	0	0	0	0	0	0	0	0	0	0	0	0	0	0.125	0	0.125	0	0	0.125	0	0	0	0	0	0.125	0	0	0	0	0	0	0	0	0	0	0	0	0	0	0	0	0	0	0	0	0	0	0	0	0	0	0	0	0	0	0	0	0
"Stillingia_lineata"	0	0	0	0	0	0	0	0	0	0	0	0	0	0	0	0	0	0	0	0	0	0	0	0.0833333333333333	0	0.0833333333333333	0	0	0.0833333333333333	0	0	0	0	0	0	0	0	0	0	0.0833333333333333	0	0	0	0	0	0	0	0	0	0	0	0	0	0	0	0.0833333333333333	0	0	0	0	0	0	0	0	0.0833333333333333	0	0
"Dracaena_reflexa"	0	0	0	0	0	0	0	0	0	0	0	0	0	0	0	0	0	0	0	0	0	0.0416666666666667	0	0	0.0416666666666667	0.0416666666666667	0.0416666666666667	0	0	0	0.0416666666666667	0	0.0416666666666667	0	0	0.0416666666666667	0	0	0	0	0	0	0	0	0.0416666666666667	0.0416666666666667	0	0.0416666666666667	0	0	0.0416666666666667	0	0	0	0	0	0	0	0	0	0	0	0	0	0	0.0416666666666667	0
"Bertiera_zaluzania"	0	0	0	0	0	0	0	0	0	0	0	0	0	0	0	0	0	0	0	0	0	0	0.1	0	0.1	0	0	0	0	0	0	0	0.1	0	0	0	0	0	0	0	0	0.1	0	0	0	0	0	0	0	0	0	0	0	0	0	0	0	0	0	0	0	0	0	0	0	0	0.1
"Coffea_mauritiana"	0	0	0	0	0	0	0	0	0	0	0	0	0	0	0	0	0	0	0	0	0	0	0.125	0.125	0	0.125	0	0	0	0	0	0	0	0	0	0	0	0	0	0	0	0	0	0	0	0	0	0	0	0	0	0	0	0	0	0	0.125	0	0	0	0	0	0	0	0	0	0
"Chassalia_coriacea"	0	0	0	0	0	0	0	0	0	0	0	0	0	0	0	0	0	0	0	0	0	0.0833333333333333	0	0	0	0	0.0833333333333333	0	0	0	0.0833333333333333	0	0.0833333333333333	0	0	0	0	0	0	0	0	0	0	0	0.0833333333333333	0	0	0	0	0	0	0	0	0	0	0	0	0	0.0833333333333333	0	0	0	0	0	0	0	0
"Claoxylon_linostachys"	0	0	0	0	0	0	0	0	0	0	0	0	0	0	0	0	0	0	0	0	0	0	0	0.1	0	0	0	0	0	0	0	0	0.1	0	0	0	0	0	0	0	0	0	0	0.1	0	0	0	0	0	0	0.1	0.1	0	0	0	0	0	0	0	0	0	0	0	0	0	0	0
"Psiadia_terebinthina"	0	0	0	0	0	0	0	0	0	0	0	0	0	0	0	0	0	0	0	0	0	0.0714285714285714	0	0	0.0714285714285714	0.0714285714285714	0.0714285714285714	0	0.0714285714285714	0	0.0714285714285714	0	0	0	0	0	0	0	0.0714285714285714	0	0	0	0	0	0	0	0	0	0	0	0	0	0	0	0	0	0	0	0	0	0	0	0	0	0	0	0
"Antidesma_madagascariense"	0	0	0	0	0	0	0	0	0	0	0	0	0	0	0	0	0	0	0	0	0	0.0833333333333333	0	0	0	0.0833333333333333	0	0	0	0	0	0	0	0	0	0	0	0	0	0	0	0	0	0	0	0	0	0.0833333333333333	0	0.0833333333333333	0	0	0	0	0	0	0	0	0	0.0833333333333333	0	0	0.0833333333333333	0	0	0	0
"Antirhea_borbonica"	0	0	0	0	0	0	0	0	0	0	0	0	0	0	0	0	0	0	0	0	0	0	0.0833333333333333	0	0	0.0833333333333333	0	0	0	0	0	0	0	0	0.0833333333333333	0	0.0833333333333333	0	0	0	0	0	0	0	0	0	0	0	0	0.0833333333333333	0	0	0	0	0	0	0	0	0	0	0	0.0833333333333333	0	0	0	0	0
"Toddalia_asiatica"	0	0	0	0	0	0	0	0	0	0	0	0	0	0	0	0	0	0	0	0	0	0	0.125	0.125	0	0.125	0	0	0	0	0	0	0	0	0	0	0	0	0	0	0	0	0	0	0	0	0	0	0	0	0	0	0.125	0	0	0	0	0	0	0	0	0	0	0	0	0	0
"Erythroxylum_macrocarpum"	0	0	0	0	0	0	0	0	0	0	0	0	0	0	0	0	0	0	0	0	0	0.166666666666667	0	0	0	0	0.166666666666667	0	0	0	0	0	0	0	0	0	0	0	0	0	0	0	0	0	0	0	0.166666666666667	0	0	0	0	0	0	0	0	0	0	0	0	0	0	0	0	0	0	0	0
"Pandanus_wiehii"	0	0	0	0	0	0	0	0	0	0	0	0	0	0	0	0	0	0	0	0	0	0	0	0	0	0	0	0	0	0	0	0.25	0	0	0	0	0	0	0	0	0	0.25	0	0	0	0	0	0	0	0	0	0	0	0	0	0	0	0	0	0	0	0	0	0	0	0	0
"Agauria_salicifolia"	0	0	0	0	0	0	0	0	0	0	0	0	0	0	0	0	0	0	0	0	0	0.25	0	0	0	0	0	0	0	0	0	0	0	0	0.25	0	0	0	0	0	0	0	0	0	0	0	0	0	0	0	0	0	0	0	0	0	0	0	0	0	0	0	0	0	0	0	0
"Flagellaria_indica"	0	0	0	0	0	0	0	0	0	0	0	0	0	0	0	0	0	0	0	0	0	0.25	0	0	0	0.25	0	0	0	0	0	0	0	0	0	0	0	0	0	0	0	0	0	0	0	0	0	0	0	0	0	0	0	0	0	0	0	0	0	0	0	0	0	0	0	0	0
"Polyscias_mauritiana"	0	0	0	0	0	0	0	0	0	0	0	0	0	0	0	0	0	0	0	0	0	0	0	0	0	0.5	0	0	0	0	0	0	0	0	0	0	0	0	0	0	0	0	0	0	0	0	0	0	0	0	0	0	0	0	0	0	0	0	0	0	0	0	0	0	0	0	0
"Stomorhina_lunata"	0.0416666666666667	0.0416666666666667	0.0416666666666667	0.0416666666666667	0.0416666666666667	0	0	0.0416666666666667	0	0	0.0416666666666667	0	0.0416666666666667	0.0416666666666667	0	0	0.0416666666666667	0	0.0416666666666667	0.0416666666666667	0	0	0	0	0	0	0	0	0	0	0	0	0	0	0	0	0	0	0	0	0	0	0	0	0	0	0	0	0	0	0	0	0	0	0	0	0	0	0	0	0	0	0	0	0	0	0
"Technomyrmex_albipes"	0	0.0625	0.0625	0.0625	0	0.0625	0	0	0.0625	0.0625	0	0	0	0	0.0625	0.0625	0	0	0	0	0	0	0	0	0	0	0	0	0	0	0	0	0	0	0	0	0	0	0	0	0	0	0	0	0	0	0	0	0	0	0	0	0	0	0	0	0	0	0	0	0	0	0	0	0	0	0
"Brachymyrmex_sp1_M_PL_063"	0	0	0.0714285714285714	0.0714285714285714	0.0714285714285714	0	0.0714285714285714	0	0	0.0714285714285714	0	0.0714285714285714	0	0	0	0.0714285714285714	0	0	0	0	0	0	0	0	0	0	0	0	0	0	0	0	0	0	0	0	0	0	0	0	0	0	0	0	0	0	0	0	0	0	0	0	0	0	0	0	0	0	0	0	0	0	0	0	0	0	0
"Apis_mellifera"	0.0714285714285714	0	0.0714285714285714	0	0.0714285714285714	0.0714285714285714	0	0.0714285714285714	0.0714285714285714	0	0	0	0.0714285714285714	0	0	0	0	0	0	0	0	0	0	0	0	0	0	0	0	0	0	0	0	0	0	0	0	0	0	0	0	0	0	0	0	0	0	0	0	0	0	0	0	0	0	0	0	0	0	0	0	0	0	0	0	0	0
"Pachycerina_crinicornis"	0	0.0416666666666667	0.0416666666666667	0.0416666666666667	0	0	0.0416666666666667	0.0416666666666667	0	0.0416666666666667	0	0	0.0416666666666667	0.0416666666666667	0.0416666666666667	0.0416666666666667	0	0	0	0.0416666666666667	0.0416666666666667	0	0	0	0	0	0	0	0	0	0	0	0	0	0	0	0	0	0	0	0	0	0	0	0	0	0	0	0	0	0	0	0	0	0	0	0	0	0	0	0	0	0	0	0	0	0
"Musca_domestica"	0.0555555555555556	0.0555555555555556	0.0555555555555556	0.0555555555555556	0.0555555555555556	0	0	0.0555555555555556	0	0	0.0555555555555556	0	0.0555555555555556	0	0	0	0.0555555555555556	0	0	0	0	0	0	0	0	0	0	0	0	0	0	0	0	0	0	0	0	0	0	0	0	0	0	0	0	0	0	0	0	0	0	0	0	0	0	0	0	0	0	0	0	0	0	0	0	0	0
"Fannia_pusio"	0.166666666666667	0.166666666666667	0	0	0	0.166666666666667	0	0	0	0	0	0	0	0	0	0	0	0	0	0	0	0	0	0	0	0	0	0	0	0	0	0	0	0	0	0	0	0	0	0	0	0	0	0	0	0	0	0	0	0	0	0	0	0	0	0	0	0	0	0	0	0	0	0	0	0	0
"Chaetocnema_sp1_M_PL_063"	0	0	0	0	0	0	0.25	0	0	0	0	0	0.25	0	0	0	0	0	0	0	0	0	0	0	0	0	0	0	0	0	0	0	0	0	0	0	0	0	0	0	0	0	0	0	0	0	0	0	0	0	0	0	0	0	0	0	0	0	0	0	0	0	0	0	0	0	0
"Ophyra_capensis"	0.25	0.25	0	0	0	0	0	0	0	0	0	0	0	0	0	0	0	0	0	0	0	0	0	0	0	0	0	0	0	0	0	0	0	0	0	0	0	0	0	0	0	0	0	0	0	0	0	0	0	0	0	0	0	0	0	0	0	0	0	0	0	0	0	0	0	0	0
"Panara_naso"	0	0	0.125	0	0	0	0	0.125	0	0	0.125	0	0.125	0	0	0	0	0	0	0	0	0	0	0	0	0	0	0	0	0	0	0	0	0	0	0	0	0	0	0	0	0	0	0	0	0	0	0	0	0	0	0	0	0	0	0	0	0	0	0	0	0	0	0	0	0	0
"Polistes_hebraeus"	0	0	0.166666666666667	0	0.166666666666667	0	0	0	0	0	0	0	0	0	0	0	0	0.166666666666667	0	0	0	0	0	0	0	0	0	0	0	0	0	0	0	0	0	0	0	0	0	0	0	0	0	0	0	0	0	0	0	0	0	0	0	0	0	0	0	0	0	0	0	0	0	0	0	0	0
"Allograpta_nasuta"	0	0	0	0.1	0	0	0	0.1	0.1	0	0.1	0.1	0	0	0	0	0	0	0	0	0	0	0	0	0	0	0	0	0	0	0	0	0	0	0	0	0	0	0	0	0	0	0	0	0	0	0	0	0	0	0	0	0	0	0	0	0	0	0	0	0	0	0	0	0	0	0
"Lygistorrhina_sp1_M_PL_063"	0.25	0	0	0	0	0.25	0	0	0	0	0	0	0	0	0	0	0	0	0	0	0	0	0	0	0	0	0	0	0	0	0	0	0	0	0	0	0	0	0	0	0	0	0	0	0	0	0	0	0	0	0	0	0	0	0	0	0	0	0	0	0	0	0	0	0	0	0
"Stomoxys_calcitrans"	0.1	0.1	0	0.1	0	0	0	0	0	0	0	0	0	0	0.1	0	0	0	0.1	0	0	0	0	0	0	0	0	0	0	0	0	0	0	0	0	0	0	0	0	0	0	0	0	0	0	0	0	0	0	0	0	0	0	0	0	0	0	0	0	0	0	0	0	0	0	0	0
"Ischiodon_aegyptius"	0.125	0	0.125	0.125	0	0	0	0.125	0	0	0	0	0	0	0	0	0	0	0	0	0	0	0	0	0	0	0	0	0	0	0	0	0	0	0	0	0	0	0	0	0	0	0	0	0	0	0	0	0	0	0	0	0	0	0	0	0	0	0	0	0	0	0	0	0	0	0
"Nacoleia_sp1_M_PL_063"	0	0.25	0	0	0	0	0	0	0	0	0	0	0	0	0.25	0	0	0	0	0	0	0	0	0	0	0	0	0	0	0	0	0	0	0	0	0	0	0	0	0	0	0	0	0	0	0	0	0	0	0	0	0	0	0	0	0	0	0	0	0	0	0	0	0	0	0	0
"Chrysomya_megacephala"	0.5	0	0	0	0	0	0	0	0	0	0	0	0	0	0	0	0	0	0	0	0	0	0	0	0	0	0	0	0	0	0	0	0	0	0	0	0	0	0	0	0	0	0	0	0	0	0	0	0	0	0	0	0	0	0	0	0	0	0	0	0	0	0	0	0	0	0
"Dioxyna_sororcula"	0	0.166666666666667	0	0.166666666666667	0	0	0	0	0	0	0	0	0.166666666666667	0	0	0	0	0	0	0	0	0	0	0	0	0	0	0	0	0	0	0	0	0	0	0	0	0	0	0	0	0	0	0	0	0	0	0	0	0	0	0	0	0	0	0	0	0	0	0	0	0	0	0	0	0	0
"Eristalinus_flaveolus"	0	0.125	0.125	0.125	0	0	0.125	0	0	0	0	0	0	0	0	0	0	0	0	0	0	0	0	0	0	0	0	0	0	0	0	0	0	0	0	0	0	0	0	0	0	0	0	0	0	0	0	0	0	0	0	0	0	0	0	0	0	0	0	0	0	0	0	0	0	0	0
"Melanostoma_bituberculatum"	0	0.5	0	0	0	0	0	0	0	0	0	0	0	0	0	0	0	0	0	0	0	0	0	0	0	0	0	0	0	0	0	0	0	0	0	0	0	0	0	0	0	0	0	0	0	0	0	0	0	0	0	0	0	0	0	0	0	0	0	0	0	0	0	0	0	0	0
"Phelsuma_cepediana"	0	0.166666666666667	0	0	0	0	0	0	0.166666666666667	0	0	0	0	0	0	0	0	0.166666666666667	0	0	0	0	0	0	0	0	0	0	0	0	0	0	0	0	0	0	0	0	0	0	0	0	0	0	0	0	0	0	0	0	0	0	0	0	0	0	0	0	0	0	0	0	0	0	0	0	0
"Phorinia_sp1_M_PL_063"	0	0.25	0.25	0	0	0	0	0	0	0	0	0	0	0	0	0	0	0	0	0	0	0	0	0	0	0	0	0	0	0	0	0	0	0	0	0	0	0	0	0	0	0	0	0	0	0	0	0	0	0	0	0	0	0	0	0	0	0	0	0	0	0	0	0	0	0	0
"Sarcophaga_arno"	0.25	0	0	0	0	0	0	0	0	0	0	0.25	0	0	0	0	0	0	0	0	0	0	0	0	0	0	0	0	0	0	0	0	0	0	0	0	0	0	0	0	0	0	0	0	0	0	0	0	0	0	0	0	0	0	0	0	0	0	0	0	0	0	0	0	0	0	0
"Cephonodes_trochilus"	0	0	0	0	0	0	0	0.25	0	0	0.25	0	0	0	0	0	0	0	0	0	0	0	0	0	0	0	0	0	0	0	0	0	0	0	0	0	0	0	0	0	0	0	0	0	0	0	0	0	0	0	0	0	0	0	0	0	0	0	0	0	0	0	0	0	0	0	0
"Ornidia_obesa"	0.166666666666667	0	0.166666666666667	0	0	0	0	0.166666666666667	0	0	0	0	0	0	0	0	0	0	0	0	0	0	0	0	0	0	0	0	0	0	0	0	0	0	0	0	0	0	0	0	0	0	0	0	0	0	0	0	0	0	0	0	0	0	0	0	0	0	0	0	0	0	0	0	0	0	0
"Graphomya_maculata"	0	0	0	0	0	0	0	0	0	0	0	0	0	0	0	0	0.5	0	0	0	0	0	0	0	0	0	0	0	0	0	0	0	0	0	0	0	0	0	0	0	0	0	0	0	0	0	0	0	0	0	0	0	0	0	0	0	0	0	0	0	0	0	0	0	0	0	0
"Lecithoceridae_sp1_M_PL_063"	0	0	0	0	0	0	0	0.25	0	0	0	0	0	0.25	0	0	0	0	0	0	0	0	0	0	0	0	0	0	0	0	0	0	0	0	0	0	0	0	0	0	0	0	0	0	0	0	0	0	0	0	0	0	0	0	0	0	0	0	0	0	0	0	0	0	0	0	0
"Nacoleia_sp2_M_PL_063"	0	0.25	0.25	0	0	0	0	0	0	0	0	0	0	0	0	0	0	0	0	0	0	0	0	0	0	0	0	0	0	0	0	0	0	0	0	0	0	0	0	0	0	0	0	0	0	0	0	0	0	0	0	0	0	0	0	0	0	0	0	0	0	0	0	0	0	0	0
"Psilopa_iceryae"	0	0	0	0	0	0	0	0	0	0	0	0	0	0.25	0.25	0	0	0	0	0	0	0	0	0	0	0	0	0	0	0	0	0	0	0	0	0	0	0	0	0	0	0	0	0	0	0	0	0	0	0	0	0	0	0	0	0	0	0	0	0	0	0	0	0	0	0	0
"Syritta_nigrofemorata"	0	0	0	0	0	0	0	0.25	0	0	0	0.25	0	0	0	0	0	0	0	0	0	0	0	0	0	0	0	0	0	0	0	0	0	0	0	0	0	0	0	0	0	0	0	0	0	0	0	0	0	0	0	0	0	0	0	0	0	0	0	0	0	0	0	0	0	0	0
"Syritta_sp1_M_PL_063"	0	0	0	0.25	0	0	0	0	0	0	0	0.25	0	0	0	0	0	0	0	0	0	0	0	0	0	0	0	0	0	0	0	0	0	0	0	0	0	0	0	0	0	0	0	0	0	0	0	0	0	0	0	0	0	0	0	0	0	0	0	0	0	0	0	0	0	0	0
"Cryptinae_sp1_M_PL_063"	0	0	0	0	0	0	0	0	0	0	0	0	0	0	0	0.5	0	0	0	0	0	0	0	0	0	0	0	0	0	0	0	0	0	0	0	0	0	0	0	0	0	0	0	0	0	0	0	0	0	0	0	0	0	0	0	0	0	0	0	0	0	0	0	0	0	0	0
"Dysauxes_florida"	0	0.5	0	0	0	0	0	0	0	0	0	0	0	0	0	0	0	0	0	0	0	0	0	0	0	0	0	0	0	0	0	0	0	0	0	0	0	0	0	0	0	0	0	0	0	0	0	0	0	0	0	0	0	0	0	0	0	0	0	0	0	0	0	0	0	0	0
"Episyrphus_sp1_M_PL_063"	0	0.5	0	0	0	0	0	0	0	0	0	0	0	0	0	0	0	0	0	0	0	0	0	0	0	0	0	0	0	0	0	0	0	0	0	0	0	0	0	0	0	0	0	0	0	0	0	0	0	0	0	0	0	0	0	0	0	0	0	0	0	0	0	0	0	0	0
"Homoneura_sp1_M_PL_063"	0	0	0	0	0	0	0.5	0	0	0	0	0	0	0	0	0	0	0	0	0	0	0	0	0	0	0	0	0	0	0	0	0	0	0	0	0	0	0	0	0	0	0	0	0	0	0	0	0	0	0	0	0	0	0	0	0	0	0	0	0	0	0	0	0	0	0	0
"Hydrillodes_sp1_M_PL_063"	0	0	0	0	0	0	0	0	0	0.5	0	0	0	0	0	0	0	0	0	0	0	0	0	0	0	0	0	0	0	0	0	0	0	0	0	0	0	0	0	0	0	0	0	0	0	0	0	0	0	0	0	0	0	0	0	0	0	0	0	0	0	0	0	0	0	0	0
"Leptotes_pirithous"	0	0	0	0.5	0	0	0	0	0	0	0	0	0	0	0	0	0	0	0	0	0	0	0	0	0	0	0	0	0	0	0	0	0	0	0	0	0	0	0	0	0	0	0	0	0	0	0	0	0	0	0	0	0	0	0	0	0	0	0	0	0	0	0	0	0	0	0
"Macroglossum_milvus"	0	0	0	0	0	0	0	0	0	0	0.5	0	0	0	0	0	0	0	0	0	0	0	0	0	0	0	0	0	0	0	0	0	0	0	0	0	0	0	0	0	0	0	0	0	0	0	0	0	0	0	0	0	0	0	0	0	0	0	0	0	0	0	0	0	0	0	0
"Mauritiborium_undulatus"	0	0	0	0	0	0	0	0	0	0	0	0	0	0.5	0	0	0	0	0	0	0	0	0	0	0	0	0	0	0	0	0	0	0	0	0	0	0	0	0	0	0	0	0	0	0	0	0	0	0	0	0	0	0	0	0	0	0	0	0	0	0	0	0	0	0	0	0
"Orthellia_albigena"	0.5	0	0	0	0	0	0	0	0	0	0	0	0	0	0	0	0	0	0	0	0	0	0	0	0	0	0	0	0	0	0	0	0	0	0	0	0	0	0	0	0	0	0	0	0	0	0	0	0	0	0	0	0	0	0	0	0	0	0	0	0	0	0	0	0	0	0
"Remigia_frugalis"	0	0	0	0	0	0	0	0	0	0	0	0	0	0	0.5	0	0	0	0	0	0	0	0	0	0	0	0	0	0	0	0	0	0	0	0	0	0	0	0	0	0	0	0	0	0	0	0	0	0	0	0	0	0	0	0	0	0	0	0	0	0	0	0	0	0	0	0
"Scatopsidae_sp1_M_PL_063"	0	0	0	0	0	0	0	0	0	0	0	0	0	0.5	0	0	0	0	0	0	0	0	0	0	0	0	0	0	0	0	0	0	0	0	0	0	0	0	0	0	0	0	0	0	0	0	0	0	0	0	0	0	0	0	0	0	0	0	0	0	0	0	0	0	0	0	0
"Stomoxys_niger"	0	0	0.5	0	0	0	0	0	0	0	0	0	0	0	0	0	0	0	0	0	0	0	0	0	0	0	0	0	0	0	0	0	0	0	0	0	0	0	0	0	0	0	0	0	0	0	0	0	0	0	0	0	0	0	0	0	0	0	0	0	0	0	0	0	0	0	0
"Tarundia_servillei"	0	0	0	0	0	0	0.5	0	0	0	0	0	0	0	0	0	0	0	0	0	0	0	0	0	0	0	0	0	0	0	0	0	0	0	0	0	0	0	0	0	0	0	0	0	0	0	0	0	0	0	0	0	0	0	0	0	0	0	0	0	0	0	0	0	0	0	0
"Trichoplusia_indicator"	0	0	0	0	0	0	0	0.5	0	0	0	0	0	0	0	0	0	0	0	0	0	0	0	0	0	0	0	0	0	0	0	0	0	0	0	0	0	0	0	0	0	0	0	0	0	0	0	0	0	0	0	0	0	0	0	0	0	0	0	0	0	0	0	0	0	0	0
"Zosterops_mauritianus"	0	0	0	0	0	0	0	0	0.5	0	0	0	0	0	0	0	0	0	0	0	0	0	0	0	0	0	0	0	0	0	0	0	0	0	0	0	0	0	0	0	0	0	0	0	0	0	0	0	0	0	0	0	0	0	0	0	0	0	0	0	0	0	0	0	0	0	0
