"Echium_wildpretii"	"Pimpinella_cumbrae"	"Pterocephalus_lasiospermus"	"Mentha_longifolia"	"Erysimum_scoparium"	"Spartocytisus_supranubius"	"Tolpis_webbii"	"Argyranthemum_teneriffae"	"Scrophularia_glabrata"	"Nepeta_teydea"	"Adenocarpus_viscosus"	"Anastoechus_latifrons"	"Anthophora_alluaudi"	"Apis_mellifera"	"Euodynerus_reflexus"	"Geron_hesperidon"	"Eristalis_tenax"	"Megachile_canariensis"	"Anthrax_anthrax"	"Eucera_gracilipes"	"Hyleaus_canariensis"	"Lasioglossum_viride"	"Linnaemyia_soror"	"Cephalodromia_sp1_M_PL_008"	"Cyclyrius_webbianus"	"Estheria_simonyi"	"Lasioglossum_actifrons"	"Melecta_curvispina"	"Osmia_canariensis"	"Andrena_wollestoni"	"Colletes_dimidiatus"	"Gasteruption_sp1_M_PL_008"	"Lucilia_sericata"	"Macroglossum_stellatarum"	"Scaeva_albomaculata"	"Stomorhina_lunata"	"Unidentified_sp1_M_PL_008"	"Anthidium_manicatum"	"Bibio_elmoi"	"Dermasothes_gracile"	"Drosophila_sp1_M_PL_008"	"Lasioglossum_chalcodes"	"Leptochilus_eatoni"	"Nyctia_lugubris"	"Peleteria_ruficornis"	"Phylloscopus_collybita"	"Serinus_canarius"	"Tachina_canariensis"	"Tachysphex_unicolor"
"Echium_wildpretii"	0	0	0	0	0	0	0	0	0	0	0	0.0277777777777778	0.0277777777777778	0.0277777777777778	0	0	0.0277777777777778	0.0277777777777778	0.0277777777777778	0.0277777777777778	0.0277777777777778	0.0277777777777778	0.0277777777777778	0	0	0.0277777777777778	0	0.0277777777777778	0	0	0	0	0	0.0277777777777778	0	0.0277777777777778	0.0277777777777778	0	0	0	0	0.0277777777777778	0	0	0	0.0277777777777778	0.0277777777777778	0	0
"Pimpinella_cumbrae"	0	0	0	0	0	0	0	0	0	0	0	0	0	0.0357142857142857	0.0357142857142857	0.0357142857142857	0.0357142857142857	0	0.0357142857142857	0	0.0357142857142857	0.0357142857142857	0.0357142857142857	0.0357142857142857	0	0	0.0357142857142857	0	0	0	0	0.0357142857142857	0	0	0	0	0	0	0	0.0357142857142857	0	0	0.0357142857142857	0.0357142857142857	0	0	0	0	0
"Pterocephalus_lasiospermus"	0	0	0	0	0	0	0	0	0	0	0	0.0357142857142857	0	0.0357142857142857	0	0.0357142857142857	0.0357142857142857	0.0357142857142857	0.0357142857142857	0	0	0.0357142857142857	0	0	0.0357142857142857	0.0357142857142857	0	0.0357142857142857	0.0357142857142857	0	0	0.0357142857142857	0.0357142857142857	0	0.0357142857142857	0	0	0	0	0	0	0	0	0	0	0	0	0	0
"Mentha_longifolia"	0	0	0	0	0	0	0	0	0	0	0	0	0.0416666666666667	0	0.0416666666666667	0	0.0416666666666667	0	0	0	0	0	0.0416666666666667	0	0.0416666666666667	0.0416666666666667	0.0416666666666667	0	0	0	0.0416666666666667	0	0	0	0	0.0416666666666667	0	0	0.0416666666666667	0	0	0	0	0	0.0416666666666667	0	0	0.0416666666666667	0
"Erysimum_scoparium"	0	0	0	0	0	0	0	0	0	0	0	0.05	0.05	0.05	0	0.05	0	0.05	0	0.05	0	0	0	0	0.05	0	0	0.05	0.05	0	0	0	0	0.05	0	0	0	0	0	0	0	0	0	0	0	0	0	0	0
"Spartocytisus_supranubius"	0	0	0	0	0	0	0	0	0	0	0	0.0555555555555556	0.0555555555555556	0.0555555555555556	0.0555555555555556	0	0	0.0555555555555556	0	0.0555555555555556	0.0555555555555556	0	0	0	0	0	0	0	0	0.0555555555555556	0.0555555555555556	0	0	0	0	0	0	0	0	0	0	0	0	0	0	0	0	0	0
"Tolpis_webbii"	0	0	0	0	0	0	0	0	0	0	0	0.0625	0	0	0.0625	0.0625	0.0625	0.0625	0	0	0.0625	0	0	0.0625	0	0	0	0	0	0.0625	0	0	0	0	0	0	0	0	0	0	0	0	0	0	0	0	0	0	0
"Argyranthemum_teneriffae"	0	0	0	0	0	0	0	0	0	0	0	0	0	0.0714285714285714	0	0.0714285714285714	0	0	0	0	0	0	0.0714285714285714	0.0714285714285714	0	0	0	0	0	0	0	0	0.0714285714285714	0	0	0	0.0714285714285714	0	0	0	0.0714285714285714	0	0	0	0	0	0	0	0
"Scrophularia_glabrata"	0	0	0	0	0	0	0	0	0	0	0	0	0.0714285714285714	0	0.0714285714285714	0	0	0	0.0714285714285714	0	0	0.0714285714285714	0	0	0	0	0.0714285714285714	0	0	0	0	0	0	0	0.0714285714285714	0	0	0	0	0	0	0	0	0	0	0	0	0	0.0714285714285714
"Nepeta_teydea"	0	0	0	0	0	0	0	0	0	0	0	0.1	0.1	0	0.1	0	0	0	0	0.1	0	0	0	0	0	0	0	0	0	0	0	0	0	0	0	0	0	0.1	0	0	0	0	0	0	0	0	0	0	0
"Adenocarpus_viscosus"	0	0	0	0	0	0	0	0	0	0	0	0	0	0	0	0.25	0	0	0	0	0	0	0	0	0	0	0	0	0.25	0	0	0	0	0	0	0	0	0	0	0	0	0	0	0	0	0	0	0	0
"Anastoechus_latifrons"	0.0833333333333333	0	0.0833333333333333	0	0.0833333333333333	0.0833333333333333	0.0833333333333333	0	0	0.0833333333333333	0	0	0	0	0	0	0	0	0	0	0	0	0	0	0	0	0	0	0	0	0	0	0	0	0	0	0	0	0	0	0	0	0	0	0	0	0	0	0
"Anthophora_alluaudi"	0.0833333333333333	0	0	0.0833333333333333	0.0833333333333333	0.0833333333333333	0	0	0.0833333333333333	0.0833333333333333	0	0	0	0	0	0	0	0	0	0	0	0	0	0	0	0	0	0	0	0	0	0	0	0	0	0	0	0	0	0	0	0	0	0	0	0	0	0	0
"Apis_mellifera"	0.0833333333333333	0.0833333333333333	0.0833333333333333	0	0.0833333333333333	0.0833333333333333	0	0.0833333333333333	0	0	0	0	0	0	0	0	0	0	0	0	0	0	0	0	0	0	0	0	0	0	0	0	0	0	0	0	0	0	0	0	0	0	0	0	0	0	0	0	0
"Euodynerus_reflexus"	0	0.0833333333333333	0	0.0833333333333333	0	0.0833333333333333	0.0833333333333333	0	0.0833333333333333	0.0833333333333333	0	0	0	0	0	0	0	0	0	0	0	0	0	0	0	0	0	0	0	0	0	0	0	0	0	0	0	0	0	0	0	0	0	0	0	0	0	0	0
"Geron_hesperidon"	0	0.0833333333333333	0.0833333333333333	0	0.0833333333333333	0	0.0833333333333333	0.0833333333333333	0	0	0.0833333333333333	0	0	0	0	0	0	0	0	0	0	0	0	0	0	0	0	0	0	0	0	0	0	0	0	0	0	0	0	0	0	0	0	0	0	0	0	0	0
"Eristalis_tenax"	0.1	0.1	0.1	0.1	0	0	0.1	0	0	0	0	0	0	0	0	0	0	0	0	0	0	0	0	0	0	0	0	0	0	0	0	0	0	0	0	0	0	0	0	0	0	0	0	0	0	0	0	0	0
"Megachile_canariensis"	0.1	0	0.1	0	0.1	0.1	0.1	0	0	0	0	0	0	0	0	0	0	0	0	0	0	0	0	0	0	0	0	0	0	0	0	0	0	0	0	0	0	0	0	0	0	0	0	0	0	0	0	0	0
"Anthrax_anthrax"	0.125	0.125	0.125	0	0	0	0	0	0.125	0	0	0	0	0	0	0	0	0	0	0	0	0	0	0	0	0	0	0	0	0	0	0	0	0	0	0	0	0	0	0	0	0	0	0	0	0	0	0	0
"Eucera_gracilipes"	0.125	0	0	0	0.125	0.125	0	0	0	0.125	0	0	0	0	0	0	0	0	0	0	0	0	0	0	0	0	0	0	0	0	0	0	0	0	0	0	0	0	0	0	0	0	0	0	0	0	0	0	0
"Hyleaus_canariensis"	0.125	0.125	0	0	0	0.125	0.125	0	0	0	0	0	0	0	0	0	0	0	0	0	0	0	0	0	0	0	0	0	0	0	0	0	0	0	0	0	0	0	0	0	0	0	0	0	0	0	0	0	0
"Lasioglossum_viride"	0.125	0.125	0.125	0	0	0	0	0	0.125	0	0	0	0	0	0	0	0	0	0	0	0	0	0	0	0	0	0	0	0	0	0	0	0	0	0	0	0	0	0	0	0	0	0	0	0	0	0	0	0
"Linnaemyia_soror"	0.125	0.125	0	0.125	0	0	0	0.125	0	0	0	0	0	0	0	0	0	0	0	0	0	0	0	0	0	0	0	0	0	0	0	0	0	0	0	0	0	0	0	0	0	0	0	0	0	0	0	0	0
"Cephalodromia_sp1_M_PL_008"	0	0.166666666666667	0	0	0	0	0.166666666666667	0.166666666666667	0	0	0	0	0	0	0	0	0	0	0	0	0	0	0	0	0	0	0	0	0	0	0	0	0	0	0	0	0	0	0	0	0	0	0	0	0	0	0	0	0
"Cyclyrius_webbianus"	0	0	0.166666666666667	0.166666666666667	0.166666666666667	0	0	0	0	0	0	0	0	0	0	0	0	0	0	0	0	0	0	0	0	0	0	0	0	0	0	0	0	0	0	0	0	0	0	0	0	0	0	0	0	0	0	0	0
"Estheria_simonyi"	0.166666666666667	0	0.166666666666667	0.166666666666667	0	0	0	0	0	0	0	0	0	0	0	0	0	0	0	0	0	0	0	0	0	0	0	0	0	0	0	0	0	0	0	0	0	0	0	0	0	0	0	0	0	0	0	0	0
"Lasioglossum_actifrons"	0	0.166666666666667	0	0.166666666666667	0	0	0	0	0.166666666666667	0	0	0	0	0	0	0	0	0	0	0	0	0	0	0	0	0	0	0	0	0	0	0	0	0	0	0	0	0	0	0	0	0	0	0	0	0	0	0	0
"Melecta_curvispina"	0.166666666666667	0	0.166666666666667	0	0.166666666666667	0	0	0	0	0	0	0	0	0	0	0	0	0	0	0	0	0	0	0	0	0	0	0	0	0	0	0	0	0	0	0	0	0	0	0	0	0	0	0	0	0	0	0	0
"Osmia_canariensis"	0	0	0.166666666666667	0	0.166666666666667	0	0	0	0	0	0.166666666666667	0	0	0	0	0	0	0	0	0	0	0	0	0	0	0	0	0	0	0	0	0	0	0	0	0	0	0	0	0	0	0	0	0	0	0	0	0	0
"Andrena_wollestoni"	0	0	0	0	0	0.25	0.25	0	0	0	0	0	0	0	0	0	0	0	0	0	0	0	0	0	0	0	0	0	0	0	0	0	0	0	0	0	0	0	0	0	0	0	0	0	0	0	0	0	0
"Colletes_dimidiatus"	0	0	0	0.25	0	0.25	0	0	0	0	0	0	0	0	0	0	0	0	0	0	0	0	0	0	0	0	0	0	0	0	0	0	0	0	0	0	0	0	0	0	0	0	0	0	0	0	0	0	0
"Gasteruption_sp1_M_PL_008"	0	0.25	0.25	0	0	0	0	0	0	0	0	0	0	0	0	0	0	0	0	0	0	0	0	0	0	0	0	0	0	0	0	0	0	0	0	0	0	0	0	0	0	0	0	0	0	0	0	0	0
"Lucilia_sericata"	0	0	0.25	0	0	0	0	0.25	0	0	0	0	0	0	0	0	0	0	0	0	0	0	0	0	0	0	0	0	0	0	0	0	0	0	0	0	0	0	0	0	0	0	0	0	0	0	0	0	0
"Macroglossum_stellatarum"	0.25	0	0	0	0.25	0	0	0	0	0	0	0	0	0	0	0	0	0	0	0	0	0	0	0	0	0	0	0	0	0	0	0	0	0	0	0	0	0	0	0	0	0	0	0	0	0	0	0	0
"Scaeva_albomaculata"	0	0	0.25	0	0	0	0	0	0.25	0	0	0	0	0	0	0	0	0	0	0	0	0	0	0	0	0	0	0	0	0	0	0	0	0	0	0	0	0	0	0	0	0	0	0	0	0	0	0	0
"Stomorhina_lunata"	0.25	0	0	0.25	0	0	0	0	0	0	0	0	0	0	0	0	0	0	0	0	0	0	0	0	0	0	0	0	0	0	0	0	0	0	0	0	0	0	0	0	0	0	0	0	0	0	0	0	0
"Unidentified_sp1_M_PL_008"	0.25	0	0	0	0	0	0	0.25	0	0	0	0	0	0	0	0	0	0	0	0	0	0	0	0	0	0	0	0	0	0	0	0	0	0	0	0	0	0	0	0	0	0	0	0	0	0	0	0	0
"Anthidium_manicatum"	0	0	0	0	0	0	0	0	0	0.5	0	0	0	0	0	0	0	0	0	0	0	0	0	0	0	0	0	0	0	0	0	0	0	0	0	0	0	0	0	0	0	0	0	0	0	0	0	0	0
"Bibio_elmoi"	0	0	0	0.5	0	0	0	0	0	0	0	0	0	0	0	0	0	0	0	0	0	0	0	0	0	0	0	0	0	0	0	0	0	0	0	0	0	0	0	0	0	0	0	0	0	0	0	0	0
"Dermasothes_gracile"	0	0.5	0	0	0	0	0	0	0	0	0	0	0	0	0	0	0	0	0	0	0	0	0	0	0	0	0	0	0	0	0	0	0	0	0	0	0	0	0	0	0	0	0	0	0	0	0	0	0
"Drosophila_sp1_M_PL_008"	0	0	0	0	0	0	0	0.5	0	0	0	0	0	0	0	0	0	0	0	0	0	0	0	0	0	0	0	0	0	0	0	0	0	0	0	0	0	0	0	0	0	0	0	0	0	0	0	0	0
"Lasioglossum_chalcodes"	0.5	0	0	0	0	0	0	0	0	0	0	0	0	0	0	0	0	0	0	0	0	0	0	0	0	0	0	0	0	0	0	0	0	0	0	0	0	0	0	0	0	0	0	0	0	0	0	0	0
"Leptochilus_eatoni"	0	0.5	0	0	0	0	0	0	0	0	0	0	0	0	0	0	0	0	0	0	0	0	0	0	0	0	0	0	0	0	0	0	0	0	0	0	0	0	0	0	0	0	0	0	0	0	0	0	0
"Nyctia_lugubris"	0	0.5	0	0	0	0	0	0	0	0	0	0	0	0	0	0	0	0	0	0	0	0	0	0	0	0	0	0	0	0	0	0	0	0	0	0	0	0	0	0	0	0	0	0	0	0	0	0	0
"Peleteria_ruficornis"	0	0	0	0.5	0	0	0	0	0	0	0	0	0	0	0	0	0	0	0	0	0	0	0	0	0	0	0	0	0	0	0	0	0	0	0	0	0	0	0	0	0	0	0	0	0	0	0	0	0
"Phylloscopus_collybita"	0.5	0	0	0	0	0	0	0	0	0	0	0	0	0	0	0	0	0	0	0	0	0	0	0	0	0	0	0	0	0	0	0	0	0	0	0	0	0	0	0	0	0	0	0	0	0	0	0	0
"Serinus_canarius"	0.5	0	0	0	0	0	0	0	0	0	0	0	0	0	0	0	0	0	0	0	0	0	0	0	0	0	0	0	0	0	0	0	0	0	0	0	0	0	0	0	0	0	0	0	0	0	0	0	0
"Tachina_canariensis"	0	0	0	0.5	0	0	0	0	0	0	0	0	0	0	0	0	0	0	0	0	0	0	0	0	0	0	0	0	0	0	0	0	0	0	0	0	0	0	0	0	0	0	0	0	0	0	0	0	0
"Tachysphex_unicolor"	0	0	0	0	0	0	0	0	0.5	0	0	0	0	0	0	0	0	0	0	0	0	0	0	0	0	0	0	0	0	0	0	0	0	0	0	0	0	0	0	0	0	0	0	0	0	0	0	0	0
