"Claytonia_virginica"	"Erythronium_umbilicatum"	"Stellaria_pubera"	"Thalictrum_thalictroides"	"Cardamine_angustata_angustata"	"Hepatica_americana"	"Sangiunaria_canadensis"	"Tiarella_cordifolia_collina"	"Aesculus_sylvatica"	"Viola_papilionacea"	"Uvularia_sessilifolia"	"Podophyllum_peltatum"	"Trillium_catesbei"	"Bombylius_major"	"Andrena_erigeniae"	"Andrena_nigrihirta"	"Andrena_tridens"	"Apis_mellifera"	"Nomada_sp1_M_PL_025"	"Bombus_bimaculatus"	"Gonia_sp1_M_PL_025"	"Halictid_sp1_M_PL_025"	"Dialictus_abanci"	"Hylema_platura"	"Osmia_conjucta"	"Nomada_perplexa"	"Andrena_carlini"	"Platycheirus_obscurus"	"Osmia_sp1_M_PL_025"	"Nomada_pygmaea"	"Andrena_nasonii"	"Evylaeus_macoupinensis"	"Osmia_lignaria"	"Augochlora_pura"	"Toxomerous_geminatus"	"Ceratina_calcarata"	"Dialictus_cressonii"	"Euchlo_creusa_lotta"	"Xylocopa_virginica_virginica"	"Osmia_atriventris"	"Andrena_violae"	"Bombus_pennsylvanicus"	"Ephemoropsis_laboriosa"	"Nomada_luteola"	"Andrena_arabis"	"Andrena_ziziaeformis"	"Augochorella_striata"	"Lycaenopsis_argiolus"	"Unidentified_sp1_M_PL_025"	"Andrena_ceanothi"	"Andrena_dunningi"	"Andrena_imatrix"	"Andrena_personata"	"Lassioglossum_fuscipenne"	"Nomada_bishopii"	"Nomada_sayi"	"Osmia_simillima"
"Claytonia_virginica"	0	0	0	0	0	0	0	0	0	0	0	0	0	0.0166666666666667	0.0166666666666667	0.0166666666666667	0.0166666666666667	0.0166666666666667	0.0166666666666667	0	0.0166666666666667	0.0166666666666667	0.0166666666666667	0.0166666666666667	0.0166666666666667	0.0166666666666667	0.0166666666666667	0.0166666666666667	0.0166666666666667	0.0166666666666667	0.0166666666666667	0.0166666666666667	0.0166666666666667	0.0166666666666667	0.0166666666666667	0.0166666666666667	0.0166666666666667	0.0166666666666667	0.0166666666666667	0	0	0	0	0	0	0.0166666666666667	0.0166666666666667	0.0166666666666667	0	0.0166666666666667	0	0.0166666666666667	0	0	0	0	0
"Erythronium_umbilicatum"	0	0	0	0	0	0	0	0	0	0	0	0	0	0.0357142857142857	0	0.0357142857142857	0.0357142857142857	0.0357142857142857	0.0357142857142857	0	0	0	0.0357142857142857	0	0.0357142857142857	0.0357142857142857	0.0357142857142857	0	0.0357142857142857	0	0	0	0.0357142857142857	0.0357142857142857	0	0	0	0	0.0357142857142857	0	0	0	0	0	0	0	0.0357142857142857	0	0	0	0	0	0	0	0	0	0
"Stellaria_pubera"	0	0	0	0	0	0	0	0	0	0	0	0	0	0.0238095238095238	0.0238095238095238	0.0238095238095238	0	0	0.0238095238095238	0	0.0238095238095238	0	0.0238095238095238	0	0.0238095238095238	0.0238095238095238	0.0238095238095238	0.0238095238095238	0.0238095238095238	0.0238095238095238	0.0238095238095238	0	0	0.0238095238095238	0.0238095238095238	0.0238095238095238	0	0	0	0.0238095238095238	0	0	0	0.0238095238095238	0	0	0	0	0	0	0	0	0.0238095238095238	0	0.0238095238095238	0.0238095238095238	0
"Thalictrum_thalictroides"	0	0	0	0	0	0	0	0	0	0	0	0	0	0.05	0.05	0	0	0	0.05	0	0.05	0.05	0.05	0	0	0	0	0.05	0.05	0	0	0.05	0	0	0	0.05	0	0	0	0	0	0	0	0	0	0	0	0	0	0	0	0	0	0	0	0	0
"Cardamine_angustata_angustata"	0	0	0	0	0	0	0	0	0	0	0	0	0	0.0208333333333333	0.0208333333333333	0.0208333333333333	0.0208333333333333	0.0208333333333333	0.0208333333333333	0.0208333333333333	0.0208333333333333	0	0	0	0.0208333333333333	0.0208333333333333	0.0208333333333333	0.0208333333333333	0.0208333333333333	0.0208333333333333	0.0208333333333333	0	0.0208333333333333	0.0208333333333333	0	0	0	0.0208333333333333	0.0208333333333333	0	0	0.0208333333333333	0	0	0.0208333333333333	0	0	0	0.0208333333333333	0	0.0208333333333333	0	0	0.0208333333333333	0	0	0
"Hepatica_americana"	0	0	0	0	0	0	0	0	0	0	0	0	0	0.0416666666666667	0	0.0416666666666667	0.0416666666666667	0.0416666666666667	0.0416666666666667	0.0416666666666667	0.0416666666666667	0.0416666666666667	0.0416666666666667	0.0416666666666667	0	0	0.0416666666666667	0	0	0	0	0.0416666666666667	0	0	0	0	0	0	0	0	0	0	0	0	0	0	0	0	0	0	0	0	0	0	0	0	0
"Sangiunaria_canadensis"	0	0	0	0	0	0	0	0	0	0	0	0	0	0.0714285714285714	0	0	0	0.0714285714285714	0	0.0714285714285714	0	0	0	0	0	0	0.0714285714285714	0	0	0	0	0	0	0	0.0714285714285714	0	0.0714285714285714	0	0.0714285714285714	0	0	0	0	0	0	0	0	0	0	0	0	0	0	0	0	0	0
"Tiarella_cordifolia_collina"	0	0	0	0	0	0	0	0	0	0	0	0	0	0.0714285714285714	0	0	0	0.0714285714285714	0	0.0714285714285714	0	0	0	0	0.0714285714285714	0	0	0	0	0	0	0.0714285714285714	0	0	0	0	0.0714285714285714	0	0	0	0	0	0.0714285714285714	0	0	0	0	0	0	0	0	0	0	0	0	0	0
"Aesculus_sylvatica"	0	0	0	0	0	0	0	0	0	0	0	0	0	0	0	0	0	0	0	0.166666666666667	0	0	0	0	0	0	0	0	0	0	0	0	0	0	0	0	0	0	0	0	0	0.166666666666667	0.166666666666667	0	0	0	0	0	0	0	0	0	0	0	0	0	0
"Viola_papilionacea"	0	0	0	0	0	0	0	0	0	0	0	0	0	0.1	0	0	0	0	0	0	0	0	0	0	0.1	0	0	0	0	0	0	0	0	0	0	0	0	0	0	0.1	0.1	0	0	0	0	0	0	0	0	0	0	0	0	0	0	0	0.1
"Uvularia_sessilifolia"	0	0	0	0	0	0	0	0	0	0	0	0	0	0	0	0.1	0.1	0	0	0	0	0	0.1	0	0	0	0	0	0	0	0	0.1	0	0	0	0	0	0	0	0	0	0	0	0	0	0.1	0	0	0	0	0	0	0	0	0	0	0
"Podophyllum_peltatum"	0	0	0	0	0	0	0	0	0	0	0	0	0	0	0	0	0	0	0	0.25	0	0	0	0	0	0	0	0	0	0	0	0	0	0	0	0	0	0	0.25	0	0	0	0	0	0	0	0	0	0	0	0	0	0	0	0	0	0
"Trillium_catesbei"	0	0	0	0	0	0	0	0	0	0	0	0	0	0	0	0	0	0	0	0.166666666666667	0	0	0	0	0	0	0.166666666666667	0	0	0	0	0	0	0	0	0	0	0	0.166666666666667	0	0	0	0	0	0	0	0	0	0	0	0	0	0	0	0	0	0
"Bombylius_major"	0.0555555555555556	0.0555555555555556	0.0555555555555556	0.0555555555555556	0.0555555555555556	0.0555555555555556	0.0555555555555556	0.0555555555555556	0	0.0555555555555556	0	0	0	0	0	0	0	0	0	0	0	0	0	0	0	0	0	0	0	0	0	0	0	0	0	0	0	0	0	0	0	0	0	0	0	0	0	0	0	0	0	0	0	0	0	0	0
"Andrena_erigeniae"	0.125	0	0.125	0.125	0.125	0	0	0	0	0	0	0	0	0	0	0	0	0	0	0	0	0	0	0	0	0	0	0	0	0	0	0	0	0	0	0	0	0	0	0	0	0	0	0	0	0	0	0	0	0	0	0	0	0	0	0	0
"Andrena_nigrihirta"	0.0833333333333333	0.0833333333333333	0.0833333333333333	0	0.0833333333333333	0.0833333333333333	0	0	0	0	0.0833333333333333	0	0	0	0	0	0	0	0	0	0	0	0	0	0	0	0	0	0	0	0	0	0	0	0	0	0	0	0	0	0	0	0	0	0	0	0	0	0	0	0	0	0	0	0	0	0
"Andrena_tridens"	0.1	0.1	0	0	0.1	0.1	0	0	0	0	0.1	0	0	0	0	0	0	0	0	0	0	0	0	0	0	0	0	0	0	0	0	0	0	0	0	0	0	0	0	0	0	0	0	0	0	0	0	0	0	0	0	0	0	0	0	0	0
"Apis_mellifera"	0.0833333333333333	0.0833333333333333	0	0	0.0833333333333333	0.0833333333333333	0.0833333333333333	0.0833333333333333	0	0	0	0	0	0	0	0	0	0	0	0	0	0	0	0	0	0	0	0	0	0	0	0	0	0	0	0	0	0	0	0	0	0	0	0	0	0	0	0	0	0	0	0	0	0	0	0	0
"Nomada_sp1_M_PL_025"	0.0833333333333333	0.0833333333333333	0.0833333333333333	0.0833333333333333	0.0833333333333333	0.0833333333333333	0	0	0	0	0	0	0	0	0	0	0	0	0	0	0	0	0	0	0	0	0	0	0	0	0	0	0	0	0	0	0	0	0	0	0	0	0	0	0	0	0	0	0	0	0	0	0	0	0	0	0
"Bombus_bimaculatus"	0	0	0	0	0.0714285714285714	0.0714285714285714	0.0714285714285714	0.0714285714285714	0.0714285714285714	0	0	0.0714285714285714	0.0714285714285714	0	0	0	0	0	0	0	0	0	0	0	0	0	0	0	0	0	0	0	0	0	0	0	0	0	0	0	0	0	0	0	0	0	0	0	0	0	0	0	0	0	0	0	0
"Gonia_sp1_M_PL_025"	0.1	0	0.1	0.1	0.1	0.1	0	0	0	0	0	0	0	0	0	0	0	0	0	0	0	0	0	0	0	0	0	0	0	0	0	0	0	0	0	0	0	0	0	0	0	0	0	0	0	0	0	0	0	0	0	0	0	0	0	0	0
"Halictid_sp1_M_PL_025"	0.166666666666667	0	0	0.166666666666667	0	0.166666666666667	0	0	0	0	0	0	0	0	0	0	0	0	0	0	0	0	0	0	0	0	0	0	0	0	0	0	0	0	0	0	0	0	0	0	0	0	0	0	0	0	0	0	0	0	0	0	0	0	0	0	0
"Dialictus_abanci"	0.0833333333333333	0.0833333333333333	0.0833333333333333	0.0833333333333333	0	0.0833333333333333	0	0	0	0	0.0833333333333333	0	0	0	0	0	0	0	0	0	0	0	0	0	0	0	0	0	0	0	0	0	0	0	0	0	0	0	0	0	0	0	0	0	0	0	0	0	0	0	0	0	0	0	0	0	0
"Hylema_platura"	0.25	0	0	0	0	0.25	0	0	0	0	0	0	0	0	0	0	0	0	0	0	0	0	0	0	0	0	0	0	0	0	0	0	0	0	0	0	0	0	0	0	0	0	0	0	0	0	0	0	0	0	0	0	0	0	0	0	0
"Osmia_conjucta"	0.0833333333333333	0.0833333333333333	0.0833333333333333	0	0.0833333333333333	0	0	0.0833333333333333	0	0.0833333333333333	0	0	0	0	0	0	0	0	0	0	0	0	0	0	0	0	0	0	0	0	0	0	0	0	0	0	0	0	0	0	0	0	0	0	0	0	0	0	0	0	0	0	0	0	0	0	0
"Nomada_perplexa"	0.125	0.125	0.125	0	0.125	0	0	0	0	0	0	0	0	0	0	0	0	0	0	0	0	0	0	0	0	0	0	0	0	0	0	0	0	0	0	0	0	0	0	0	0	0	0	0	0	0	0	0	0	0	0	0	0	0	0	0	0
"Andrena_carlini"	0.0714285714285714	0.0714285714285714	0.0714285714285714	0	0.0714285714285714	0.0714285714285714	0.0714285714285714	0	0	0	0	0	0.0714285714285714	0	0	0	0	0	0	0	0	0	0	0	0	0	0	0	0	0	0	0	0	0	0	0	0	0	0	0	0	0	0	0	0	0	0	0	0	0	0	0	0	0	0	0	0
"Platycheirus_obscurus"	0.125	0	0.125	0.125	0.125	0	0	0	0	0	0	0	0	0	0	0	0	0	0	0	0	0	0	0	0	0	0	0	0	0	0	0	0	0	0	0	0	0	0	0	0	0	0	0	0	0	0	0	0	0	0	0	0	0	0	0	0
"Osmia_sp1_M_PL_025"	0.1	0.1	0.1	0.1	0.1	0	0	0	0	0	0	0	0	0	0	0	0	0	0	0	0	0	0	0	0	0	0	0	0	0	0	0	0	0	0	0	0	0	0	0	0	0	0	0	0	0	0	0	0	0	0	0	0	0	0	0	0
"Nomada_pygmaea"	0.166666666666667	0	0.166666666666667	0	0.166666666666667	0	0	0	0	0	0	0	0	0	0	0	0	0	0	0	0	0	0	0	0	0	0	0	0	0	0	0	0	0	0	0	0	0	0	0	0	0	0	0	0	0	0	0	0	0	0	0	0	0	0	0	0
"Andrena_nasonii"	0.166666666666667	0	0.166666666666667	0	0.166666666666667	0	0	0	0	0	0	0	0	0	0	0	0	0	0	0	0	0	0	0	0	0	0	0	0	0	0	0	0	0	0	0	0	0	0	0	0	0	0	0	0	0	0	0	0	0	0	0	0	0	0	0	0
"Evylaeus_macoupinensis"	0.1	0	0	0.1	0	0.1	0	0.1	0	0	0.1	0	0	0	0	0	0	0	0	0	0	0	0	0	0	0	0	0	0	0	0	0	0	0	0	0	0	0	0	0	0	0	0	0	0	0	0	0	0	0	0	0	0	0	0	0	0
"Osmia_lignaria"	0.166666666666667	0.166666666666667	0	0	0.166666666666667	0	0	0	0	0	0	0	0	0	0	0	0	0	0	0	0	0	0	0	0	0	0	0	0	0	0	0	0	0	0	0	0	0	0	0	0	0	0	0	0	0	0	0	0	0	0	0	0	0	0	0	0
"Augochlora_pura"	0.125	0.125	0.125	0	0.125	0	0	0	0	0	0	0	0	0	0	0	0	0	0	0	0	0	0	0	0	0	0	0	0	0	0	0	0	0	0	0	0	0	0	0	0	0	0	0	0	0	0	0	0	0	0	0	0	0	0	0	0
"Toxomerous_geminatus"	0.166666666666667	0	0.166666666666667	0	0	0	0.166666666666667	0	0	0	0	0	0	0	0	0	0	0	0	0	0	0	0	0	0	0	0	0	0	0	0	0	0	0	0	0	0	0	0	0	0	0	0	0	0	0	0	0	0	0	0	0	0	0	0	0	0
"Ceratina_calcarata"	0.166666666666667	0	0.166666666666667	0.166666666666667	0	0	0	0	0	0	0	0	0	0	0	0	0	0	0	0	0	0	0	0	0	0	0	0	0	0	0	0	0	0	0	0	0	0	0	0	0	0	0	0	0	0	0	0	0	0	0	0	0	0	0	0	0
"Dialictus_cressonii"	0.166666666666667	0	0	0	0	0	0.166666666666667	0.166666666666667	0	0	0	0	0	0	0	0	0	0	0	0	0	0	0	0	0	0	0	0	0	0	0	0	0	0	0	0	0	0	0	0	0	0	0	0	0	0	0	0	0	0	0	0	0	0	0	0	0
"Euchlo_creusa_lotta"	0.25	0	0	0	0.25	0	0	0	0	0	0	0	0	0	0	0	0	0	0	0	0	0	0	0	0	0	0	0	0	0	0	0	0	0	0	0	0	0	0	0	0	0	0	0	0	0	0	0	0	0	0	0	0	0	0	0	0
"Xylocopa_virginica_virginica"	0.0833333333333333	0.0833333333333333	0	0	0.0833333333333333	0	0.0833333333333333	0	0	0	0	0.0833333333333333	0.0833333333333333	0	0	0	0	0	0	0	0	0	0	0	0	0	0	0	0	0	0	0	0	0	0	0	0	0	0	0	0	0	0	0	0	0	0	0	0	0	0	0	0	0	0	0	0
"Osmia_atriventris"	0	0	0.25	0	0	0	0	0	0	0.25	0	0	0	0	0	0	0	0	0	0	0	0	0	0	0	0	0	0	0	0	0	0	0	0	0	0	0	0	0	0	0	0	0	0	0	0	0	0	0	0	0	0	0	0	0	0	0
"Andrena_violae"	0	0	0	0	0	0	0	0	0	0.5	0	0	0	0	0	0	0	0	0	0	0	0	0	0	0	0	0	0	0	0	0	0	0	0	0	0	0	0	0	0	0	0	0	0	0	0	0	0	0	0	0	0	0	0	0	0	0
"Bombus_pennsylvanicus"	0	0	0	0	0.25	0	0	0	0.25	0	0	0	0	0	0	0	0	0	0	0	0	0	0	0	0	0	0	0	0	0	0	0	0	0	0	0	0	0	0	0	0	0	0	0	0	0	0	0	0	0	0	0	0	0	0	0	0
"Ephemoropsis_laboriosa"	0	0	0	0	0	0	0	0.25	0.25	0	0	0	0	0	0	0	0	0	0	0	0	0	0	0	0	0	0	0	0	0	0	0	0	0	0	0	0	0	0	0	0	0	0	0	0	0	0	0	0	0	0	0	0	0	0	0	0
"Nomada_luteola"	0	0	0.5	0	0	0	0	0	0	0	0	0	0	0	0	0	0	0	0	0	0	0	0	0	0	0	0	0	0	0	0	0	0	0	0	0	0	0	0	0	0	0	0	0	0	0	0	0	0	0	0	0	0	0	0	0	0
"Andrena_arabis"	0	0	0	0	0.5	0	0	0	0	0	0	0	0	0	0	0	0	0	0	0	0	0	0	0	0	0	0	0	0	0	0	0	0	0	0	0	0	0	0	0	0	0	0	0	0	0	0	0	0	0	0	0	0	0	0	0	0
"Andrena_ziziaeformis"	0.25	0	0	0	0	0	0	0	0	0	0.25	0	0	0	0	0	0	0	0	0	0	0	0	0	0	0	0	0	0	0	0	0	0	0	0	0	0	0	0	0	0	0	0	0	0	0	0	0	0	0	0	0	0	0	0	0	0
"Augochorella_striata"	0.25	0.25	0	0	0	0	0	0	0	0	0	0	0	0	0	0	0	0	0	0	0	0	0	0	0	0	0	0	0	0	0	0	0	0	0	0	0	0	0	0	0	0	0	0	0	0	0	0	0	0	0	0	0	0	0	0	0
"Lycaenopsis_argiolus"	0.5	0	0	0	0	0	0	0	0	0	0	0	0	0	0	0	0	0	0	0	0	0	0	0	0	0	0	0	0	0	0	0	0	0	0	0	0	0	0	0	0	0	0	0	0	0	0	0	0	0	0	0	0	0	0	0	0
"Unidentified_sp1_M_PL_025"	0	0	0	0	0.5	0	0	0	0	0	0	0	0	0	0	0	0	0	0	0	0	0	0	0	0	0	0	0	0	0	0	0	0	0	0	0	0	0	0	0	0	0	0	0	0	0	0	0	0	0	0	0	0	0	0	0	0
"Andrena_ceanothi"	0.5	0	0	0	0	0	0	0	0	0	0	0	0	0	0	0	0	0	0	0	0	0	0	0	0	0	0	0	0	0	0	0	0	0	0	0	0	0	0	0	0	0	0	0	0	0	0	0	0	0	0	0	0	0	0	0	0
"Andrena_dunningi"	0	0	0	0	0.5	0	0	0	0	0	0	0	0	0	0	0	0	0	0	0	0	0	0	0	0	0	0	0	0	0	0	0	0	0	0	0	0	0	0	0	0	0	0	0	0	0	0	0	0	0	0	0	0	0	0	0	0
"Andrena_imatrix"	0.5	0	0	0	0	0	0	0	0	0	0	0	0	0	0	0	0	0	0	0	0	0	0	0	0	0	0	0	0	0	0	0	0	0	0	0	0	0	0	0	0	0	0	0	0	0	0	0	0	0	0	0	0	0	0	0	0
"Andrena_personata"	0	0	0.5	0	0	0	0	0	0	0	0	0	0	0	0	0	0	0	0	0	0	0	0	0	0	0	0	0	0	0	0	0	0	0	0	0	0	0	0	0	0	0	0	0	0	0	0	0	0	0	0	0	0	0	0	0	0
"Lassioglossum_fuscipenne"	0	0	0	0	0.5	0	0	0	0	0	0	0	0	0	0	0	0	0	0	0	0	0	0	0	0	0	0	0	0	0	0	0	0	0	0	0	0	0	0	0	0	0	0	0	0	0	0	0	0	0	0	0	0	0	0	0	0
"Nomada_bishopii"	0	0	0.5	0	0	0	0	0	0	0	0	0	0	0	0	0	0	0	0	0	0	0	0	0	0	0	0	0	0	0	0	0	0	0	0	0	0	0	0	0	0	0	0	0	0	0	0	0	0	0	0	0	0	0	0	0	0
"Nomada_sayi"	0	0	0.5	0	0	0	0	0	0	0	0	0	0	0	0	0	0	0	0	0	0	0	0	0	0	0	0	0	0	0	0	0	0	0	0	0	0	0	0	0	0	0	0	0	0	0	0	0	0	0	0	0	0	0	0	0	0
"Osmia_simillima"	0	0	0	0	0	0	0	0	0	0.5	0	0	0	0	0	0	0	0	0	0	0	0	0	0	0	0	0	0	0	0	0	0	0	0	0	0	0	0	0	0	0	0	0	0	0	0	0	0	0	0	0	0	0	0	0	0	0
