"Sideroxylon_cinereum"	"Geniostoma_borbonicum"	"Croton_fothergillifolius"	"Aphloia_theiformis"	"Psiadia_terebinthina"	"Erythroxylum_macrocarpum"	"Toddalia_asiatica"	"Molinaea_alternifolia"	"Claoxylon_linostachys"	"Antirhea_borbonica"	"Roussea_simplex"	"Pachycerina_crinicornis"	"Melanostoma_annulipes"	"Apis_mellifera"	"Stomorhina_lunata"	"Musca_domestica"	"Stomoxys_niger"	"Fannia_pusio"	"Stomoxys_calcitrans"	"Brachymyrmex_sp1_M_PL_060"	"Nacoleia_sp1_M_PL_060"	"Technomyrmex_albipes"	"Zosterops_mauritianus"	"Chrysomya_megacephala"	"Henotesia_narcissus"	"Miridae_sp1_M_PL_060"	"Nyctemera_insulare"	"Orthellia_albigena"	"Ceratitis_roas"	"Chaetocnema_sp1_M_PL_060"	"Homoneura_quadrivittata"	"Lygistorrhina_sp1_M_PL_060"	"Ophyra_capensis"	"Orchisia_costata"	"Chironomidae_sp1_M_PL_060"	"Cicadellidae_sp1_M_PL_060"	"Dysauxes_florida"	"Episyrphus_sp1_M_PL_060"	"Eristalinus_flaveolus"	"Ischiodon_aegyptius"	"Limnophora_quaterna"	"Ornidia_obesa"	"Pelecophora_intemipta"	"Psyllidae_sp1_M_PL_060"	"Sapromyza_sp1_M_PL_060"	"Scirtidae_sp1_M_PL_060"	"Scirtidae_sp2_M_PL_060"	"Syritta_nigrofemorata"	"Tarundia_servillei"	"Tettigoniidae_sp1_M_PL_060"
"Sideroxylon_cinereum"	0	0	0	0	0	0	0	0	0	0	0	0.0454545454545455	0.0454545454545455	0.0454545454545455	0.0454545454545455	0.0454545454545455	0.0454545454545455	0.0454545454545455	0.0454545454545455	0	0	0	0.0454545454545455	0	0	0	0	0	0	0	0	0	0	0	0.0454545454545455	0	0	0	0	0	0	0	0	0	0.0454545454545455	0	0	0	0	0
"Geniostoma_borbonicum"	0	0	0	0	0	0	0	0	0	0	0	0.0357142857142857	0.0357142857142857	0	0	0.0357142857142857	0.0357142857142857	0.0357142857142857	0	0	0.0357142857142857	0	0	0	0	0	0.0357142857142857	0.0357142857142857	0.0357142857142857	0	0.0357142857142857	0	0	0.0357142857142857	0	0	0	0	0.0357142857142857	0	0	0	0	0	0	0	0.0357142857142857	0	0.0357142857142857	0
"Croton_fothergillifolius"	0	0	0	0	0	0	0	0	0	0	0	0.0416666666666667	0.0416666666666667	0	0.0416666666666667	0.0416666666666667	0	0	0.0416666666666667	0	0.0416666666666667	0	0	0.0416666666666667	0	0	0	0	0	0	0	0	0	0	0	0	0.0416666666666667	0	0	0.0416666666666667	0	0.0416666666666667	0	0.0416666666666667	0	0	0	0.0416666666666667	0	0
"Aphloia_theiformis"	0	0	0	0	0	0	0	0	0	0	0	0.0357142857142857	0.0357142857142857	0	0.0357142857142857	0.0357142857142857	0.0357142857142857	0.0357142857142857	0.0357142857142857	0	0.0357142857142857	0.0357142857142857	0.0357142857142857	0.0357142857142857	0	0	0.0357142857142857	0	0	0	0	0	0	0	0	0	0	0	0	0	0.0357142857142857	0	0.0357142857142857	0	0	0	0	0	0	0
"Psiadia_terebinthina"	0	0	0	0	0	0	0	0	0	0	0	0.0454545454545455	0.0454545454545455	0	0.0454545454545455	0.0454545454545455	0	0.0454545454545455	0.0454545454545455	0	0	0	0	0.0454545454545455	0	0	0	0.0454545454545455	0	0.0454545454545455	0	0	0.0454545454545455	0	0	0.0454545454545455	0	0	0	0	0	0	0	0	0	0	0	0	0	0
"Erythroxylum_macrocarpum"	0	0	0	0	0	0	0	0	0	0	0	0	0.0555555555555556	0	0.0555555555555556	0.0555555555555556	0.0555555555555556	0	0.0555555555555556	0	0	0	0.0555555555555556	0	0	0.0555555555555556	0	0	0.0555555555555556	0	0	0	0.0555555555555556	0	0	0	0	0	0	0	0	0	0	0	0	0	0	0	0	0
"Toddalia_asiatica"	0	0	0	0	0	0	0	0	0	0	0	0.05	0.05	0	0.05	0	0	0	0.05	0	0	0	0	0	0.05	0.05	0	0	0	0.05	0	0	0	0.05	0	0	0	0.05	0	0	0	0	0	0	0	0.05	0	0	0	0
"Molinaea_alternifolia"	0	0	0	0	0	0	0	0	0	0	0	0	0.1	0	0	0	0	0	0	0.1	0	0.1	0	0	0.1	0	0	0	0	0	0	0	0	0	0	0	0	0	0	0	0	0	0	0	0	0	0	0	0	0.1
"Claoxylon_linostachys"	0	0	0	0	0	0	0	0	0	0	0	0.0833333333333333	0.0833333333333333	0	0	0	0.0833333333333333	0	0	0	0	0.0833333333333333	0	0	0	0.0833333333333333	0	0	0	0	0	0.0833333333333333	0	0	0	0	0	0	0	0	0	0	0	0	0	0	0	0	0	0
"Antirhea_borbonica"	0	0	0	0	0	0	0	0	0	0	0	0	0.25	0	0	0	0	0	0	0	0.25	0	0	0	0	0	0	0	0	0	0	0	0	0	0	0	0	0	0	0	0	0	0	0	0	0	0	0	0	0
"Roussea_simplex"	0	0	0	0	0	0	0	0	0	0	0	0	0	0	0	0	0	0	0	0	0	0	0	0	0.5	0	0	0	0	0	0	0	0	0	0	0	0	0	0	0	0	0	0	0	0	0	0	0	0	0
"Pachycerina_crinicornis"	0.0714285714285714	0.0714285714285714	0.0714285714285714	0.0714285714285714	0.0714285714285714	0	0.0714285714285714	0	0.0714285714285714	0	0	0	0	0	0	0	0	0	0	0	0	0	0	0	0	0	0	0	0	0	0	0	0	0	0	0	0	0	0	0	0	0	0	0	0	0	0	0	0	0
"Melanostoma_annulipes"	0.05	0.05	0.05	0.05	0.05	0.05	0.05	0.05	0.05	0.05	0	0	0	0	0	0	0	0	0	0	0	0	0	0	0	0	0	0	0	0	0	0	0	0	0	0	0	0	0	0	0	0	0	0	0	0	0	0	0	0
"Apis_mellifera"	0.5	0	0	0	0	0	0	0	0	0	0	0	0	0	0	0	0	0	0	0	0	0	0	0	0	0	0	0	0	0	0	0	0	0	0	0	0	0	0	0	0	0	0	0	0	0	0	0	0	0
"Stomorhina_lunata"	0.0833333333333333	0	0.0833333333333333	0.0833333333333333	0.0833333333333333	0.0833333333333333	0.0833333333333333	0	0	0	0	0	0	0	0	0	0	0	0	0	0	0	0	0	0	0	0	0	0	0	0	0	0	0	0	0	0	0	0	0	0	0	0	0	0	0	0	0	0	0
"Musca_domestica"	0.0833333333333333	0.0833333333333333	0.0833333333333333	0.0833333333333333	0.0833333333333333	0.0833333333333333	0	0	0	0	0	0	0	0	0	0	0	0	0	0	0	0	0	0	0	0	0	0	0	0	0	0	0	0	0	0	0	0	0	0	0	0	0	0	0	0	0	0	0	0
"Stomoxys_niger"	0.1	0.1	0	0.1	0	0.1	0	0	0.1	0	0	0	0	0	0	0	0	0	0	0	0	0	0	0	0	0	0	0	0	0	0	0	0	0	0	0	0	0	0	0	0	0	0	0	0	0	0	0	0	0
"Fannia_pusio"	0.125	0.125	0	0.125	0.125	0	0	0	0	0	0	0	0	0	0	0	0	0	0	0	0	0	0	0	0	0	0	0	0	0	0	0	0	0	0	0	0	0	0	0	0	0	0	0	0	0	0	0	0	0
"Stomoxys_calcitrans"	0.0833333333333333	0	0.0833333333333333	0.0833333333333333	0.0833333333333333	0.0833333333333333	0.0833333333333333	0	0	0	0	0	0	0	0	0	0	0	0	0	0	0	0	0	0	0	0	0	0	0	0	0	0	0	0	0	0	0	0	0	0	0	0	0	0	0	0	0	0	0
"Brachymyrmex_sp1_M_PL_060"	0	0	0	0	0	0	0	0.5	0	0	0	0	0	0	0	0	0	0	0	0	0	0	0	0	0	0	0	0	0	0	0	0	0	0	0	0	0	0	0	0	0	0	0	0	0	0	0	0	0	0
"Nacoleia_sp1_M_PL_060"	0	0.125	0.125	0.125	0	0	0	0	0	0.125	0	0	0	0	0	0	0	0	0	0	0	0	0	0	0	0	0	0	0	0	0	0	0	0	0	0	0	0	0	0	0	0	0	0	0	0	0	0	0	0
"Technomyrmex_albipes"	0	0	0	0.166666666666667	0	0	0	0.166666666666667	0.166666666666667	0	0	0	0	0	0	0	0	0	0	0	0	0	0	0	0	0	0	0	0	0	0	0	0	0	0	0	0	0	0	0	0	0	0	0	0	0	0	0	0	0
"Zosterops_mauritianus"	0.166666666666667	0	0	0.166666666666667	0	0.166666666666667	0	0	0	0	0	0	0	0	0	0	0	0	0	0	0	0	0	0	0	0	0	0	0	0	0	0	0	0	0	0	0	0	0	0	0	0	0	0	0	0	0	0	0	0
"Chrysomya_megacephala"	0	0	0.166666666666667	0.166666666666667	0.166666666666667	0	0	0	0	0	0	0	0	0	0	0	0	0	0	0	0	0	0	0	0	0	0	0	0	0	0	0	0	0	0	0	0	0	0	0	0	0	0	0	0	0	0	0	0	0
"Henotesia_narcissus"	0	0	0	0	0	0	0.166666666666667	0.166666666666667	0	0	0.166666666666667	0	0	0	0	0	0	0	0	0	0	0	0	0	0	0	0	0	0	0	0	0	0	0	0	0	0	0	0	0	0	0	0	0	0	0	0	0	0	0
"Miridae_sp1_M_PL_060"	0	0	0	0	0	0.166666666666667	0.166666666666667	0	0.166666666666667	0	0	0	0	0	0	0	0	0	0	0	0	0	0	0	0	0	0	0	0	0	0	0	0	0	0	0	0	0	0	0	0	0	0	0	0	0	0	0	0	0
"Nyctemera_insulare"	0	0.25	0	0.25	0	0	0	0	0	0	0	0	0	0	0	0	0	0	0	0	0	0	0	0	0	0	0	0	0	0	0	0	0	0	0	0	0	0	0	0	0	0	0	0	0	0	0	0	0	0
"Orthellia_albigena"	0	0.25	0	0	0.25	0	0	0	0	0	0	0	0	0	0	0	0	0	0	0	0	0	0	0	0	0	0	0	0	0	0	0	0	0	0	0	0	0	0	0	0	0	0	0	0	0	0	0	0	0
"Ceratitis_roas"	0	0.25	0	0	0	0.25	0	0	0	0	0	0	0	0	0	0	0	0	0	0	0	0	0	0	0	0	0	0	0	0	0	0	0	0	0	0	0	0	0	0	0	0	0	0	0	0	0	0	0	0
"Chaetocnema_sp1_M_PL_060"	0	0	0	0	0.25	0	0.25	0	0	0	0	0	0	0	0	0	0	0	0	0	0	0	0	0	0	0	0	0	0	0	0	0	0	0	0	0	0	0	0	0	0	0	0	0	0	0	0	0	0	0
"Homoneura_quadrivittata"	0	0.5	0	0	0	0	0	0	0	0	0	0	0	0	0	0	0	0	0	0	0	0	0	0	0	0	0	0	0	0	0	0	0	0	0	0	0	0	0	0	0	0	0	0	0	0	0	0	0	0
"Lygistorrhina_sp1_M_PL_060"	0	0	0	0	0	0	0	0	0.5	0	0	0	0	0	0	0	0	0	0	0	0	0	0	0	0	0	0	0	0	0	0	0	0	0	0	0	0	0	0	0	0	0	0	0	0	0	0	0	0	0
"Ophyra_capensis"	0	0	0	0	0.25	0.25	0	0	0	0	0	0	0	0	0	0	0	0	0	0	0	0	0	0	0	0	0	0	0	0	0	0	0	0	0	0	0	0	0	0	0	0	0	0	0	0	0	0	0	0
"Orchisia_costata"	0	0.25	0	0	0	0	0.25	0	0	0	0	0	0	0	0	0	0	0	0	0	0	0	0	0	0	0	0	0	0	0	0	0	0	0	0	0	0	0	0	0	0	0	0	0	0	0	0	0	0	0
"Chironomidae_sp1_M_PL_060"	0.5	0	0	0	0	0	0	0	0	0	0	0	0	0	0	0	0	0	0	0	0	0	0	0	0	0	0	0	0	0	0	0	0	0	0	0	0	0	0	0	0	0	0	0	0	0	0	0	0	0
"Cicadellidae_sp1_M_PL_060"	0	0	0	0	0.5	0	0	0	0	0	0	0	0	0	0	0	0	0	0	0	0	0	0	0	0	0	0	0	0	0	0	0	0	0	0	0	0	0	0	0	0	0	0	0	0	0	0	0	0	0
"Dysauxes_florida"	0	0	0.5	0	0	0	0	0	0	0	0	0	0	0	0	0	0	0	0	0	0	0	0	0	0	0	0	0	0	0	0	0	0	0	0	0	0	0	0	0	0	0	0	0	0	0	0	0	0	0
"Episyrphus_sp1_M_PL_060"	0	0	0	0	0	0	0.5	0	0	0	0	0	0	0	0	0	0	0	0	0	0	0	0	0	0	0	0	0	0	0	0	0	0	0	0	0	0	0	0	0	0	0	0	0	0	0	0	0	0	0
"Eristalinus_flaveolus"	0	0.5	0	0	0	0	0	0	0	0	0	0	0	0	0	0	0	0	0	0	0	0	0	0	0	0	0	0	0	0	0	0	0	0	0	0	0	0	0	0	0	0	0	0	0	0	0	0	0	0
"Ischiodon_aegyptius"	0	0	0.5	0	0	0	0	0	0	0	0	0	0	0	0	0	0	0	0	0	0	0	0	0	0	0	0	0	0	0	0	0	0	0	0	0	0	0	0	0	0	0	0	0	0	0	0	0	0	0
"Limnophora_quaterna"	0	0	0	0.5	0	0	0	0	0	0	0	0	0	0	0	0	0	0	0	0	0	0	0	0	0	0	0	0	0	0	0	0	0	0	0	0	0	0	0	0	0	0	0	0	0	0	0	0	0	0
"Ornidia_obesa"	0	0	0.5	0	0	0	0	0	0	0	0	0	0	0	0	0	0	0	0	0	0	0	0	0	0	0	0	0	0	0	0	0	0	0	0	0	0	0	0	0	0	0	0	0	0	0	0	0	0	0
"Pelecophora_intemipta"	0	0	0	0.5	0	0	0	0	0	0	0	0	0	0	0	0	0	0	0	0	0	0	0	0	0	0	0	0	0	0	0	0	0	0	0	0	0	0	0	0	0	0	0	0	0	0	0	0	0	0
"Psyllidae_sp1_M_PL_060"	0	0	0.5	0	0	0	0	0	0	0	0	0	0	0	0	0	0	0	0	0	0	0	0	0	0	0	0	0	0	0	0	0	0	0	0	0	0	0	0	0	0	0	0	0	0	0	0	0	0	0
"Sapromyza_sp1_M_PL_060"	0.5	0	0	0	0	0	0	0	0	0	0	0	0	0	0	0	0	0	0	0	0	0	0	0	0	0	0	0	0	0	0	0	0	0	0	0	0	0	0	0	0	0	0	0	0	0	0	0	0	0
"Scirtidae_sp1_M_PL_060"	0	0	0	0	0	0	0.5	0	0	0	0	0	0	0	0	0	0	0	0	0	0	0	0	0	0	0	0	0	0	0	0	0	0	0	0	0	0	0	0	0	0	0	0	0	0	0	0	0	0	0
"Scirtidae_sp2_M_PL_060"	0	0.5	0	0	0	0	0	0	0	0	0	0	0	0	0	0	0	0	0	0	0	0	0	0	0	0	0	0	0	0	0	0	0	0	0	0	0	0	0	0	0	0	0	0	0	0	0	0	0	0
"Syritta_nigrofemorata"	0	0	0.5	0	0	0	0	0	0	0	0	0	0	0	0	0	0	0	0	0	0	0	0	0	0	0	0	0	0	0	0	0	0	0	0	0	0	0	0	0	0	0	0	0	0	0	0	0	0	0
"Tarundia_servillei"	0	0.5	0	0	0	0	0	0	0	0	0	0	0	0	0	0	0	0	0	0	0	0	0	0	0	0	0	0	0	0	0	0	0	0	0	0	0	0	0	0	0	0	0	0	0	0	0	0	0	0
"Tettigoniidae_sp1_M_PL_060"	0	0	0	0	0	0	0	0.5	0	0	0	0	0	0	0	0	0	0	0	0	0	0	0	0	0	0	0	0	0	0	0	0	0	0	0	0	0	0	0	0	0	0	0	0	0	0	0	0	0	0
