"Sideroxylon_cinereum"	"Homalanthus_populifolius"	"Croton_fothergillifolius"	"Toddalia_asiatica"	"Aphloia_theiformis"	"Erythroxylum_macrocarpum"	"Psiadia_terebinthina"	"Antirhea_borbonica"	"Doratoxylon_apetalum"	"Dodonaea_viscosa"	"Trochetia_blackburniana"	"Chaetocnema_sp1_M_PL_073"	"Fannia_pusio"	"Apis_mellifera"	"Stomorhina_lunata"	"Melanostoma_annulipes"	"Musca_domestica"	"Stomoxys_calcitrans"	"Dysauxes_florida"	"Nacoleia_sp2_M_PL_073"	"Pachycerina_crinicornis"	"Episyrphus_sp1_M_PL_073"	"Gelechioidea_sp1_M_PL_073"	"Mauritiborium_undulatus"	"Technomyrmex_albipes"	"Allograpta_nasuta"	"Chrysomya_megacephala"	"Nacoleia_sp1_M_PL_073"	"Stomoxys_niger"	"Cotesia_sp1_M_PL_073"	"Orthellia_albigena"	"Cheloninae_sp1_M_PL_073"	"Henotesia_narcissus"	"Hydrotaea_fuliginosa"	"Lygistorrhina_sp1_M_PL_073"	"Melanostoma_bituberculatum"	"Panara_naso"	"Sapromyza_sp1_M_PL_073"	"Scopariinae_sp1_M_PL_073"	"Zosterops_mauritianus"	"Brachymyrmex_sp1_M_PL_073"	"Cixiidae_sp1_M_PL_073"	"Lecithoceridae_sp1_M_PL_073"	"Melanagromyza_sojae"	"Polistes_hebraeus"	"Psyllidae_sp1_M_PL_073"	"Scirtidae_sp1_M_PL_073"	"Thelairodrino_sp1_M_PL_073"
"Sideroxylon_cinereum"	0	0	0	0	0	0	0	0	0	0	0	0	0.03125	0.03125	0.03125	0.03125	0.03125	0.03125	0	0	0.03125	0	0.03125	0	0	0.03125	0.03125	0	0	0	0.03125	0	0.03125	0	0	0	0	0	0.03125	0.03125	0	0	0.03125	0.03125	0	0	0	0
"Homalanthus_populifolius"	0	0	0	0	0	0	0	0	0	0	0	0.05	0.05	0	0.05	0.05	0	0	0	0	0	0.05	0	0.05	0	0	0	0.05	0.05	0.05	0	0	0	0.05	0	0	0	0	0	0	0	0	0	0	0	0	0	0
"Croton_fothergillifolius"	0	0	0	0	0	0	0	0	0	0	0	0.0333333333333333	0	0.0333333333333333	0.0333333333333333	0.0333333333333333	0.0333333333333333	0.0333333333333333	0	0	0.0333333333333333	0	0.0333333333333333	0	0	0.0333333333333333	0.0333333333333333	0.0333333333333333	0	0	0	0	0	0	0	0	0.0333333333333333	0	0.0333333333333333	0	0	0	0	0	0	0	0.0333333333333333	0.0333333333333333
"Toddalia_asiatica"	0	0	0	0	0	0	0	0	0	0	0	0.0454545454545455	0.0454545454545455	0	0.0454545454545455	0.0454545454545455	0	0	0.0454545454545455	0	0.0454545454545455	0	0	0	0	0.0454545454545455	0.0454545454545455	0.0454545454545455	0	0	0	0	0	0	0	0	0	0.0454545454545455	0	0	0.0454545454545455	0	0	0	0	0	0	0
"Aphloia_theiformis"	0	0	0	0	0	0	0	0	0	0	0	0.0384615384615385	0	0.0384615384615385	0.0384615384615385	0.0384615384615385	0.0384615384615385	0.0384615384615385	0	0	0.0384615384615385	0	0	0	0.0384615384615385	0.0384615384615385	0.0384615384615385	0	0	0	0	0	0	0	0	0	0.0384615384615385	0.0384615384615385	0	0	0	0	0	0	0.0384615384615385	0	0	0
"Erythroxylum_macrocarpum"	0	0	0	0	0	0	0	0	0	0	0	0.0384615384615385	0	0	0.0384615384615385	0.0384615384615385	0	0.0384615384615385	0.0384615384615385	0	0	0.0384615384615385	0.0384615384615385	0.0384615384615385	0.0384615384615385	0	0	0	0.0384615384615385	0	0	0	0	0	0.0384615384615385	0.0384615384615385	0	0	0	0	0	0	0	0	0	0.0384615384615385	0	0
"Psiadia_terebinthina"	0	0	0	0	0	0	0	0	0	0	0	0.0454545454545455	0	0.0454545454545455	0.0454545454545455	0.0454545454545455	0	0.0454545454545455	0.0454545454545455	0.0454545454545455	0	0.0454545454545455	0	0.0454545454545455	0	0	0.0454545454545455	0	0.0454545454545455	0	0	0	0	0	0	0	0	0	0	0	0	0	0	0	0	0	0	0
"Antirhea_borbonica"	0	0	0	0	0	0	0	0	0	0	0	0	0	0	0	0	0	0	0	0.25	0	0	0	0	0	0	0	0.25	0	0	0	0	0	0	0	0	0	0	0	0	0	0	0	0	0	0	0	0
"Doratoxylon_apetalum"	0	0	0	0	0	0	0	0	0	0	0	0	0	0	0.25	0	0	0	0	0	0	0.25	0	0	0	0	0	0	0	0	0	0	0	0	0	0	0	0	0	0	0	0	0	0	0	0	0	0
"Dodonaea_viscosa"	0	0	0	0	0	0	0	0	0	0	0	0	0	0	0	0.1	0.1	0	0	0	0	0	0	0	0	0	0	0	0.1	0	0	0.1	0	0	0	0	0	0	0	0	0	0.1	0	0	0	0	0	0
"Trochetia_blackburniana"	0	0	0	0	0	0	0	0	0	0	0	0	0	0.5	0	0	0	0	0	0	0	0	0	0	0	0	0	0	0	0	0	0	0	0	0	0	0	0	0	0	0	0	0	0	0	0	0	0
"Chaetocnema_sp1_M_PL_073"	0	0.0833333333333333	0.0833333333333333	0.0833333333333333	0.0833333333333333	0.0833333333333333	0.0833333333333333	0	0	0	0	0	0	0	0	0	0	0	0	0	0	0	0	0	0	0	0	0	0	0	0	0	0	0	0	0	0	0	0	0	0	0	0	0	0	0	0	0
"Fannia_pusio"	0.166666666666667	0.166666666666667	0	0.166666666666667	0	0	0	0	0	0	0	0	0	0	0	0	0	0	0	0	0	0	0	0	0	0	0	0	0	0	0	0	0	0	0	0	0	0	0	0	0	0	0	0	0	0	0	0
"Apis_mellifera"	0.1	0	0.1	0	0.1	0	0.1	0	0	0	0.1	0	0	0	0	0	0	0	0	0	0	0	0	0	0	0	0	0	0	0	0	0	0	0	0	0	0	0	0	0	0	0	0	0	0	0	0	0
"Stomorhina_lunata"	0.0625	0.0625	0.0625	0.0625	0.0625	0.0625	0.0625	0	0.0625	0	0	0	0	0	0	0	0	0	0	0	0	0	0	0	0	0	0	0	0	0	0	0	0	0	0	0	0	0	0	0	0	0	0	0	0	0	0	0
"Melanostoma_annulipes"	0.0625	0.0625	0.0625	0.0625	0.0625	0.0625	0.0625	0	0	0.0625	0	0	0	0	0	0	0	0	0	0	0	0	0	0	0	0	0	0	0	0	0	0	0	0	0	0	0	0	0	0	0	0	0	0	0	0	0	0
"Musca_domestica"	0.125	0	0.125	0	0.125	0	0	0	0	0.125	0	0	0	0	0	0	0	0	0	0	0	0	0	0	0	0	0	0	0	0	0	0	0	0	0	0	0	0	0	0	0	0	0	0	0	0	0	0
"Stomoxys_calcitrans"	0.1	0	0.1	0	0.1	0.1	0.1	0	0	0	0	0	0	0	0	0	0	0	0	0	0	0	0	0	0	0	0	0	0	0	0	0	0	0	0	0	0	0	0	0	0	0	0	0	0	0	0	0
"Dysauxes_florida"	0	0	0	0.166666666666667	0	0.166666666666667	0.166666666666667	0	0	0	0	0	0	0	0	0	0	0	0	0	0	0	0	0	0	0	0	0	0	0	0	0	0	0	0	0	0	0	0	0	0	0	0	0	0	0	0	0
"Nacoleia_sp2_M_PL_073"	0	0	0	0	0	0	0.25	0.25	0	0	0	0	0	0	0	0	0	0	0	0	0	0	0	0	0	0	0	0	0	0	0	0	0	0	0	0	0	0	0	0	0	0	0	0	0	0	0	0
"Pachycerina_crinicornis"	0.125	0	0.125	0.125	0.125	0	0	0	0	0	0	0	0	0	0	0	0	0	0	0	0	0	0	0	0	0	0	0	0	0	0	0	0	0	0	0	0	0	0	0	0	0	0	0	0	0	0	0
"Episyrphus_sp1_M_PL_073"	0	0.125	0	0	0	0.125	0.125	0	0.125	0	0	0	0	0	0	0	0	0	0	0	0	0	0	0	0	0	0	0	0	0	0	0	0	0	0	0	0	0	0	0	0	0	0	0	0	0	0	0
"Gelechioidea_sp1_M_PL_073"	0.166666666666667	0	0.166666666666667	0	0	0.166666666666667	0	0	0	0	0	0	0	0	0	0	0	0	0	0	0	0	0	0	0	0	0	0	0	0	0	0	0	0	0	0	0	0	0	0	0	0	0	0	0	0	0	0
"Mauritiborium_undulatus"	0	0.166666666666667	0	0	0	0.166666666666667	0.166666666666667	0	0	0	0	0	0	0	0	0	0	0	0	0	0	0	0	0	0	0	0	0	0	0	0	0	0	0	0	0	0	0	0	0	0	0	0	0	0	0	0	0
"Technomyrmex_albipes"	0	0	0	0	0.25	0.25	0	0	0	0	0	0	0	0	0	0	0	0	0	0	0	0	0	0	0	0	0	0	0	0	0	0	0	0	0	0	0	0	0	0	0	0	0	0	0	0	0	0
"Allograpta_nasuta"	0.125	0	0.125	0.125	0.125	0	0	0	0	0	0	0	0	0	0	0	0	0	0	0	0	0	0	0	0	0	0	0	0	0	0	0	0	0	0	0	0	0	0	0	0	0	0	0	0	0	0	0
"Chrysomya_megacephala"	0.1	0	0.1	0.1	0.1	0	0.1	0	0	0	0	0	0	0	0	0	0	0	0	0	0	0	0	0	0	0	0	0	0	0	0	0	0	0	0	0	0	0	0	0	0	0	0	0	0	0	0	0
"Nacoleia_sp1_M_PL_073"	0	0.125	0.125	0.125	0	0	0	0.125	0	0	0	0	0	0	0	0	0	0	0	0	0	0	0	0	0	0	0	0	0	0	0	0	0	0	0	0	0	0	0	0	0	0	0	0	0	0	0	0
"Stomoxys_niger"	0	0.125	0	0	0	0.125	0.125	0	0	0.125	0	0	0	0	0	0	0	0	0	0	0	0	0	0	0	0	0	0	0	0	0	0	0	0	0	0	0	0	0	0	0	0	0	0	0	0	0	0
"Cotesia_sp1_M_PL_073"	0	0.5	0	0	0	0	0	0	0	0	0	0	0	0	0	0	0	0	0	0	0	0	0	0	0	0	0	0	0	0	0	0	0	0	0	0	0	0	0	0	0	0	0	0	0	0	0	0
"Orthellia_albigena"	0.5	0	0	0	0	0	0	0	0	0	0	0	0	0	0	0	0	0	0	0	0	0	0	0	0	0	0	0	0	0	0	0	0	0	0	0	0	0	0	0	0	0	0	0	0	0	0	0
"Cheloninae_sp1_M_PL_073"	0	0	0	0	0	0	0	0	0	0.5	0	0	0	0	0	0	0	0	0	0	0	0	0	0	0	0	0	0	0	0	0	0	0	0	0	0	0	0	0	0	0	0	0	0	0	0	0	0
"Henotesia_narcissus"	0.5	0	0	0	0	0	0	0	0	0	0	0	0	0	0	0	0	0	0	0	0	0	0	0	0	0	0	0	0	0	0	0	0	0	0	0	0	0	0	0	0	0	0	0	0	0	0	0
"Hydrotaea_fuliginosa"	0	0.5	0	0	0	0	0	0	0	0	0	0	0	0	0	0	0	0	0	0	0	0	0	0	0	0	0	0	0	0	0	0	0	0	0	0	0	0	0	0	0	0	0	0	0	0	0	0
"Lygistorrhina_sp1_M_PL_073"	0	0	0	0	0	0.5	0	0	0	0	0	0	0	0	0	0	0	0	0	0	0	0	0	0	0	0	0	0	0	0	0	0	0	0	0	0	0	0	0	0	0	0	0	0	0	0	0	0
"Melanostoma_bituberculatum"	0	0	0	0	0	0.5	0	0	0	0	0	0	0	0	0	0	0	0	0	0	0	0	0	0	0	0	0	0	0	0	0	0	0	0	0	0	0	0	0	0	0	0	0	0	0	0	0	0
"Panara_naso"	0	0	0.25	0	0.25	0	0	0	0	0	0	0	0	0	0	0	0	0	0	0	0	0	0	0	0	0	0	0	0	0	0	0	0	0	0	0	0	0	0	0	0	0	0	0	0	0	0	0
"Sapromyza_sp1_M_PL_073"	0	0	0	0.25	0.25	0	0	0	0	0	0	0	0	0	0	0	0	0	0	0	0	0	0	0	0	0	0	0	0	0	0	0	0	0	0	0	0	0	0	0	0	0	0	0	0	0	0	0
"Scopariinae_sp1_M_PL_073"	0.25	0	0.25	0	0	0	0	0	0	0	0	0	0	0	0	0	0	0	0	0	0	0	0	0	0	0	0	0	0	0	0	0	0	0	0	0	0	0	0	0	0	0	0	0	0	0	0	0
"Zosterops_mauritianus"	0.5	0	0	0	0	0	0	0	0	0	0	0	0	0	0	0	0	0	0	0	0	0	0	0	0	0	0	0	0	0	0	0	0	0	0	0	0	0	0	0	0	0	0	0	0	0	0	0
"Brachymyrmex_sp1_M_PL_073"	0	0	0	0.5	0	0	0	0	0	0	0	0	0	0	0	0	0	0	0	0	0	0	0	0	0	0	0	0	0	0	0	0	0	0	0	0	0	0	0	0	0	0	0	0	0	0	0	0
"Cixiidae_sp1_M_PL_073"	0	0	0	0	0	0	0	0	0	0.5	0	0	0	0	0	0	0	0	0	0	0	0	0	0	0	0	0	0	0	0	0	0	0	0	0	0	0	0	0	0	0	0	0	0	0	0	0	0
"Lecithoceridae_sp1_M_PL_073"	0.5	0	0	0	0	0	0	0	0	0	0	0	0	0	0	0	0	0	0	0	0	0	0	0	0	0	0	0	0	0	0	0	0	0	0	0	0	0	0	0	0	0	0	0	0	0	0	0
"Melanagromyza_sojae"	0.5	0	0	0	0	0	0	0	0	0	0	0	0	0	0	0	0	0	0	0	0	0	0	0	0	0	0	0	0	0	0	0	0	0	0	0	0	0	0	0	0	0	0	0	0	0	0	0
"Polistes_hebraeus"	0	0	0	0	0.5	0	0	0	0	0	0	0	0	0	0	0	0	0	0	0	0	0	0	0	0	0	0	0	0	0	0	0	0	0	0	0	0	0	0	0	0	0	0	0	0	0	0	0
"Psyllidae_sp1_M_PL_073"	0	0	0	0	0	0.5	0	0	0	0	0	0	0	0	0	0	0	0	0	0	0	0	0	0	0	0	0	0	0	0	0	0	0	0	0	0	0	0	0	0	0	0	0	0	0	0	0	0
"Scirtidae_sp1_M_PL_073"	0	0	0.5	0	0	0	0	0	0	0	0	0	0	0	0	0	0	0	0	0	0	0	0	0	0	0	0	0	0	0	0	0	0	0	0	0	0	0	0	0	0	0	0	0	0	0	0	0
"Thelairodrino_sp1_M_PL_073"	0	0	0.5	0	0	0	0	0	0	0	0	0	0	0	0	0	0	0	0	0	0	0	0	0	0	0	0	0	0	0	0	0	0	0	0	0	0	0	0	0	0	0	0	0	0	0	0	0
