"Angelica_sylvestris"	"Chaerophyllum_temulentum"	"Silene_dioica"	"Stachys_sylvatica"	"Lapsana_communis"	"Geranium_robertianum"	"Vicia_sepium"	"Veronica_agrestis"	"Unidentified_sp1_M_PL_038"	"Anaspis_flava"	"Meligethes_sp1_M_PL_038"	"Unidentified_sp2_M_PL_038"	"Adscita_statices"	"Apocrita_sp1_M_PL_038"	"Byturus_aestivus"	"Crambus_pratella"	"Dasytes_plumbeus"	"Unidentified_sp3_M_PL_038"	"Unidentified_sp4_M_PL_038"	"Anaspis_rufilabris"	"Bombus_hortorum"	"Bombus_pascuorum"	"Chrysogaster_solstitialis"	"Leptura_rubra"	"Nemophora_degeerella"	"Olibrus_aeneus"	"Unidentified_sp5_M_PL_038"	"Unidentified_sp6_M_PL_038"	"Unidentified_sp7_M_PL_038"	"Anaspis_frontalis"	"Aphantopus_hyperantus"	"Ceuthorrhynchus_pollinarius_Forster"	"Episyrphus_balteatus"	"Epuraea_depressa_Illiger"	"Eumerus_tuberculatus"	"Grammoptera_ruficornis"	"Maniola_jurtina"	"Melanostoma_scalare"	"Polyommatus_icarus"	"Rhingia_campestris"	"Rhynchites_germanicus"	"Strophosomus_capitatus_de_Geer"	"Unidentified_sp10_M_PL_038"	"Unidentified_sp11_M_PL_038"	"Unidentified_sp12_M_PL_038"	"Unidentified_sp13_M_PL_038"	"Unidentified_sp14_M_PL_038"	"Unidentified_sp8_M_PL_038"	"Unidentified_sp9_M_PL_038"	"Volucella_pellucens"
"Angelica_sylvestris"	0	0	0	0	0	0	0	0	0.0294117647058824	0	0.0294117647058824	0.0294117647058824	0	0	0.0294117647058824	0.0294117647058824	0.0294117647058824	0.0294117647058824	0	0.0294117647058824	0	0	0.0294117647058824	0.0294117647058824	0	0	0.0294117647058824	0	0	0	0.0294117647058824	0	0	0.0294117647058824	0	0.0294117647058824	0	0	0	0	0	0	0.0294117647058824	0	0	0	0	0.0294117647058824	0	0.0294117647058824
"Chaerophyllum_temulentum"	0	0	0	0	0	0	0	0	0.0333333333333333	0.0333333333333333	0.0333333333333333	0.0333333333333333	0	0.0333333333333333	0	0.0333333333333333	0.0333333333333333	0.0333333333333333	0	0.0333333333333333	0	0	0.0333333333333333	0.0333333333333333	0.0333333333333333	0	0.0333333333333333	0.0333333333333333	0	0	0	0	0	0	0	0	0	0	0	0	0	0	0	0	0	0	0.0333333333333333	0	0	0
"Silene_dioica"	0	0	0	0	0	0	0	0	0	0.0384615384615385	0	0	0.0384615384615385	0.0384615384615385	0.0384615384615385	0	0.0384615384615385	0	0	0	0	0	0	0	0	0.0384615384615385	0	0	0	0	0	0	0.0384615384615385	0	0	0	0.0384615384615385	0	0.0384615384615385	0	0.0384615384615385	0.0384615384615385	0	0	0.0384615384615385	0.0384615384615385	0	0	0	0
"Stachys_sylvatica"	0	0	0	0	0	0	0	0	0.0454545454545455	0	0.0454545454545455	0.0454545454545455	0	0.0454545454545455	0	0.0454545454545455	0	0	0.0454545454545455	0	0.0454545454545455	0.0454545454545455	0	0	0.0454545454545455	0	0	0	0	0.0454545454545455	0	0	0	0	0	0	0	0	0	0.0454545454545455	0	0	0	0	0	0	0	0	0	0
"Lapsana_communis"	0	0	0	0	0	0	0	0	0.0555555555555556	0.0555555555555556	0.0555555555555556	0	0	0	0	0	0	0.0555555555555556	0.0555555555555556	0	0	0	0	0	0	0	0	0.0555555555555556	0	0	0	0.0555555555555556	0	0	0	0	0	0.0555555555555556	0	0	0	0	0	0.0555555555555556	0	0	0	0	0	0
"Geranium_robertianum"	0	0	0	0	0	0	0	0	0	0	0	0.0833333333333333	0.0833333333333333	0	0.0833333333333333	0	0	0	0	0	0.0833333333333333	0	0	0	0	0.0833333333333333	0	0	0.0833333333333333	0	0	0	0	0	0	0	0	0	0	0	0	0	0	0	0	0	0	0	0	0
"Vicia_sepium"	0	0	0	0	0	0	0	0	0.0833333333333333	0.0833333333333333	0	0	0.0833333333333333	0	0	0	0	0	0	0	0	0.0833333333333333	0	0	0	0	0	0	0	0	0	0	0	0	0.0833333333333333	0	0	0	0	0	0	0	0	0	0	0	0	0	0.0833333333333333	0
"Veronica_agrestis"	0	0	0	0	0	0	0	0	0	0	0	0	0	0	0	0	0	0	0.25	0	0	0	0	0	0	0	0	0	0.25	0	0	0	0	0	0	0	0	0	0	0	0	0	0	0	0	0	0	0	0	0
"Unidentified_sp1_M_PL_038"	0.1	0.1	0	0.1	0.1	0	0.1	0	0	0	0	0	0	0	0	0	0	0	0	0	0	0	0	0	0	0	0	0	0	0	0	0	0	0	0	0	0	0	0	0	0	0	0	0	0	0	0	0	0	0
"Anaspis_flava"	0	0.125	0.125	0	0.125	0	0.125	0	0	0	0	0	0	0	0	0	0	0	0	0	0	0	0	0	0	0	0	0	0	0	0	0	0	0	0	0	0	0	0	0	0	0	0	0	0	0	0	0	0	0
"Meligethes_sp1_M_PL_038"	0.125	0.125	0	0.125	0.125	0	0	0	0	0	0	0	0	0	0	0	0	0	0	0	0	0	0	0	0	0	0	0	0	0	0	0	0	0	0	0	0	0	0	0	0	0	0	0	0	0	0	0	0	0
"Unidentified_sp2_M_PL_038"	0.125	0.125	0	0.125	0	0.125	0	0	0	0	0	0	0	0	0	0	0	0	0	0	0	0	0	0	0	0	0	0	0	0	0	0	0	0	0	0	0	0	0	0	0	0	0	0	0	0	0	0	0	0
"Adscita_statices"	0	0	0.166666666666667	0	0	0.166666666666667	0.166666666666667	0	0	0	0	0	0	0	0	0	0	0	0	0	0	0	0	0	0	0	0	0	0	0	0	0	0	0	0	0	0	0	0	0	0	0	0	0	0	0	0	0	0	0
"Apocrita_sp1_M_PL_038"	0	0.166666666666667	0.166666666666667	0.166666666666667	0	0	0	0	0	0	0	0	0	0	0	0	0	0	0	0	0	0	0	0	0	0	0	0	0	0	0	0	0	0	0	0	0	0	0	0	0	0	0	0	0	0	0	0	0	0
"Byturus_aestivus"	0.166666666666667	0	0.166666666666667	0	0	0.166666666666667	0	0	0	0	0	0	0	0	0	0	0	0	0	0	0	0	0	0	0	0	0	0	0	0	0	0	0	0	0	0	0	0	0	0	0	0	0	0	0	0	0	0	0	0
"Crambus_pratella"	0.166666666666667	0.166666666666667	0	0.166666666666667	0	0	0	0	0	0	0	0	0	0	0	0	0	0	0	0	0	0	0	0	0	0	0	0	0	0	0	0	0	0	0	0	0	0	0	0	0	0	0	0	0	0	0	0	0	0
"Dasytes_plumbeus"	0.166666666666667	0.166666666666667	0.166666666666667	0	0	0	0	0	0	0	0	0	0	0	0	0	0	0	0	0	0	0	0	0	0	0	0	0	0	0	0	0	0	0	0	0	0	0	0	0	0	0	0	0	0	0	0	0	0	0
"Unidentified_sp3_M_PL_038"	0.166666666666667	0.166666666666667	0	0	0.166666666666667	0	0	0	0	0	0	0	0	0	0	0	0	0	0	0	0	0	0	0	0	0	0	0	0	0	0	0	0	0	0	0	0	0	0	0	0	0	0	0	0	0	0	0	0	0
"Unidentified_sp4_M_PL_038"	0	0	0	0.166666666666667	0.166666666666667	0	0	0.166666666666667	0	0	0	0	0	0	0	0	0	0	0	0	0	0	0	0	0	0	0	0	0	0	0	0	0	0	0	0	0	0	0	0	0	0	0	0	0	0	0	0	0	0
"Anaspis_rufilabris"	0.25	0.25	0	0	0	0	0	0	0	0	0	0	0	0	0	0	0	0	0	0	0	0	0	0	0	0	0	0	0	0	0	0	0	0	0	0	0	0	0	0	0	0	0	0	0	0	0	0	0	0
"Bombus_hortorum"	0	0	0	0.25	0	0.25	0	0	0	0	0	0	0	0	0	0	0	0	0	0	0	0	0	0	0	0	0	0	0	0	0	0	0	0	0	0	0	0	0	0	0	0	0	0	0	0	0	0	0	0
"Bombus_pascuorum"	0	0	0	0.25	0	0	0.25	0	0	0	0	0	0	0	0	0	0	0	0	0	0	0	0	0	0	0	0	0	0	0	0	0	0	0	0	0	0	0	0	0	0	0	0	0	0	0	0	0	0	0
"Chrysogaster_solstitialis"	0.25	0.25	0	0	0	0	0	0	0	0	0	0	0	0	0	0	0	0	0	0	0	0	0	0	0	0	0	0	0	0	0	0	0	0	0	0	0	0	0	0	0	0	0	0	0	0	0	0	0	0
"Leptura_rubra"	0.25	0.25	0	0	0	0	0	0	0	0	0	0	0	0	0	0	0	0	0	0	0	0	0	0	0	0	0	0	0	0	0	0	0	0	0	0	0	0	0	0	0	0	0	0	0	0	0	0	0	0
"Nemophora_degeerella"	0	0.25	0	0.25	0	0	0	0	0	0	0	0	0	0	0	0	0	0	0	0	0	0	0	0	0	0	0	0	0	0	0	0	0	0	0	0	0	0	0	0	0	0	0	0	0	0	0	0	0	0
"Olibrus_aeneus"	0	0	0.25	0	0	0.25	0	0	0	0	0	0	0	0	0	0	0	0	0	0	0	0	0	0	0	0	0	0	0	0	0	0	0	0	0	0	0	0	0	0	0	0	0	0	0	0	0	0	0	0
"Unidentified_sp5_M_PL_038"	0.25	0.25	0	0	0	0	0	0	0	0	0	0	0	0	0	0	0	0	0	0	0	0	0	0	0	0	0	0	0	0	0	0	0	0	0	0	0	0	0	0	0	0	0	0	0	0	0	0	0	0
"Unidentified_sp6_M_PL_038"	0	0.25	0	0	0.25	0	0	0	0	0	0	0	0	0	0	0	0	0	0	0	0	0	0	0	0	0	0	0	0	0	0	0	0	0	0	0	0	0	0	0	0	0	0	0	0	0	0	0	0	0
"Unidentified_sp7_M_PL_038"	0	0	0	0	0	0.25	0	0.25	0	0	0	0	0	0	0	0	0	0	0	0	0	0	0	0	0	0	0	0	0	0	0	0	0	0	0	0	0	0	0	0	0	0	0	0	0	0	0	0	0	0
"Anaspis_frontalis"	0	0	0	0.5	0	0	0	0	0	0	0	0	0	0	0	0	0	0	0	0	0	0	0	0	0	0	0	0	0	0	0	0	0	0	0	0	0	0	0	0	0	0	0	0	0	0	0	0	0	0
"Aphantopus_hyperantus"	0.5	0	0	0	0	0	0	0	0	0	0	0	0	0	0	0	0	0	0	0	0	0	0	0	0	0	0	0	0	0	0	0	0	0	0	0	0	0	0	0	0	0	0	0	0	0	0	0	0	0
"Ceuthorrhynchus_pollinarius_Forster"	0	0	0	0	0.5	0	0	0	0	0	0	0	0	0	0	0	0	0	0	0	0	0	0	0	0	0	0	0	0	0	0	0	0	0	0	0	0	0	0	0	0	0	0	0	0	0	0	0	0	0
"Episyrphus_balteatus"	0	0	0.5	0	0	0	0	0	0	0	0	0	0	0	0	0	0	0	0	0	0	0	0	0	0	0	0	0	0	0	0	0	0	0	0	0	0	0	0	0	0	0	0	0	0	0	0	0	0	0
"Epuraea_depressa_Illiger"	0.5	0	0	0	0	0	0	0	0	0	0	0	0	0	0	0	0	0	0	0	0	0	0	0	0	0	0	0	0	0	0	0	0	0	0	0	0	0	0	0	0	0	0	0	0	0	0	0	0	0
"Eumerus_tuberculatus"	0	0	0	0	0	0	0.5	0	0	0	0	0	0	0	0	0	0	0	0	0	0	0	0	0	0	0	0	0	0	0	0	0	0	0	0	0	0	0	0	0	0	0	0	0	0	0	0	0	0	0
"Grammoptera_ruficornis"	0.5	0	0	0	0	0	0	0	0	0	0	0	0	0	0	0	0	0	0	0	0	0	0	0	0	0	0	0	0	0	0	0	0	0	0	0	0	0	0	0	0	0	0	0	0	0	0	0	0	0
"Maniola_jurtina"	0	0	0.5	0	0	0	0	0	0	0	0	0	0	0	0	0	0	0	0	0	0	0	0	0	0	0	0	0	0	0	0	0	0	0	0	0	0	0	0	0	0	0	0	0	0	0	0	0	0	0
"Melanostoma_scalare"	0	0	0	0	0.5	0	0	0	0	0	0	0	0	0	0	0	0	0	0	0	0	0	0	0	0	0	0	0	0	0	0	0	0	0	0	0	0	0	0	0	0	0	0	0	0	0	0	0	0	0
"Polyommatus_icarus"	0	0	0.5	0	0	0	0	0	0	0	0	0	0	0	0	0	0	0	0	0	0	0	0	0	0	0	0	0	0	0	0	0	0	0	0	0	0	0	0	0	0	0	0	0	0	0	0	0	0	0
"Rhingia_campestris"	0	0	0	0.5	0	0	0	0	0	0	0	0	0	0	0	0	0	0	0	0	0	0	0	0	0	0	0	0	0	0	0	0	0	0	0	0	0	0	0	0	0	0	0	0	0	0	0	0	0	0
"Rhynchites_germanicus"	0	0	0.5	0	0	0	0	0	0	0	0	0	0	0	0	0	0	0	0	0	0	0	0	0	0	0	0	0	0	0	0	0	0	0	0	0	0	0	0	0	0	0	0	0	0	0	0	0	0	0
"Strophosomus_capitatus_de_Geer"	0	0	0.5	0	0	0	0	0	0	0	0	0	0	0	0	0	0	0	0	0	0	0	0	0	0	0	0	0	0	0	0	0	0	0	0	0	0	0	0	0	0	0	0	0	0	0	0	0	0	0
"Unidentified_sp10_M_PL_038"	0.5	0	0	0	0	0	0	0	0	0	0	0	0	0	0	0	0	0	0	0	0	0	0	0	0	0	0	0	0	0	0	0	0	0	0	0	0	0	0	0	0	0	0	0	0	0	0	0	0	0
"Unidentified_sp11_M_PL_038"	0	0	0	0	0.5	0	0	0	0	0	0	0	0	0	0	0	0	0	0	0	0	0	0	0	0	0	0	0	0	0	0	0	0	0	0	0	0	0	0	0	0	0	0	0	0	0	0	0	0	0
"Unidentified_sp12_M_PL_038"	0	0	0.5	0	0	0	0	0	0	0	0	0	0	0	0	0	0	0	0	0	0	0	0	0	0	0	0	0	0	0	0	0	0	0	0	0	0	0	0	0	0	0	0	0	0	0	0	0	0	0
"Unidentified_sp13_M_PL_038"	0	0	0.5	0	0	0	0	0	0	0	0	0	0	0	0	0	0	0	0	0	0	0	0	0	0	0	0	0	0	0	0	0	0	0	0	0	0	0	0	0	0	0	0	0	0	0	0	0	0	0
"Unidentified_sp14_M_PL_038"	0	0.5	0	0	0	0	0	0	0	0	0	0	0	0	0	0	0	0	0	0	0	0	0	0	0	0	0	0	0	0	0	0	0	0	0	0	0	0	0	0	0	0	0	0	0	0	0	0	0	0
"Unidentified_sp8_M_PL_038"	0.5	0	0	0	0	0	0	0	0	0	0	0	0	0	0	0	0	0	0	0	0	0	0	0	0	0	0	0	0	0	0	0	0	0	0	0	0	0	0	0	0	0	0	0	0	0	0	0	0	0
"Unidentified_sp9_M_PL_038"	0	0	0	0	0	0	0.5	0	0	0	0	0	0	0	0	0	0	0	0	0	0	0	0	0	0	0	0	0	0	0	0	0	0	0	0	0	0	0	0	0	0	0	0	0	0	0	0	0	0	0
"Volucella_pellucens"	0.5	0	0	0	0	0	0	0	0	0	0	0	0	0	0	0	0	0	0	0	0	0	0	0	0	0	0	0	0	0	0	0	0	0	0	0	0	0	0	0	0	0	0	0	0	0	0	0	0	0
