"Pistacia_lentiscus"	"Rubus_ulmifolius"	"Rhamnus_lycioides"	"Phillyrea_angustifolia"	"Myrtus_communis"	"Olea_europaea"	"Daphne_gnidium"	"Smilax_aspera"	"Asparagus_aphyllus"	"Asparagus_aculeatus"	"Lonicera_periclymenum"	"Osyris_alba"	"Crataegus_monogyna"	"Tamus_communis"	"Pyrus_bourgaeana"	"Rubia_pregrina"	"Sylvia_atricapilla"	"Turdus_merula"	"Sylvia_borin"	"Sylvia_melanocephala"	"Erithacus_rubecula"	"Cyanopica_cyanus"	"Sylvia_cantillans"	"Turdus_philomelos"	"Ficedula_hypoleuca"	"Sylvia_communis"	"Phoenicurus_phoenicurus"	"Sturnus_unicolor"	"Sylvia_hortensis"	"Luscinia_megarhynchos"	"Muscicapa_striata"	"Saxicola_torquata"	"Sylvia_undata"
"Pistacia_lentiscus"	0	0	0	0	0	0	0	0	0	0	0	0	0	0	0	0	0.0294117647058824	0.0294117647058824	0.0294117647058824	0.0294117647058824	0.0294117647058824	0.0294117647058824	0.0294117647058824	0.0294117647058824	0.0294117647058824	0.0294117647058824	0.0294117647058824	0.0294117647058824	0.0294117647058824	0.0294117647058824	0.0294117647058824	0.0294117647058824	0.0294117647058824
"Rubus_ulmifolius"	0	0	0	0	0	0	0	0	0	0	0	0	0	0	0	0	0.0384615384615385	0.0384615384615385	0.0384615384615385	0.0384615384615385	0.0384615384615385	0.0384615384615385	0.0384615384615385	0	0.0384615384615385	0.0384615384615385	0.0384615384615385	0	0.0384615384615385	0.0384615384615385	0.0384615384615385	0	0
"Rhamnus_lycioides"	0	0	0	0	0	0	0	0	0	0	0	0	0	0	0	0	0.0416666666666667	0.0416666666666667	0.0416666666666667	0.0416666666666667	0.0416666666666667	0.0416666666666667	0.0416666666666667	0	0.0416666666666667	0.0416666666666667	0.0416666666666667	0	0	0.0416666666666667	0.0416666666666667	0	0
"Phillyrea_angustifolia"	0	0	0	0	0	0	0	0	0	0	0	0	0	0	0	0	0.0454545454545455	0.0454545454545455	0.0454545454545455	0.0454545454545455	0.0454545454545455	0.0454545454545455	0.0454545454545455	0.0454545454545455	0.0454545454545455	0.0454545454545455	0	0	0.0454545454545455	0	0	0	0
"Myrtus_communis"	0	0	0	0	0	0	0	0	0	0	0	0	0	0	0	0	0.05	0.05	0	0.05	0.05	0.05	0.05	0.05	0	0	0	0.05	0	0	0	0.05	0.05
"Olea_europaea"	0	0	0	0	0	0	0	0	0	0	0	0	0	0	0	0	0.0555555555555556	0.0555555555555556	0.0555555555555556	0.0555555555555556	0.0555555555555556	0.0555555555555556	0	0.0555555555555556	0	0	0	0.0555555555555556	0	0	0	0.0555555555555556	0
"Daphne_gnidium"	0	0	0	0	0	0	0	0	0	0	0	0	0	0	0	0	0.0714285714285714	0	0.0714285714285714	0.0714285714285714	0.0714285714285714	0	0.0714285714285714	0	0	0.0714285714285714	0.0714285714285714	0	0	0	0	0	0
"Smilax_aspera"	0	0	0	0	0	0	0	0	0	0	0	0	0	0	0	0	0.0714285714285714	0.0714285714285714	0.0714285714285714	0.0714285714285714	0.0714285714285714	0	0	0	0.0714285714285714	0	0	0	0.0714285714285714	0	0	0	0
"Asparagus_aphyllus"	0	0	0	0	0	0	0	0	0	0	0	0	0	0	0	0	0.0833333333333333	0.0833333333333333	0.0833333333333333	0.0833333333333333	0.0833333333333333	0	0	0.0833333333333333	0	0	0	0	0	0	0	0	0
"Asparagus_aculeatus"	0	0	0	0	0	0	0	0	0	0	0	0	0	0	0	0	0.1	0.1	0.1	0.1	0.1	0	0	0	0	0	0	0	0	0	0	0	0
"Lonicera_periclymenum"	0	0	0	0	0	0	0	0	0	0	0	0	0	0	0	0	0.1	0.1	0.1	0.1	0	0	0.1	0	0	0	0	0	0	0	0	0	0
"Osyris_alba"	0	0	0	0	0	0	0	0	0	0	0	0	0	0	0	0	0.1	0.1	0.1	0.1	0	0	0	0.1	0	0	0	0	0	0	0	0	0
"Crataegus_monogyna"	0	0	0	0	0	0	0	0	0	0	0	0	0	0	0	0	0.125	0.125	0	0	0	0.125	0	0	0	0	0	0.125	0	0	0	0	0
"Tamus_communis"	0	0	0	0	0	0	0	0	0	0	0	0	0	0	0	0	0	0.125	0.125	0.125	0	0.125	0	0	0	0	0	0	0	0	0	0	0
"Pyrus_bourgaeana"	0	0	0	0	0	0	0	0	0	0	0	0	0	0	0	0	0.166666666666667	0.166666666666667	0	0	0	0.166666666666667	0	0	0	0	0	0	0	0	0	0	0
"Rubia_pregrina"	0	0	0	0	0	0	0	0	0	0	0	0	0	0	0	0	0.166666666666667	0.166666666666667	0.166666666666667	0	0	0	0	0	0	0	0	0	0	0	0	0	0
"Sylvia_atricapilla"	0.0333333333333333	0.0333333333333333	0.0333333333333333	0.0333333333333333	0.0333333333333333	0.0333333333333333	0.0333333333333333	0.0333333333333333	0.0333333333333333	0.0333333333333333	0.0333333333333333	0.0333333333333333	0.0333333333333333	0	0.0333333333333333	0.0333333333333333	0	0	0	0	0	0	0	0	0	0	0	0	0	0	0	0	0
"Turdus_merula"	0.0333333333333333	0.0333333333333333	0.0333333333333333	0.0333333333333333	0.0333333333333333	0.0333333333333333	0	0.0333333333333333	0.0333333333333333	0.0333333333333333	0.0333333333333333	0.0333333333333333	0.0333333333333333	0.0333333333333333	0.0333333333333333	0.0333333333333333	0	0	0	0	0	0	0	0	0	0	0	0	0	0	0	0	0
"Sylvia_borin"	0.0384615384615385	0.0384615384615385	0.0384615384615385	0.0384615384615385	0	0.0384615384615385	0.0384615384615385	0.0384615384615385	0.0384615384615385	0.0384615384615385	0.0384615384615385	0.0384615384615385	0	0.0384615384615385	0	0.0384615384615385	0	0	0	0	0	0	0	0	0	0	0	0	0	0	0	0	0
"Sylvia_melanocephala"	0.0384615384615385	0.0384615384615385	0.0384615384615385	0.0384615384615385	0.0384615384615385	0.0384615384615385	0.0384615384615385	0.0384615384615385	0.0384615384615385	0.0384615384615385	0.0384615384615385	0.0384615384615385	0	0.0384615384615385	0	0	0	0	0	0	0	0	0	0	0	0	0	0	0	0	0	0	0
"Erithacus_rubecula"	0.05	0.05	0.05	0.05	0.05	0.05	0.05	0.05	0.05	0.05	0	0	0	0	0	0	0	0	0	0	0	0	0	0	0	0	0	0	0	0	0	0	0
"Cyanopica_cyanus"	0.0555555555555556	0.0555555555555556	0.0555555555555556	0.0555555555555556	0.0555555555555556	0.0555555555555556	0	0	0	0	0	0	0.0555555555555556	0.0555555555555556	0.0555555555555556	0	0	0	0	0	0	0	0	0	0	0	0	0	0	0	0	0	0
"Sylvia_cantillans"	0.0714285714285714	0.0714285714285714	0.0714285714285714	0.0714285714285714	0.0714285714285714	0	0.0714285714285714	0	0	0	0.0714285714285714	0	0	0	0	0	0	0	0	0	0	0	0	0	0	0	0	0	0	0	0	0	0
"Turdus_philomelos"	0.0833333333333333	0	0	0.0833333333333333	0.0833333333333333	0.0833333333333333	0	0	0.0833333333333333	0	0	0.0833333333333333	0	0	0	0	0	0	0	0	0	0	0	0	0	0	0	0	0	0	0	0	0
"Ficedula_hypoleuca"	0.1	0.1	0.1	0.1	0	0	0	0.1	0	0	0	0	0	0	0	0	0	0	0	0	0	0	0	0	0	0	0	0	0	0	0	0	0
"Sylvia_communis"	0.1	0.1	0.1	0.1	0	0	0.1	0	0	0	0	0	0	0	0	0	0	0	0	0	0	0	0	0	0	0	0	0	0	0	0	0	0
"Phoenicurus_phoenicurus"	0.125	0.125	0.125	0	0	0	0.125	0	0	0	0	0	0	0	0	0	0	0	0	0	0	0	0	0	0	0	0	0	0	0	0	0	0
"Sturnus_unicolor"	0.125	0	0	0	0.125	0.125	0	0	0	0	0	0	0.125	0	0	0	0	0	0	0	0	0	0	0	0	0	0	0	0	0	0	0	0
"Sylvia_hortensis"	0.125	0.125	0	0.125	0	0	0	0.125	0	0	0	0	0	0	0	0	0	0	0	0	0	0	0	0	0	0	0	0	0	0	0	0	0
"Luscinia_megarhynchos"	0.166666666666667	0.166666666666667	0.166666666666667	0	0	0	0	0	0	0	0	0	0	0	0	0	0	0	0	0	0	0	0	0	0	0	0	0	0	0	0	0	0
"Muscicapa_striata"	0.166666666666667	0.166666666666667	0.166666666666667	0	0	0	0	0	0	0	0	0	0	0	0	0	0	0	0	0	0	0	0	0	0	0	0	0	0	0	0	0	0
"Saxicola_torquata"	0.166666666666667	0	0	0	0.166666666666667	0.166666666666667	0	0	0	0	0	0	0	0	0	0	0	0	0	0	0	0	0	0	0	0	0	0	0	0	0	0	0
"Sylvia_undata"	0.25	0	0	0	0.25	0	0	0	0	0	0	0	0	0	0	0	0	0	0	0	0	0	0	0	0	0	0	0	0	0	0	0	0
