"R1"	"R2"	"R3"	"R4"	"R5"	"R6"	"R7"	"R8"	"R9"	"R10"	"R11"	"R12"	"R13"	"R14"	"R15"	"R16"	"R17"	"R18"	"R19"	"R20"	"R21"	"R22"	"R23"	"R24"	"C1"	"C2"	"C3"	"C4"	"C5"	"C6"	"C7"	"C8"	"C9"	"C10"	"C11"	"C12"	"C13"	"C14"	"C15"	"C16"	"C17"	"C18"	"C19"	"C20"	"C21"	"C22"	"C23"	"C24"	"C25"	"C26"
"R1"	0	0	0	0	0	0	0	0	0	0	0	0	0	0	0	0	0	0	0	0	0	0	0	0	0	0	0	0	0	0	0	0	0	0	0	0	0	0	0	0	0	0	0	0	0	0	0	0	0.25	0.25
"R2"	0	0	0	0	0	0	0	0	0	0	0	0	0	0	0	0	0	0	0	0	0	0	0	0	0	0	0	0	0	0	0	0	0	0	0	0	0	0	0	0	0	0	0	0	0	0	0.125	0.125	0.125	0.125
"R3"	0	0	0	0	0	0	0	0	0	0	0	0	0	0	0	0	0	0	0	0	0	0	0	0	0	0	0	0	0	0	0	0	0	0	0	0	0	0	0	0	0	0	0	0	0	0.125	0	0.125	0.125	0.125
"R4"	0	0	0	0	0	0	0	0	0	0	0	0	0	0	0	0	0	0	0	0	0	0	0	0	0	0	0	0	0	0	0	0	0	0	0	0	0	0	0	0	0	0	0.0714285714285714	0.0714285714285714	0.0714285714285714	0.0714285714285714	0.0714285714285714	0.0714285714285714	0	0.0714285714285714
"R5"	0	0	0	0	0	0	0	0	0	0	0	0	0	0	0	0	0	0	0	0	0	0	0	0	0	0	0	0	0	0	0	0	0	0	0	0	0	0	0	0	0	0	0	0	0.0833333333333333	0.0833333333333333	0.0833333333333333	0.0833333333333333	0.0833333333333333	0.0833333333333333
"R6"	0	0	0	0	0	0	0	0	0	0	0	0	0	0	0	0	0	0	0	0	0	0	0	0	0	0	0	0	0	0	0	0	0	0	0	0	0	0	0	0	0	0.0714285714285714	0	0	0.0714285714285714	0.0714285714285714	0.0714285714285714	0.0714285714285714	0.0714285714285714	0.0714285714285714
"R7"	0	0	0	0	0	0	0	0	0	0	0	0	0	0	0	0	0	0	0	0	0	0	0	0	0	0	0	0	0	0	0	0	0	0	0	0	0	0	0	0.05	0.05	0	0.05	0.05	0.05	0.05	0.05	0.05	0.05	0.05
"R8"	0	0	0	0	0	0	0	0	0	0	0	0	0	0	0	0	0	0	0	0	0	0	0	0	0	0	0	0	0	0	0	0	0	0	0	0	0	0	0	0	0.0555555555555556	0.0555555555555556	0	0.0555555555555556	0.0555555555555556	0.0555555555555556	0.0555555555555556	0.0555555555555556	0.0555555555555556	0.0555555555555556
"R9"	0	0	0	0	0	0	0	0	0	0	0	0	0	0	0	0	0	0	0	0	0	0	0	0	0	0	0	0	0	0	0	0	0	0	0	0	0	0	0	0	0.05	0.05	0.05	0.05	0.05	0.05	0.05	0.05	0.05	0.05
"R10"	0	0	0	0	0	0	0	0	0	0	0	0	0	0	0	0	0	0	0	0	0	0	0	0	0	0	0	0	0	0	0	0	0	0	0	0	0	0.05	0.05	0	0	0	0.05	0.05	0.05	0.05	0.05	0.05	0.05	0.05
"R11"	0	0	0	0	0	0	0	0	0	0	0	0	0	0	0	0	0	0	0	0	0	0	0	0	0	0	0	0	0	0	0	0	0	0	0	0	0	0	0.0625	0	0.0625	0	0	0.0625	0	0.0625	0.0625	0.0625	0.0625	0.0625
"R12"	0	0	0	0	0	0	0	0	0	0	0	0	0	0	0	0	0	0	0	0	0	0	0	0	0	0	0	0	0	0	0	0	0	0	0	0	0	0.0454545454545455	0.0454545454545455	0	0.0454545454545455	0	0.0454545454545455	0.0454545454545455	0.0454545454545455	0.0454545454545455	0.0454545454545455	0.0454545454545455	0.0454545454545455	0.0454545454545455
"R13"	0	0	0	0	0	0	0	0	0	0	0	0	0	0	0	0	0	0	0	0	0	0	0	0	0	0	0	0	0	0	0	0	0	0	0	0	0	0	0.0454545454545455	0	0.0454545454545455	0.0454545454545455	0.0454545454545455	0.0454545454545455	0.0454545454545455	0.0454545454545455	0.0454545454545455	0.0454545454545455	0.0454545454545455	0.0454545454545455
"R14"	0	0	0	0	0	0	0	0	0	0	0	0	0	0	0	0	0	0	0	0	0	0	0	0	0	0	0	0	0	0	0	0	0	0	0	0	0.0416666666666667	0	0.0416666666666667	0	0.0416666666666667	0.0416666666666667	0.0416666666666667	0.0416666666666667	0.0416666666666667	0.0416666666666667	0.0416666666666667	0.0416666666666667	0.0416666666666667	0.0416666666666667
"R15"	0	0	0	0	0	0	0	0	0	0	0	0	0	0	0	0	0	0	0	0	0	0	0	0	0	0	0	0	0	0	0	0	0	0	0	0	0	0.0416666666666667	0.0416666666666667	0	0.0416666666666667	0.0416666666666667	0.0416666666666667	0.0416666666666667	0.0416666666666667	0.0416666666666667	0.0416666666666667	0.0416666666666667	0.0416666666666667	0.0416666666666667
"R16"	0	0	0	0	0	0	0	0	0	0	0	0	0	0	0	0	0	0	0	0	0	0	0	0	0	0	0	0	0	0	0	0	0.0357142857142857	0.0357142857142857	0.0357142857142857	0.0357142857142857	0.0357142857142857	0	0.0357142857142857	0	0.0357142857142857	0.0357142857142857	0	0	0.0357142857142857	0.0357142857142857	0.0357142857142857	0.0357142857142857	0.0357142857142857	0.0357142857142857
"R17"	0	0	0	0	0	0	0	0	0	0	0	0	0	0	0	0	0	0	0	0	0	0	0	0	0	0	0	0	0	0	0.0333333333333333	0.0333333333333333	0	0.0333333333333333	0.0333333333333333	0.0333333333333333	0.0333333333333333	0	0.0333333333333333	0	0	0.0333333333333333	0.0333333333333333	0	0.0333333333333333	0.0333333333333333	0.0333333333333333	0.0333333333333333	0.0333333333333333	0.0333333333333333
"R18"	0	0	0	0	0	0	0	0	0	0	0	0	0	0	0	0	0	0	0	0	0	0	0	0	0	0	0	0	0	0.0294117647058824	0	0.0294117647058824	0	0	0.0294117647058824	0.0294117647058824	0	0.0294117647058824	0.0294117647058824	0.0294117647058824	0.0294117647058824	0.0294117647058824	0.0294117647058824	0.0294117647058824	0.0294117647058824	0.0294117647058824	0.0294117647058824	0.0294117647058824	0.0294117647058824	0.0294117647058824
"R19"	0	0	0	0	0	0	0	0	0	0	0	0	0	0	0	0	0	0	0	0	0	0	0	0	0	0	0	0.0227272727272727	0.0227272727272727	0.0227272727272727	0.0227272727272727	0.0227272727272727	0.0227272727272727	0	0.0227272727272727	0.0227272727272727	0.0227272727272727	0.0227272727272727	0.0227272727272727	0.0227272727272727	0.0227272727272727	0.0227272727272727	0.0227272727272727	0.0227272727272727	0.0227272727272727	0.0227272727272727	0.0227272727272727	0.0227272727272727	0.0227272727272727	0.0227272727272727
"R20"	0	0	0	0	0	0	0	0	0	0	0	0	0	0	0	0	0	0	0	0	0	0	0	0	0	0	0.0217391304347826	0	0.0217391304347826	0.0217391304347826	0.0217391304347826	0.0217391304347826	0.0217391304347826	0.0217391304347826	0.0217391304347826	0.0217391304347826	0.0217391304347826	0.0217391304347826	0.0217391304347826	0.0217391304347826	0.0217391304347826	0.0217391304347826	0.0217391304347826	0.0217391304347826	0.0217391304347826	0.0217391304347826	0.0217391304347826	0.0217391304347826	0.0217391304347826	0.0217391304347826
"R21"	0	0	0	0	0	0	0	0	0	0	0	0	0	0	0	0	0	0	0	0	0	0	0	0	0	0	0.0208333333333333	0.0208333333333333	0.0208333333333333	0.0208333333333333	0.0208333333333333	0.0208333333333333	0.0208333333333333	0.0208333333333333	0.0208333333333333	0.0208333333333333	0.0208333333333333	0.0208333333333333	0.0208333333333333	0.0208333333333333	0.0208333333333333	0.0208333333333333	0.0208333333333333	0.0208333333333333	0.0208333333333333	0.0208333333333333	0.0208333333333333	0.0208333333333333	0.0208333333333333	0.0208333333333333
"R22"	0	0	0	0	0	0	0	0	0	0	0	0	0	0	0	0	0	0	0	0	0	0	0	0	0	0.02	0.02	0.02	0.02	0.02	0.02	0.02	0.02	0.02	0.02	0.02	0.02	0.02	0.02	0.02	0.02	0.02	0.02	0.02	0.02	0.02	0.02	0.02	0.02	0.02
"R23"	0	0	0	0	0	0	0	0	0	0	0	0	0	0	0	0	0	0	0	0	0	0	0	0	0.02	0.02	0.02	0.02	0.02	0.02	0.02	0.02	0.02	0.02	0	0.02	0.02	0.02	0.02	0.02	0.02	0.02	0.02	0.02	0.02	0.02	0.02	0.02	0.02	0.02
"R24"	0	0	0	0	0	0	0	0	0	0	0	0	0	0	0	0	0	0	0	0	0	0	0	0	0.0192307692307692	0.0192307692307692	0.0192307692307692	0.0192307692307692	0.0192307692307692	0.0192307692307692	0.0192307692307692	0.0192307692307692	0.0192307692307692	0.0192307692307692	0.0192307692307692	0.0192307692307692	0.0192307692307692	0.0192307692307692	0.0192307692307692	0.0192307692307692	0.0192307692307692	0.0192307692307692	0.0192307692307692	0.0192307692307692	0.0192307692307692	0.0192307692307692	0.0192307692307692	0.0192307692307692	0.0192307692307692	0.0192307692307692
"C1"	0	0	0	0	0	0	0	0	0	0	0	0	0	0	0	0	0	0	0	0	0	0	0.25	0.25	0	0	0	0	0	0	0	0	0	0	0	0	0	0	0	0	0	0	0	0	0	0	0	0	0	0
"C2"	0	0	0	0	0	0	0	0	0	0	0	0	0	0	0	0	0	0	0	0	0	0.166666666666667	0.166666666666667	0.166666666666667	0	0	0	0	0	0	0	0	0	0	0	0	0	0	0	0	0	0	0	0	0	0	0	0	0	0
"C3"	0	0	0	0	0	0	0	0	0	0	0	0	0	0	0	0	0	0	0	0.1	0.1	0.1	0.1	0.1	0	0	0	0	0	0	0	0	0	0	0	0	0	0	0	0	0	0	0	0	0	0	0	0	0	0
"C4"	0	0	0	0	0	0	0	0	0	0	0	0	0	0	0	0	0	0	0.1	0	0.1	0.1	0.1	0.1	0	0	0	0	0	0	0	0	0	0	0	0	0	0	0	0	0	0	0	0	0	0	0	0	0	0
"C5"	0	0	0	0	0	0	0	0	0	0	0	0	0	0	0	0	0	0	0.0833333333333333	0.0833333333333333	0.0833333333333333	0.0833333333333333	0.0833333333333333	0.0833333333333333	0	0	0	0	0	0	0	0	0	0	0	0	0	0	0	0	0	0	0	0	0	0	0	0	0	0
"C6"	0	0	0	0	0	0	0	0	0	0	0	0	0	0	0	0	0	0.0714285714285714	0.0714285714285714	0.0714285714285714	0.0714285714285714	0.0714285714285714	0.0714285714285714	0.0714285714285714	0	0	0	0	0	0	0	0	0	0	0	0	0	0	0	0	0	0	0	0	0	0	0	0	0	0
"C7"	0	0	0	0	0	0	0	0	0	0	0	0	0	0	0	0	0.0714285714285714	0	0.0714285714285714	0.0714285714285714	0.0714285714285714	0.0714285714285714	0.0714285714285714	0.0714285714285714	0	0	0	0	0	0	0	0	0	0	0	0	0	0	0	0	0	0	0	0	0	0	0	0	0	0
"C8"	0	0	0	0	0	0	0	0	0	0	0	0	0	0	0	0	0.0625	0.0625	0.0625	0.0625	0.0625	0.0625	0.0625	0.0625	0	0	0	0	0	0	0	0	0	0	0	0	0	0	0	0	0	0	0	0	0	0	0	0	0	0
"C9"	0	0	0	0	0	0	0	0	0	0	0	0	0	0	0	0.0714285714285714	0	0	0.0714285714285714	0.0714285714285714	0.0714285714285714	0.0714285714285714	0.0714285714285714	0.0714285714285714	0	0	0	0	0	0	0	0	0	0	0	0	0	0	0	0	0	0	0	0	0	0	0	0	0	0
"C10"	0	0	0	0	0	0	0	0	0	0	0	0	0	0	0	0.0714285714285714	0.0714285714285714	0	0	0.0714285714285714	0.0714285714285714	0.0714285714285714	0.0714285714285714	0.0714285714285714	0	0	0	0	0	0	0	0	0	0	0	0	0	0	0	0	0	0	0	0	0	0	0	0	0	0
"C11"	0	0	0	0	0	0	0	0	0	0	0	0	0	0	0	0.0625	0.0625	0.0625	0.0625	0.0625	0.0625	0.0625	0	0.0625	0	0	0	0	0	0	0	0	0	0	0	0	0	0	0	0	0	0	0	0	0	0	0	0	0	0
"C12"	0	0	0	0	0	0	0	0	0	0	0	0	0	0	0	0.0555555555555556	0.0555555555555556	0.0555555555555556	0.0555555555555556	0.0555555555555556	0.0555555555555556	0.0555555555555556	0.0555555555555556	0.0555555555555556	0	0	0	0	0	0	0	0	0	0	0	0	0	0	0	0	0	0	0	0	0	0	0	0	0	0
"C13"	0	0	0	0	0	0	0	0	0	0	0	0	0	0.0555555555555556	0	0.0555555555555556	0.0555555555555556	0	0.0555555555555556	0.0555555555555556	0.0555555555555556	0.0555555555555556	0.0555555555555556	0.0555555555555556	0	0	0	0	0	0	0	0	0	0	0	0	0	0	0	0	0	0	0	0	0	0	0	0	0	0
"C14"	0	0	0	0	0	0	0	0	0	0.05	0	0.05	0	0	0.05	0	0	0.05	0.05	0.05	0.05	0.05	0.05	0.05	0	0	0	0	0	0	0	0	0	0	0	0	0	0	0	0	0	0	0	0	0	0	0	0	0	0
"C15"	0	0	0	0	0	0	0	0	0	0.0333333333333333	0.0333333333333333	0.0333333333333333	0.0333333333333333	0.0333333333333333	0.0333333333333333	0.0333333333333333	0.0333333333333333	0.0333333333333333	0.0333333333333333	0.0333333333333333	0.0333333333333333	0.0333333333333333	0.0333333333333333	0.0333333333333333	0	0	0	0	0	0	0	0	0	0	0	0	0	0	0	0	0	0	0	0	0	0	0	0	0	0
"C16"	0	0	0	0	0	0	0.0625	0	0	0	0	0	0	0	0	0	0	0.0625	0.0625	0.0625	0.0625	0.0625	0.0625	0.0625	0	0	0	0	0	0	0	0	0	0	0	0	0	0	0	0	0	0	0	0	0	0	0	0	0	0
"C17"	0	0	0	0	0	0	0.03125	0.03125	0.03125	0	0.03125	0.03125	0.03125	0.03125	0.03125	0.03125	0	0.03125	0.03125	0.03125	0.03125	0.03125	0.03125	0.03125	0	0	0	0	0	0	0	0	0	0	0	0	0	0	0	0	0	0	0	0	0	0	0	0	0	0
"C18"	0	0	0	0	0	0.0333333333333333	0	0.0333333333333333	0.0333333333333333	0	0	0	0.0333333333333333	0.0333333333333333	0.0333333333333333	0.0333333333333333	0.0333333333333333	0.0333333333333333	0.0333333333333333	0.0333333333333333	0.0333333333333333	0.0333333333333333	0.0333333333333333	0.0333333333333333	0	0	0	0	0	0	0	0	0	0	0	0	0	0	0	0	0	0	0	0	0	0	0	0	0	0
"C19"	0	0	0	0.03125	0	0	0.03125	0	0.03125	0.03125	0	0.03125	0.03125	0.03125	0.03125	0	0.03125	0.03125	0.03125	0.03125	0.03125	0.03125	0.03125	0.03125	0	0	0	0	0	0	0	0	0	0	0	0	0	0	0	0	0	0	0	0	0	0	0	0	0	0
"C20"	0	0	0	0.0294117647058824	0	0	0.0294117647058824	0.0294117647058824	0.0294117647058824	0.0294117647058824	0.0294117647058824	0.0294117647058824	0.0294117647058824	0.0294117647058824	0.0294117647058824	0	0	0.0294117647058824	0.0294117647058824	0.0294117647058824	0.0294117647058824	0.0294117647058824	0.0294117647058824	0.0294117647058824	0	0	0	0	0	0	0	0	0	0	0	0	0	0	0	0	0	0	0	0	0	0	0	0	0	0
"C21"	0	0	0	0.025	0.025	0.025	0.025	0.025	0.025	0.025	0	0.025	0.025	0.025	0.025	0.025	0.025	0.025	0.025	0.025	0.025	0.025	0.025	0.025	0	0	0	0	0	0	0	0	0	0	0	0	0	0	0	0	0	0	0	0	0	0	0	0	0	0
"C22"	0	0	0.0227272727272727	0.0227272727272727	0.0227272727272727	0.0227272727272727	0.0227272727272727	0.0227272727272727	0.0227272727272727	0.0227272727272727	0.0227272727272727	0.0227272727272727	0.0227272727272727	0.0227272727272727	0.0227272727272727	0.0227272727272727	0.0227272727272727	0.0227272727272727	0.0227272727272727	0.0227272727272727	0.0227272727272727	0.0227272727272727	0.0227272727272727	0.0227272727272727	0	0	0	0	0	0	0	0	0	0	0	0	0	0	0	0	0	0	0	0	0	0	0	0	0	0
"C23"	0	0.0227272727272727	0	0.0227272727272727	0.0227272727272727	0.0227272727272727	0.0227272727272727	0.0227272727272727	0.0227272727272727	0.0227272727272727	0.0227272727272727	0.0227272727272727	0.0227272727272727	0.0227272727272727	0.0227272727272727	0.0227272727272727	0.0227272727272727	0.0227272727272727	0.0227272727272727	0.0227272727272727	0.0227272727272727	0.0227272727272727	0.0227272727272727	0.0227272727272727	0	0	0	0	0	0	0	0	0	0	0	0	0	0	0	0	0	0	0	0	0	0	0	0	0	0
"C24"	0	0.0217391304347826	0.0217391304347826	0.0217391304347826	0.0217391304347826	0.0217391304347826	0.0217391304347826	0.0217391304347826	0.0217391304347826	0.0217391304347826	0.0217391304347826	0.0217391304347826	0.0217391304347826	0.0217391304347826	0.0217391304347826	0.0217391304347826	0.0217391304347826	0.0217391304347826	0.0217391304347826	0.0217391304347826	0.0217391304347826	0.0217391304347826	0.0217391304347826	0.0217391304347826	0	0	0	0	0	0	0	0	0	0	0	0	0	0	0	0	0	0	0	0	0	0	0	0	0	0
"C25"	0.0217391304347826	0.0217391304347826	0.0217391304347826	0	0.0217391304347826	0.0217391304347826	0.0217391304347826	0.0217391304347826	0.0217391304347826	0.0217391304347826	0.0217391304347826	0.0217391304347826	0.0217391304347826	0.0217391304347826	0.0217391304347826	0.0217391304347826	0.0217391304347826	0.0217391304347826	0.0217391304347826	0.0217391304347826	0.0217391304347826	0.0217391304347826	0.0217391304347826	0.0217391304347826	0	0	0	0	0	0	0	0	0	0	0	0	0	0	0	0	0	0	0	0	0	0	0	0	0	0
"C26"	0.0208333333333333	0.0208333333333333	0.0208333333333333	0.0208333333333333	0.0208333333333333	0.0208333333333333	0.0208333333333333	0.0208333333333333	0.0208333333333333	0.0208333333333333	0.0208333333333333	0.0208333333333333	0.0208333333333333	0.0208333333333333	0.0208333333333333	0.0208333333333333	0.0208333333333333	0.0208333333333333	0.0208333333333333	0.0208333333333333	0.0208333333333333	0.0208333333333333	0.0208333333333333	0.0208333333333333	0	0	0	0	0	0	0	0	0	0	0	0	0	0	0	0	0	0	0	0	0	0	0	0	0	0
