"R1"	"R2"	"R3"	"R4"	"R5"	"R6"	"R7"	"R8"	"R9"	"R10"	"R11"	"R12"	"R13"	"R14"	"R15"	"R16"	"R17"	"R18"	"R19"	"R20"	"C1"	"C2"	"C3"	"C4"	"C5"	"C6"	"C7"	"C8"	"C9"	"C10"	"C11"
"R1"	0	0	0	0	0	0	0	0	0	0	0	0	0	0	0	0	0	0	0	0	0	0.0625	0	0.0625	0.0625	0.0625	0.0625	0.0625	0.0625	0.0625	0
"R2"	0	0	0	0	0	0	0	0	0	0	0	0	0	0	0	0	0	0	0	0	0	0	0	0	0	0	0	0	0.25	0.25	0
"R3"	0	0	0	0	0	0	0	0	0	0	0	0	0	0	0	0	0	0	0	0	0.166666666666667	0	0	0	0	0	0	0	0.166666666666667	0.166666666666667	0
"R4"	0	0	0	0	0	0	0	0	0	0	0	0	0	0	0	0	0	0	0	0	0	0.0625	0	0.0625	0.0625	0.0625	0.0625	0.0625	0.0625	0.0625	0
"R5"	0	0	0	0	0	0	0	0	0	0	0	0	0	0	0	0	0	0	0	0	0	0.0833333333333333	0	0.0833333333333333	0.0833333333333333	0.0833333333333333	0.0833333333333333	0.0833333333333333	0	0	0
"R6"	0	0	0	0	0	0	0	0	0	0	0	0	0	0	0	0	0	0	0	0	0.166666666666667	0	0	0	0	0	0	0	0.166666666666667	0.166666666666667	0
"R7"	0	0	0	0	0	0	0	0	0	0	0	0	0	0	0	0	0	0	0	0	0.5	0	0	0	0	0	0	0	0	0	0
"R8"	0	0	0	0	0	0	0	0	0	0	0	0	0	0	0	0	0	0	0	0	0	0	0	0	0	0	0	0	0.25	0.25	0
"R9"	0	0	0	0	0	0	0	0	0	0	0	0	0	0	0	0	0	0	0	0	0	0	0	0	0	0	0	0	0.25	0.25	0
"R10"	0	0	0	0	0	0	0	0	0	0	0	0	0	0	0	0	0	0	0	0	0	0	0	0	0	0	0	0	0.25	0.25	0
"R11"	0	0	0	0	0	0	0	0	0	0	0	0	0	0	0	0	0	0	0	0	0	0.0833333333333333	0	0.0833333333333333	0.0833333333333333	0.0833333333333333	0.0833333333333333	0.0833333333333333	0	0	0
"R12"	0	0	0	0	0	0	0	0	0	0	0	0	0	0	0	0	0	0	0	0	0	0.0833333333333333	0	0.0833333333333333	0.0833333333333333	0.0833333333333333	0.0833333333333333	0.0833333333333333	0	0	0
"R13"	0	0	0	0	0	0	0	0	0	0	0	0	0	0	0	0	0	0	0	0	0.5	0	0	0	0	0	0	0	0	0	0
"R14"	0	0	0	0	0	0	0	0	0	0	0	0	0	0	0	0	0	0	0	0	0	0	0.125	0	0	0	0	0	0.125	0.125	0.125
"R15"	0	0	0	0	0	0	0	0	0	0	0	0	0	0	0	0	0	0	0	0	0	0	0.125	0	0	0	0	0	0.125	0.125	0.125
"R16"	0	0	0	0	0	0	0	0	0	0	0	0	0	0	0	0	0	0	0	0	0	0.0833333333333333	0	0.0833333333333333	0.0833333333333333	0.0833333333333333	0.0833333333333333	0.0833333333333333	0	0	0
"R17"	0	0	0	0	0	0	0	0	0	0	0	0	0	0	0	0	0	0	0	0	0.0625	0.0625	0.0625	0.0625	0.0625	0.0625	0.0625	0.0625	0	0	0
"R18"	0	0	0	0	0	0	0	0	0	0	0	0	0	0	0	0	0	0	0	0	0.05	0.05	0.05	0.05	0.05	0.05	0.05	0.05	0.05	0.05	0
"R19"	0	0	0	0	0	0	0	0	0	0	0	0	0	0	0	0	0	0	0	0	0.1	0	0.1	0	0	0	0	0	0.1	0.1	0.1
"R20"	0	0	0	0	0	0	0	0	0	0	0	0	0	0	0	0	0	0	0	0	0	0	0	0	0	0	0	0	0.25	0.25	0
"C1"	0	0	0.0714285714285714	0	0	0.0714285714285714	0.0714285714285714	0	0	0	0	0	0.0714285714285714	0	0	0	0.0714285714285714	0.0714285714285714	0.0714285714285714	0	0	0	0	0	0	0	0	0	0	0	0
"C2"	0.0625	0	0	0.0625	0.0625	0	0	0	0	0	0.0625	0.0625	0	0	0	0.0625	0.0625	0.0625	0	0	0	0	0	0	0	0	0	0	0	0	0
"C3"	0	0	0	0	0	0	0	0	0	0	0	0	0	0.1	0.1	0	0.1	0.1	0.1	0	0	0	0	0	0	0	0	0	0	0	0
"C4"	0.0625	0	0	0.0625	0.0625	0	0	0	0	0	0.0625	0.0625	0	0	0	0.0625	0.0625	0.0625	0	0	0	0	0	0	0	0	0	0	0	0	0
"C5"	0.0625	0	0	0.0625	0.0625	0	0	0	0	0	0.0625	0.0625	0	0	0	0.0625	0.0625	0.0625	0	0	0	0	0	0	0	0	0	0	0	0	0
"C6"	0.0625	0	0	0.0625	0.0625	0	0	0	0	0	0.0625	0.0625	0	0	0	0.0625	0.0625	0.0625	0	0	0	0	0	0	0	0	0	0	0	0	0
"C7"	0.0625	0	0	0.0625	0.0625	0	0	0	0	0	0.0625	0.0625	0	0	0	0.0625	0.0625	0.0625	0	0	0	0	0	0	0	0	0	0	0	0	0
"C8"	0.0625	0	0	0.0625	0.0625	0	0	0	0	0	0.0625	0.0625	0	0	0	0.0625	0.0625	0.0625	0	0	0	0	0	0	0	0	0	0	0	0	0
"C9"	0.0384615384615385	0.0384615384615385	0.0384615384615385	0.0384615384615385	0	0.0384615384615385	0	0.0384615384615385	0.0384615384615385	0.0384615384615385	0	0	0	0.0384615384615385	0.0384615384615385	0	0	0.0384615384615385	0.0384615384615385	0.0384615384615385	0	0	0	0	0	0	0	0	0	0	0
"C10"	0.0384615384615385	0.0384615384615385	0.0384615384615385	0.0384615384615385	0	0.0384615384615385	0	0.0384615384615385	0.0384615384615385	0.0384615384615385	0	0	0	0.0384615384615385	0.0384615384615385	0	0	0.0384615384615385	0.0384615384615385	0.0384615384615385	0	0	0	0	0	0	0	0	0	0	0
"C11"	0	0	0	0	0	0	0	0	0	0	0	0	0	0.166666666666667	0.166666666666667	0	0	0	0.166666666666667	0	0	0	0	0	0	0	0	0	0	0	0
