"Spermophilus_xanthoprymnus"	"Meriones_vinogradovi"	"Cricetulus_migratorius"	"Meriones_persicus"	"Microtus_arvalis"	"Mesocricetus_brandti"	"Meriones_tristrami"	"Arvicola_terrestris"	"Microtus_socialis"	"Apodemus_flavicollis"	"Crocidura_suaveolens"	"Dryomys_nitedula"	"Chionomys_nivalis"	"Allactaga_elater"	"Sciurus_anomalus"	"Neomys_schelkovnikovi"	"Neopsylla_setosa"	"Xenopsylla_cheopis"	"Citellophilus_transcaucasicus"	"Amphipsylla_schelkovnikovi"	"Nosopsyllus_iranus"	"Oropsylla_ilovaiskii"	"Nosopsyllus_consimilis"	"Ctenophthalmus_teres"	"Megabothris_walkeri"	"Ctenophthalmus_acuminatus"	"Wagnerina_schelkovnikovi"	"Amphipsylla_rossica"	"Ctenophthalmus_secundus"	"Neopsylla_pleskei"	"Nosopsyllus_mokrzeckyi"	"Stenoponia_ivanovi"	"Leptopsylla_segnis"	"Nosopsyllus_fasciatus"	"Callopsylla_saxatilis"	"Ctenophthalmus_bogatschevi"	"Frontopsylla_elata"	"Callopsylla_caspia"	"Stenoponia_tripectinata"	"Ceratophyllus_sciurorum"	"Xenopsylla_conformis"	"Ctenophthalmus_proximus"	"Mesopsylla_tuschkan"	"Rhadinopsylla_cedestis"	"Megabothris_turbidus"	"Ctenophthalmus_golovi"	"Myoxopsylla_jordani"	"Rhadinopsylla_integella"	"Ophthalmopsylla_volgensis"	"Hystrichopsylla_talpae"	"Paradoxopsyllus_hesperius"	"Mesopsylla_apscheronica"	"Rhadinopsylla_ucrainica"
"Spermophilus_xanthoprymnus"	0	0	0	0	0	0	0	0	0	0	0	0	0	0	0	0	0.0512824048538334	0	0.0365968008825152	0	0.000137892995035852	0.00980419194704909	0.00143408714837286	0.000675675675675676	0	0	0	0	0	6.89464975179261e-05	0	0	0	0	0	0	0	0	0	0	0	0	0	0	0	0	0	0	0	0	0	0	0
"Meriones_vinogradovi"	0	0	0	0	0	0	0	0	0	0	0	0	0	0	0	0	0	0.0804366812227074	0	0	0.0177874818049491	0	0.000611353711790393	0	0	0	0	0	0	0.000465793304221252	0	0	0	0	0	0	0	0	0.000611353711790393	0	0	0	0	5.82241630276565e-05	0	0	0	0	2.91120815138282e-05	0	0	0	0
"Cricetulus_migratorius"	0	0	0	0	0	0	0	0	0	0	0	0	0	0	0	0	0.000142806140664049	0.000107104605498036	3.57015351660121e-05	0.0804355587290254	0.000392716886826134	3.57015351660121e-05	0.00549803641556587	0	0	0.000142806140664049	0.00614066404855409	0.000571224562656194	0.00049982149232417	0.00128525526597644	0.00214209210996073	0	0.00149946447697251	0.00103534451981435	0	0	0	0	0	0	0	3.57015351660121e-05	0	0	0	0	0	0	0	0	0	0	0
"Meriones_persicus"	0	0	0	0	0	0	0	0	0	0	0	0	0	0	0	0	0	0.0515810276679842	0	0.000197628458498024	0.0387351778656126	0	0.00237154150197628	0	0	0	0	0	0.000592885375494071	0.000592885375494071	0.00177865612648221	0	0	0	0	0	0	0	0.000592885375494071	0	0.00237154150197628	0	0	0.000395256916996047	0	0	0	0	0.000790513833992095	0	0	0	0
"Microtus_arvalis"	0	0	0	0	0	0	0	0	0	0	0	0	0	0	0	0	0	0	0.00086767895878525	0.00542299349240781	0	0	0.00780911062906725	0.0327548806941432	0.00303687635574837	0.000433839479392625	0	0.0182212581344902	0	0.000216919739696312	0	0.0136659436008677	0	0.00108459869848156	0.00195227765726681	0.00455531453362256	0.00455531453362256	0.00325379609544469	0	0	0	0	0	0	0	0.00151843817787419	0	0	0	0.000650759219088937	0	0	0
"Mesocricetus_brandti"	0	0	0	0	0	0	0	0	0	0	0	0	0	0	0	0	0.00248618784530387	0	0	0	0.000552486187845304	0	0.0226519337016575	0.0157458563535912	0	0.043646408839779	0	0.00138121546961326	0	0.00773480662983425	0	0	0	0.00138121546961326	0	0	0.000276243093922652	0	0	0	0	0	0	0	0.00138121546961326	0	0	0.00165745856353591	0	0	0	0.000552486187845304	0.000552486187845304
"Meriones_tristrami"	0	0	0	0	0	0	0	0	0	0	0	0	0	0	0	0	0	0.0474402730375427	0	0	0.0430034129692833	0	0.00238907849829352	0	0	0	0	0	0.00102389078498294	0.00409556313993174	0	0	0	0	0	0	0	0	0	0	0	0	0	0.00204778156996587	0	0	0	0	0	0	0	0	0
"Arvicola_terrestris"	0	0	0	0	0	0	0	0	0	0	0	0	0	0	0	0	0	0	0.00110294117647059	0	0	0	0.00147058823529412	0.0169117647058824	0.0698529411764706	0	0	0.00183823529411765	0	0	0.000735294117647059	0	0.000735294117647059	0	0.00477941176470588	0.000367647058823529	0	0.00183823529411765	0	0	0	0.000367647058823529	0	0	0	0	0	0	0	0	0	0	0
"Microtus_socialis"	0	0	0	0	0	0	0	0	0	0	0	0	0	0	0	0	0.000490196078431373	0	0	0.000490196078431373	0	0	0.0235294117647059	0	0	0	0	0.0112745098039216	0.0602941176470588	0	0.00392156862745098	0	0	0	0	0	0	0	0	0	0	0	0	0	0	0	0	0	0	0	0	0	0
"Apodemus_flavicollis"	0	0	0	0	0	0	0	0	0	0	0	0	0	0	0	0	0	0.00487804878048781	0	0	0	0	0.0353658536585366	0.00426829268292683	0	0.0121951219512195	0	0.00975609756097561	0.0024390243902439	0.000609756097560976	0.000609756097560976	0	0.00609756097560976	0	0	0.00914634146341463	0.000609756097560976	0.00304878048780488	0	0	0	0.00548780487804878	0.00304878048780488	0	0.00182926829268293	0	0.000609756097560976	0	0	0	0	0	0
"Crocidura_suaveolens"	0	0	0	0	0	0	0	0	0	0	0	0	0	0	0	0	0	0	0	0	0	0	0.00344827586206897	0.0689655172413793	0.00344827586206897	0	0	0	0	0	0.00344827586206897	0	0	0	0	0	0.0206896551724138	0	0	0	0	0	0	0	0	0	0	0	0	0	0	0	0
"Dryomys_nitedula"	0	0	0	0	0	0	0	0	0	0	0	0	0	0	0	0	0	0	0	0	0	0	0	0	0	0	0	0.0227272727272727	0	0	0	0	0	0	0	0	0	0	0	0.05	0	0	0	0	0	0	0.0272727272727273	0	0	0	0	0	0
"Chionomys_nivalis"	0	0	0	0	0	0	0	0	0	0	0	0	0	0	0	0	0	0	0	0	0	0	0	0	0	0	0	0	0	0	0	0	0	0	0.0833333333333333	0	0	0	0	0	0	0	0	0	0	0	0	0	0	0	0.0166666666666667	0	0
"Allactaga_elater"	0	0	0	0	0	0	0	0	0	0	0	0	0	0	0	0	0	0.0615384615384615	0	0	0	0	0	0	0	0	0	0	0	0	0	0	0	0	0	0	0	0	0	0	0	0	0.0384615384615385	0	0	0	0	0	0	0	0	0	0
"Sciurus_anomalus"	0	0	0	0	0	0	0	0	0	0	0	0	0	0	0	0	0	0	0	0	0	0	0	0	0	0	0	0	0	0	0	0	0	0	0	0	0	0	0	0.1	0	0	0	0	0	0	0	0	0	0	0	0	0
"Neomys_schelkovnikovi"	0	0	0	0	0	0	0	0	0	0	0	0	0	0	0	0	0	0	0	0	0	0	0	0.1	0	0	0	0	0	0	0	0	0	0	0	0	0	0	0	0	0	0	0	0	0	0	0	0	0	0	0	0	0
"Neopsylla_setosa"	0.0996249665148674	0	0.0001071524243236	0	0	0.000241092954728101	0	0	2.67881060809001e-05	0	0	0	0	0	0	0	0	0	0	0	0	0	0	0	0	0	0	0	0	0	0	0	0	0	0	0	0	0	0	0	0	0	0	0	0	0	0	0	0	0	0	0	0
"Xenopsylla_cheopis"	0	0.0868321810182275	9.42803268384664e-05	0.00820238843494657	0	0	0.00436832181018228	0	0	0.000251414204902577	0	0	0	0.000251414204902577	0	0	0	0	0	0	0	0	0	0	0	0	0	0	0	0	0	0	0	0	0	0	0	0	0	0	0	0	0	0	0	0	0	0	0	0	0	0	0
"Citellophilus_transcaucasicus"	0.0996994740796394	0	3.75657400450789e-05	0	0.000150262960180316	0	0	0.000112697220135237	0	0	0	0	0	0	0	0	0	0	0	0	0	0	0	0	0	0	0	0	0	0	0	0	0	0	0	0	0	0	0	0	0	0	0	0	0	0	0	0	0	0	0	0	0
"Amphipsylla_schelkovnikovi"	0	0	0.0988157894736842	4.3859649122807e-05	0.00109649122807018	0	0	0	4.3859649122807e-05	0	0	0	0	0	0	0	0	0	0	0	0	0	0	0	0	0	0	0	0	0	0	0	0	0	0	0	0	0	0	0	0	0	0	0	0	0	0	0	0	0	0	0	0
"Nosopsyllus_iranus"	0.00104602510460251	0.0639121338912134	0.00115062761506276	0.0205020920502092	0	0.000209205020920502	0.0131799163179916	0	0	0	0	0	0	0	0	0	0	0	0	0	0	0	0	0	0	0	0	0	0	0	0	0	0	0	0	0	0	0	0	0	0	0	0	0	0	0	0	0	0	0	0	0	0
"Oropsylla_ilovaiskii"	0.0998595505617978	0	0.000140449438202247	0	0	0	0	0	0	0	0	0	0	0	0	0	0	0	0	0	0	0	0	0	0	0	0	0	0	0	0	0	0	0	0	0	0	0	0	0	0	0	0	0	0	0	0	0	0	0	0	0	0
"Nosopsyllus_consimilis"	0.0197343453510436	0.00398481973434535	0.0292220113851992	0.00227703984819734	0.00683111954459203	0.0155597722960152	0.00132827324478178	0.000759013282732448	0.00910815939278937	0.0110056925996205	0.000189753320683112	0	0	0	0	0	0	0	0	0	0	0	0	0	0	0	0	0	0	0	0	0	0	0	0	0	0	0	0	0	0	0	0	0	0	0	0	0	0	0	0	0	0
"Ctenophthalmus_teres"	0.0148036253776435	0	0	0	0.045619335347432	0.0172205438066465	0	0.0138972809667674	0	0.00211480362537764	0.00604229607250755	0	0	0	0	0.000302114803625378	0	0	0	0	0	0	0	0	0	0	0	0	0	0	0	0	0	0	0	0	0	0	0	0	0	0	0	0	0	0	0	0	0	0	0	0	0
"Megabothris_walkeri"	0	0	0	0	0.00682926829268293	0	0	0.0926829268292683	0	0	0.00048780487804878	0	0	0	0	0	0	0	0	0	0	0	0	0	0	0	0	0	0	0	0	0	0	0	0	0	0	0	0	0	0	0	0	0	0	0	0	0	0	0	0	0	0
"Ctenophthalmus_acuminatus"	0	0	0.00217391304347826	0	0.00108695652173913	0.0858695652173913	0	0	0	0.0108695652173913	0	0	0	0	0	0	0	0	0	0	0	0	0	0	0	0	0	0	0	0	0	0	0	0	0	0	0	0	0	0	0	0	0	0	0	0	0	0	0	0	0	0	0
"Wagnerina_schelkovnikovi"	0	0	0.1	0	0	0	0	0	0	0	0	0	0	0	0	0	0	0	0	0	0	0	0	0	0	0	0	0	0	0	0	0	0	0	0	0	0	0	0	0	0	0	0	0	0	0	0	0	0	0	0	0	0
"Amphipsylla_rossica"	0	0	0.0103896103896104	0	0.0545454545454545	0.00324675324675325	0	0.00324675324675325	0.0149350649350649	0.0103896103896104	0	0.00324675324675325	0	0	0	0	0	0	0	0	0	0	0	0	0	0	0	0	0	0	0	0	0	0	0	0	0	0	0	0	0	0	0	0	0	0	0	0	0	0	0	0	0
"Ctenophthalmus_secundus"	0	0	0.00952380952380952	0.00204081632653061	0	0	0.00204081632653061	0	0.0836734693877551	0.00272108843537415	0	0	0	0	0	0	0	0	0	0	0	0	0	0	0	0	0	0	0	0	0	0	0	0	0	0	0	0	0	0	0	0	0	0	0	0	0	0	0	0	0	0	0
"Neopsylla_pleskei"	0.00490196078431373	0.0156862745098039	0.0352941176470588	0.00294117647058824	0.000980392156862745	0.0274509803921569	0.0117647058823529	0	0	0.000980392156862745	0	0	0	0	0	0	0	0	0	0	0	0	0	0	0	0	0	0	0	0	0	0	0	0	0	0	0	0	0	0	0	0	0	0	0	0	0	0	0	0	0	0	0
"Nosopsyllus_mokrzeckyi"	0	0	0.0740740740740741	0.0111111111111111	0	0	0	0.00246913580246914	0.00987654320987654	0.00123456790123457	0.00123456790123457	0	0	0	0	0	0	0	0	0	0	0	0	0	0	0	0	0	0	0	0	0	0	0	0	0	0	0	0	0	0	0	0	0	0	0	0	0	0	0	0	0	0
"Stenoponia_ivanovi"	0	0	0	0	0.1	0	0	0	0	0	0	0	0	0	0	0	0	0	0	0	0	0	0	0	0	0	0	0	0	0	0	0	0	0	0	0	0	0	0	0	0	0	0	0	0	0	0	0	0	0	0	0	0
"Leptopsylla_segnis"	0	0	0.0777777777777778	0	0	0	0	0.0037037037037037	0	0.0185185185185185	0	0	0	0	0	0	0	0	0	0	0	0	0	0	0	0	0	0	0	0	0	0	0	0	0	0	0	0	0	0	0	0	0	0	0	0	0	0	0	0	0	0	0
"Nosopsyllus_fasciatus"	0	0	0.0743589743589744	0	0.0128205128205128	0.0128205128205128	0	0	0	0	0	0	0	0	0	0	0	0	0	0	0	0	0	0	0	0	0	0	0	0	0	0	0	0	0	0	0	0	0	0	0	0	0	0	0	0	0	0	0	0	0	0	0
"Callopsylla_saxatilis"	0	0	0	0	0.0243243243243243	0	0	0.0351351351351351	0	0	0	0	0.0405405405405405	0	0	0	0	0	0	0	0	0	0	0	0	0	0	0	0	0	0	0	0	0	0	0	0	0	0	0	0	0	0	0	0	0	0	0	0	0	0	0	0
"Ctenophthalmus_bogatschevi"	0	0	0	0	0.0567567567567568	0	0	0.0027027027027027	0	0.0405405405405405	0	0	0	0	0	0	0	0	0	0	0	0	0	0	0	0	0	0	0	0	0	0	0	0	0	0	0	0	0	0	0	0	0	0	0	0	0	0	0	0	0	0	0
"Frontopsylla_elata"	0	0	0	0	0.0724137931034483	0.00344827586206897	0	0	0	0.00344827586206897	0.0206896551724138	0	0	0	0	0	0	0	0	0	0	0	0	0	0	0	0	0	0	0	0	0	0	0	0	0	0	0	0	0	0	0	0	0	0	0	0	0	0	0	0	0	0
"Callopsylla_caspia"	0	0	0	0	0.06	0	0	0.02	0	0.02	0	0	0	0	0	0	0	0	0	0	0	0	0	0	0	0	0	0	0	0	0	0	0	0	0	0	0	0	0	0	0	0	0	0	0	0	0	0	0	0	0	0	0
"Stenoponia_tripectinata"	0	0.0875	0	0.0125	0	0	0	0	0	0	0	0	0	0	0	0	0	0	0	0	0	0	0	0	0	0	0	0	0	0	0	0	0	0	0	0	0	0	0	0	0	0	0	0	0	0	0	0	0	0	0	0	0
"Ceratophyllus_sciurorum"	0	0	0	0	0	0	0	0	0	0	0	0.0578947368421053	0	0	0.0421052631578947	0	0	0	0	0	0	0	0	0	0	0	0	0	0	0	0	0	0	0	0	0	0	0	0	0	0	0	0	0	0	0	0	0	0	0	0	0	0
"Xenopsylla_conformis"	0	0	0	0.1	0	0	0	0	0	0	0	0	0	0	0	0	0	0	0	0	0	0	0	0	0	0	0	0	0	0	0	0	0	0	0	0	0	0	0	0	0	0	0	0	0	0	0	0	0	0	0	0	0
"Ctenophthalmus_proximus"	0	0	0.00909090909090909	0	0	0	0	0.00909090909090909	0	0.0818181818181818	0	0	0	0	0	0	0	0	0	0	0	0	0	0	0	0	0	0	0	0	0	0	0	0	0	0	0	0	0	0	0	0	0	0	0	0	0	0	0	0	0	0	0
"Mesopsylla_tuschkan"	0	0	0	0	0	0	0	0	0	0.05	0	0	0	0.05	0	0	0	0	0	0	0	0	0	0	0	0	0	0	0	0	0	0	0	0	0	0	0	0	0	0	0	0	0	0	0	0	0	0	0	0	0	0	0
"Rhadinopsylla_cedestis"	0	0.02	0	0.02	0	0	0.06	0	0	0	0	0	0	0	0	0	0	0	0	0	0	0	0	0	0	0	0	0	0	0	0	0	0	0	0	0	0	0	0	0	0	0	0	0	0	0	0	0	0	0	0	0	0
"Megabothris_turbidus"	0	0	0	0	0	0.0625	0	0	0	0.0375	0	0	0	0	0	0	0	0	0	0	0	0	0	0	0	0	0	0	0	0	0	0	0	0	0	0	0	0	0	0	0	0	0	0	0	0	0	0	0	0	0	0	0
"Ctenophthalmus_golovi"	0	0	0	0	0.1	0	0	0	0	0	0	0	0	0	0	0	0	0	0	0	0	0	0	0	0	0	0	0	0	0	0	0	0	0	0	0	0	0	0	0	0	0	0	0	0	0	0	0	0	0	0	0	0
"Myoxopsylla_jordani"	0	0	0	0	0	0	0	0	0	0.0142857142857143	0	0.0857142857142857	0	0	0	0	0	0	0	0	0	0	0	0	0	0	0	0	0	0	0	0	0	0	0	0	0	0	0	0	0	0	0	0	0	0	0	0	0	0	0	0	0
"Rhadinopsylla_integella"	0	0	0	0	0	0.1	0	0	0	0	0	0	0	0	0	0	0	0	0	0	0	0	0	0	0	0	0	0	0	0	0	0	0	0	0	0	0	0	0	0	0	0	0	0	0	0	0	0	0	0	0	0	0
"Ophthalmopsylla_volgensis"	0	0.02	0	0.08	0	0	0	0	0	0	0	0	0	0	0	0	0	0	0	0	0	0	0	0	0	0	0	0	0	0	0	0	0	0	0	0	0	0	0	0	0	0	0	0	0	0	0	0	0	0	0	0	0
"Hystrichopsylla_talpae"	0	0	0	0	0.1	0	0	0	0	0	0	0	0	0	0	0	0	0	0	0	0	0	0	0	0	0	0	0	0	0	0	0	0	0	0	0	0	0	0	0	0	0	0	0	0	0	0	0	0	0	0	0	0
"Paradoxopsyllus_hesperius"	0	0	0	0	0	0	0	0	0	0	0	0	0.1	0	0	0	0	0	0	0	0	0	0	0	0	0	0	0	0	0	0	0	0	0	0	0	0	0	0	0	0	0	0	0	0	0	0	0	0	0	0	0	0
"Mesopsylla_apscheronica"	0	0	0	0	0	0.1	0	0	0	0	0	0	0	0	0	0	0	0	0	0	0	0	0	0	0	0	0	0	0	0	0	0	0	0	0	0	0	0	0	0	0	0	0	0	0	0	0	0	0	0	0	0	0
"Rhadinopsylla_ucrainica"	0	0	0	0	0	0.1	0	0	0	0	0	0	0	0	0	0	0	0	0	0	0	0	0	0	0	0	0	0	0	0	0	0	0	0	0	0	0	0	0	0	0	0	0	0	0	0	0	0	0	0	0	0	0
