"Spermophilus_undulatus"	"Marmota_sibirica"	"Lasiopodomys_brandtii"	"Alticola_semicanus"	"Allocricetulus_curtatus"	"Cricetulus_barabensis"	"Allactaga_sibirica"	"Meriones_meridianus"	"Ellobius_tancrei"	"Phodopus_sungorus"	"Microtus_gregalis"	"Eolagurus_przewalskii"	"Dipus_sagitta"	"Meriones_unguiculatus"	"Sciurus_vulgaris"	"Microtus_oeconomus"	"Clethrionomys_rufocanus"	"Tamias_sibiricus"	"Citellophilus_tesquorum"	"Oropsylla_silantiewi"	"Amphipsylla_primaris"	"Frontopsylla_elatoides"	"Rhadinopsylla_li"	"Oropsylla_alaskensis"	"Neopsylla_mana"	"Frontopsylla_hetera"	"Paradoxopsyllus_dashidorzhii"	"Neopsylla_pleskei"	"Paradoxopsyllus_scorodumovi"	"Amphipsylla_vinogradovi"	"Amalaraeus_penicilliger"	"Paramonopsyllus_scalonae"	"Frontopsylla_elata"	"Ctenophyllus_hirticrus"	"Nosopsyllus_laeviceps"	"Rhadinopsylla_dahurica"	"Ophthalmopsylla_praefecta"	"Neopsylla_abagaitui"	"Frontopsylla_wagneri"	"Ophthalmopsylla_kiritschenkovi"	"Amphipsylla_dumalis"	"Neopsylla_bidentatiformis"	"Amphipsylla_longispina"	"Callopsylla_caspia"	"Pectinoctenus_pavlovskii"	"Neopsylla_galea"	"Amphalius_runatus"	"Paradoxopsyllus_kalabukhovi"	"Wagnerina_longicauda"	"Paradoxopsyllus_integer"	"Tarsopsylla_octodecimdentata"	"Rhadinopsylla_rothschildi"	"Amphipsylla_kuznetzovi"	"Ceratophyllus_indages"	"Megabothris_rectangulatus"	"Rhadinopsylla_altaica"	"Rhadinopsylla_pseudodahurica"	"Xenopsylla_conformis"
"Spermophilus_undulatus"	0	0	0	0	0	0	0	0	0	0	0	0	0	0	0	0	0	0	0.0649975613721346	3.25150382051699e-05	0.00013006015282068	0.00988457161437165	0.00965696634693546	0.00908795317834499	0.00164200942936108	0.00289383840026012	0	3.25150382051699e-05	3.25150382051699e-05	4.87725573077548e-05	0	0	0	0.000585270687693058	0	3.25150382051699e-05	0	0.000585270687693058	0	0	0	4.87725573077548e-05	0	0	0	0	0.000276377824743944	0	0	0	0	0	3.25150382051699e-05	0	0	0	0	0
"Marmota_sibirica"	0	0	0	0	0	0	0	0	0	0	0	0	0	0	0	0	0	0	0.000701402805611223	0.0981963927855711	0.000100200400801603	0	0.000100200400801603	0	0.000150300601202405	0.000551102204408818	0.000100200400801603	0.000100200400801603	0	0	0	0	0	0	0	0	0	0	0	0	0	0	0	0	0	0	0	0	0	0	0	0	0	0	0	0	0	0
"Lasiopodomys_brandtii"	0	0	0	0	0	0	0	0	0	0	0	0	0	0	0	0	0	0	0.000163265306122449	0	0.0455510204081633	0	0	0	0.0248979591836735	0.00873469387755102	0	0.0115102040816327	0.000571428571428571	0	0.00693877551020408	0	0	0.000244897959183673	0	0.000897959183673469	0	0	0	0	0	0	0	0	0	0.000163265306122449	0	0	0	0	0	0.000326530612244898	0	0	0	0	0	0
"Alticola_semicanus"	0	0	0	0	0	0	0	0	0	0	0	0	0	0	0	0	0	0	0.000945179584120983	0	0.0347826086956522	0	0	0	0.000756143667296786	0.00170132325141777	0.00415879017013233	0.00189035916824197	0.0204158790170132	0	0	0.012476370510397	0.00945179584120983	0.00132325141776938	0	0.00415879017013233	0	0	0	0	0	0	0.000378071833648393	0.00434782608695652	0	0	0.000378071833648393	0	0.00207939508506616	0	0	0.000378071833648393	0	0	0	0	0.000378071833648393	0
"Allocricetulus_curtatus"	0	0	0	0	0	0	0	0	0	0	0	0	0	0	0	0	0	0	0	0	0.005	0	0	0	0	0	0.0854545454545454	0.00136363636363636	0.00181818181818182	0	0	0	0.000909090909090909	0	0	0	0	0	0	0	0	0	0.000909090909090909	0	0.00454545454545455	0	0	0	0	0	0	0	0	0	0	0	0	0
"Cricetulus_barabensis"	0	0	0	0	0	0	0	0	0	0	0	0	0	0	0	0	0	0	0	0	0	0	0	0	0.00451977401129944	0.00790960451977401	0	0	0	0.0570621468926554	0	0	0	0	0	0	0	0	0	0	0	0.0152542372881356	0.00112994350282486	0	0.00508474576271186	0.00564971751412429	0	0	0	0.00338983050847458	0	0	0	0	0	0	0	0
"Allactaga_sibirica"	0	0	0	0	0	0	0	0	0	0	0	0	0	0	0	0	0	0	0	0	0	0.00235294117647059	0	0	0.00352941176470588	0.00352941176470588	0	0	0	0	0	0	0	0	0	0	0.0435294117647059	0	0.0388235294117647	0	0	0	0.00588235294117647	0	0.00235294117647059	0	0	0	0	0	0	0	0	0	0	0	0	0
"Meriones_meridianus"	0	0	0	0	0	0	0	0	0	0	0	0	0	0	0	0	0	0	0	0	0	0	0	0	0	0	0	0.00701754385964912	0	0	0	0	0	0	0.0543859649122807	0	0	0	0	0.00526315789473684	0	0	0	0	0	0	0	0.0298245614035088	0	0	0	0	0	0	0	0	0	0.00350877192982456
"Ellobius_tancrei"	0	0	0	0	0	0	0	0	0	0	0	0	0	0	0	0	0	0	0	0	0	0	0	0	0	0.00625	0	0	0	0	0	0	0	0	0	0	0	0	0	0	0.09375	0	0	0	0	0	0	0	0	0	0	0	0	0	0	0	0	0
"Phodopus_sungorus"	0	0	0	0	0	0	0	0	0	0	0	0	0	0	0	0	0	0	0	0	0.00689655172413793	0	0	0	0	0.0103448275862069	0	0	0	0	0	0	0	0	0	0.0103448275862069	0	0	0	0	0	0	0.0379310344827586	0	0	0.0275862068965517	0	0	0	0	0	0.00689655172413793	0	0	0	0	0	0
"Microtus_gregalis"	0	0	0	0	0	0	0	0	0	0	0	0	0	0	0	0	0	0	0	0	0.0821428571428571	0	0	0	0	0	0	0	0	0	0	0	0	0	0	0	0	0	0	0	0	0	0	0.0107142857142857	0	0	0	0	0	0	0	0	0.00714285714285714	0	0	0	0	0
"Eolagurus_przewalskii"	0	0	0	0	0	0	0	0	0	0	0	0	0	0	0	0	0	0	0	0	0.062962962962963	0	0	0	0	0	0.0148148148148148	0.00740740740740741	0	0	0	0	0	0	0	0	0	0	0	0.00740740740740741	0	0	0	0	0	0	0	0	0	0.00740740740740741	0	0	0	0	0	0	0	0
"Dipus_sagitta"	0	0	0	0	0	0	0	0	0	0	0	0	0	0	0	0	0	0	0	0	0	0	0	0	0	0	0	0	0	0	0	0	0	0	0	0	0	0	0	0.1	0	0	0	0	0	0	0	0	0	0	0	0	0	0	0	0	0	0
"Meriones_unguiculatus"	0	0	0	0	0	0	0	0	0	0	0	0	0	0	0	0	0	0	0	0	0	0	0	0	0	0	0	0.0157894736842105	0	0	0	0	0	0	0.0421052631578947	0	0	0	0	0	0	0	0.0210526315789474	0	0	0	0	0.0105263157894737	0	0.0105263157894737	0	0	0	0	0	0	0	0
"Sciurus_vulgaris"	0	0	0	0	0	0	0	0	0	0	0	0	0	0	0	0	0	0	0	0	0	0	0	0	0	0	0	0	0	0	0	0	0	0	0	0	0	0	0	0	0	0	0	0	0	0	0	0	0	0	0.1	0	0	0	0	0	0	0
"Microtus_oeconomus"	0	0	0	0	0	0	0	0	0	0	0	0	0	0	0	0	0	0	0	0	0	0	0	0	0	0	0	0	0	0	0.0666666666666667	0	0	0	0	0	0	0	0	0	0	0	0	0	0	0	0	0	0	0	0	0	0	0	0	0.0333333333333333	0	0
"Clethrionomys_rufocanus"	0	0	0	0	0	0	0	0	0	0	0	0	0	0	0	0	0	0	0	0	0	0	0	0	0	0	0	0	0	0	0	0	0	0	0	0	0	0	0	0	0	0	0	0	0	0	0	0	0	0	0	0	0	0	0.1	0	0	0
"Tamias_sibiricus"	0	0	0	0	0	0	0	0	0	0	0	0	0	0	0	0	0	0	0	0	0	0	0	0	0	0	0	0	0	0	0	0	0	0	0	0	0	0	0	0	0	0	0	0	0	0	0	0	0	0	0	0	0	0.1	0	0	0	0
"Citellophilus_tesquorum"	0.0994774819606867	0.000348345359542175	4.97636227917392e-05	0.000124409056979348	0	0	0	0	0	0	0	0	0	0	0	0	0	0	0	0	0	0	0	0	0	0	0	0	0	0	0	0	0	0	0	0	0	0	0	0	0	0	0	0	0	0	0	0	0	0	0	0	0	0	0	0	0	0
"Oropsylla_silantiewi"	0.000101936799184506	0.0998980632008155	0	0	0	0	0	0	0	0	0	0	0	0	0	0	0	0	0	0	0	0	0	0	0	0	0	0	0	0	0	0	0	0	0	0	0	0	0	0	0	0	0	0	0	0	0	0	0	0	0	0	0	0	0	0	0	0
"Amphipsylla_primaris"	0.000993788819875776	0.000248447204968944	0.0693167701863354	0.0228571428571429	0.00136645962732919	0	0	0	0	0.000248447204968944	0.00285714285714286	0.00211180124223603	0	0	0	0	0	0	0	0	0	0	0	0	0	0	0	0	0	0	0	0	0	0	0	0	0	0	0	0	0	0	0	0	0	0	0	0	0	0	0	0	0	0	0	0	0	0
"Frontopsylla_elatoides"	0.099672131147541	0	0	0	0	0	0.000327868852459016	0	0	0	0	0	0	0	0	0	0	0	0	0	0	0	0	0	0	0	0	0	0	0	0	0	0	0	0	0	0	0	0	0	0	0	0	0	0	0	0	0	0	0	0	0	0	0	0	0	0	0
"Rhadinopsylla_li"	0.0996644295302013	0.000335570469798658	0	0	0	0	0	0	0	0	0	0	0	0	0	0	0	0	0	0	0	0	0	0	0	0	0	0	0	0	0	0	0	0	0	0	0	0	0	0	0	0	0	0	0	0	0	0	0	0	0	0	0	0	0	0	0	0
"Oropsylla_alaskensis"	0.1	0	0	0	0	0	0	0	0	0	0	0	0	0	0	0	0	0	0	0	0	0	0	0	0	0	0	0	0	0	0	0	0	0	0	0	0	0	0	0	0	0	0	0	0	0	0	0	0	0	0	0	0	0	0	0	0	0
"Neopsylla_mana"	0.0238207547169811	0.000707547169811321	0.0719339622641509	0.000943396226415094	0	0.00188679245283019	0.000707547169811321	0	0	0	0	0	0	0	0	0	0	0	0	0	0	0	0	0	0	0	0	0	0	0	0	0	0	0	0	0	0	0	0	0	0	0	0	0	0	0	0	0	0	0	0	0	0	0	0	0	0	0
"Frontopsylla_hetera"	0.054434250764526	0.00336391437308868	0.0327217125382263	0.00275229357798165	0	0.00428134556574924	0.000917431192660551	0	0.000611620795107034	0.000917431192660551	0	0	0	0	0	0	0	0	0	0	0	0	0	0	0	0	0	0	0	0	0	0	0	0	0	0	0	0	0	0	0	0	0	0	0	0	0	0	0	0	0	0	0	0	0	0	0	0
"Paradoxopsyllus_dashidorzhii"	0	0.000925925925925926	0	0.0101851851851852	0.087037037037037	0	0	0	0	0	0	0.00185185185185185	0	0	0	0	0	0	0	0	0	0	0	0	0	0	0	0	0	0	0	0	0	0	0	0	0	0	0	0	0	0	0	0	0	0	0	0	0	0	0	0	0	0	0	0	0	0
"Neopsylla_pleskei"	0.00119760479041916	0.00119760479041916	0.0844311377245509	0.00598802395209581	0.00179640718562874	0	0	0.00239520958083832	0	0	0	0.00119760479041916	0	0.00179640718562874	0	0	0	0	0	0	0	0	0	0	0	0	0	0	0	0	0	0	0	0	0	0	0	0	0	0	0	0	0	0	0	0	0	0	0	0	0	0	0	0	0	0	0	0
"Paradoxopsyllus_scorodumovi"	0.00165289256198347	0	0.00578512396694215	0.0892561983471074	0.00330578512396694	0	0	0	0	0	0	0	0	0	0	0	0	0	0	0	0	0	0	0	0	0	0	0	0	0	0	0	0	0	0	0	0	0	0	0	0	0	0	0	0	0	0	0	0	0	0	0	0	0	0	0	0	0
"Amphipsylla_vinogradovi"	0.00288461538461538	0	0	0	0	0.0971153846153846	0	0	0	0	0	0	0	0	0	0	0	0	0	0	0	0	0	0	0	0	0	0	0	0	0	0	0	0	0	0	0	0	0	0	0	0	0	0	0	0	0	0	0	0	0	0	0	0	0	0	0	0
"Amalaraeus_penicilliger"	0	0	0.0934065934065934	0	0	0	0	0	0	0	0	0	0	0	0	0.00659340659340659	0	0	0	0	0	0	0	0	0	0	0	0	0	0	0	0	0	0	0	0	0	0	0	0	0	0	0	0	0	0	0	0	0	0	0	0	0	0	0	0	0	0
"Paramonopsyllus_scalonae"	0	0	0	0.1	0	0	0	0	0	0	0	0	0	0	0	0	0	0	0	0	0	0	0	0	0	0	0	0	0	0	0	0	0	0	0	0	0	0	0	0	0	0	0	0	0	0	0	0	0	0	0	0	0	0	0	0	0	0
"Frontopsylla_elata"	0	0	0	0.0961538461538462	0.00384615384615385	0	0	0	0	0	0	0	0	0	0	0	0	0	0	0	0	0	0	0	0	0	0	0	0	0	0	0	0	0	0	0	0	0	0	0	0	0	0	0	0	0	0	0	0	0	0	0	0	0	0	0	0	0
"Ctenophyllus_hirticrus"	0.0782608695652174	0	0.00652173913043478	0.0152173913043478	0	0	0	0	0	0	0	0	0	0	0	0	0	0	0	0	0	0	0	0	0	0	0	0	0	0	0	0	0	0	0	0	0	0	0	0	0	0	0	0	0	0	0	0	0	0	0	0	0	0	0	0	0	0
"Nosopsyllus_laeviceps"	0	0	0	0	0	0	0	0.0794871794871795	0	0	0	0	0	0.0205128205128205	0	0	0	0	0	0	0	0	0	0	0	0	0	0	0	0	0	0	0	0	0	0	0	0	0	0	0	0	0	0	0	0	0	0	0	0	0	0	0	0	0	0	0	0
"Rhadinopsylla_dahurica"	0.00526315789473684	0	0.0289473684210526	0.0578947368421053	0	0	0	0	0	0.00789473684210526	0	0	0	0	0	0	0	0	0	0	0	0	0	0	0	0	0	0	0	0	0	0	0	0	0	0	0	0	0	0	0	0	0	0	0	0	0	0	0	0	0	0	0	0	0	0	0	0
"Ophthalmopsylla_praefecta"	0	0	0	0	0	0	0.1	0	0	0	0	0	0	0	0	0	0	0	0	0	0	0	0	0	0	0	0	0	0	0	0	0	0	0	0	0	0	0	0	0	0	0	0	0	0	0	0	0	0	0	0	0	0	0	0	0	0	0
"Neopsylla_abagaitui"	0.1	0	0	0	0	0	0	0	0	0	0	0	0	0	0	0	0	0	0	0	0	0	0	0	0	0	0	0	0	0	0	0	0	0	0	0	0	0	0	0	0	0	0	0	0	0	0	0	0	0	0	0	0	0	0	0	0	0
"Frontopsylla_wagneri"	0	0	0	0	0	0	0.1	0	0	0	0	0	0	0	0	0	0	0	0	0	0	0	0	0	0	0	0	0	0	0	0	0	0	0	0	0	0	0	0	0	0	0	0	0	0	0	0	0	0	0	0	0	0	0	0	0	0	0
"Ophthalmopsylla_kiritschenkovi"	0	0	0	0	0	0	0	0.00967741935483871	0	0	0	0.00645161290322581	0.0838709677419355	0	0	0	0	0	0	0	0	0	0	0	0	0	0	0	0	0	0	0	0	0	0	0	0	0	0	0	0	0	0	0	0	0	0	0	0	0	0	0	0	0	0	0	0	0
"Amphipsylla_dumalis"	0	0	0	0	0	0	0	0	0.1	0	0	0	0	0	0	0	0	0	0	0	0	0	0	0	0	0	0	0	0	0	0	0	0	0	0	0	0	0	0	0	0	0	0	0	0	0	0	0	0	0	0	0	0	0	0	0	0	0
"Neopsylla_bidentatiformis"	0.01	0	0	0	0	0.09	0	0	0	0	0	0	0	0	0	0	0	0	0	0	0	0	0	0	0	0	0	0	0	0	0	0	0	0	0	0	0	0	0	0	0	0	0	0	0	0	0	0	0	0	0	0	0	0	0	0	0	0
"Amphipsylla_longispina"	0	0	0	0.00769230769230769	0.00769230769230769	0.00769230769230769	0.0192307692307692	0	0	0.0423076923076923	0	0	0	0.0153846153846154	0	0	0	0	0	0	0	0	0	0	0	0	0	0	0	0	0	0	0	0	0	0	0	0	0	0	0	0	0	0	0	0	0	0	0	0	0	0	0	0	0	0	0	0
"Callopsylla_caspia"	0	0	0	0.0884615384615385	0	0	0	0	0	0	0.0115384615384615	0	0	0	0	0	0	0	0	0	0	0	0	0	0	0	0	0	0	0	0	0	0	0	0	0	0	0	0	0	0	0	0	0	0	0	0	0	0	0	0	0	0	0	0	0	0	0
"Pectinoctenus_pavlovskii"	0	0	0	0	0.0476190476190476	0.0428571428571429	0.00952380952380952	0	0	0	0	0	0	0	0	0	0	0	0	0	0	0	0	0	0	0	0	0	0	0	0	0	0	0	0	0	0	0	0	0	0	0	0	0	0	0	0	0	0	0	0	0	0	0	0	0	0	0
"Neopsylla_galea"	0	0	0.01	0	0	0.05	0	0	0	0.04	0	0	0	0	0	0	0	0	0	0	0	0	0	0	0	0	0	0	0	0	0	0	0	0	0	0	0	0	0	0	0	0	0	0	0	0	0	0	0	0	0	0	0	0	0	0	0	0
"Amphalius_runatus"	0.0894736842105263	0	0	0.0105263157894737	0	0	0	0	0	0	0	0	0	0	0	0	0	0	0	0	0	0	0	0	0	0	0	0	0	0	0	0	0	0	0	0	0	0	0	0	0	0	0	0	0	0	0	0	0	0	0	0	0	0	0	0	0	0
"Paradoxopsyllus_kalabukhovi"	0	0	0	0	0	0	0	0.0894736842105263	0	0	0	0	0	0.0105263157894737	0	0	0	0	0	0	0	0	0	0	0	0	0	0	0	0	0	0	0	0	0	0	0	0	0	0	0	0	0	0	0	0	0	0	0	0	0	0	0	0	0	0	0	0
"Wagnerina_longicauda"	0	0	0	0.1	0	0	0	0	0	0	0	0	0	0	0	0	0	0	0	0	0	0	0	0	0	0	0	0	0	0	0	0	0	0	0	0	0	0	0	0	0	0	0	0	0	0	0	0	0	0	0	0	0	0	0	0	0	0
"Paradoxopsyllus_integer"	0	0	0	0	0	0.06	0	0	0	0	0	0.02	0	0.02	0	0	0	0	0	0	0	0	0	0	0	0	0	0	0	0	0	0	0	0	0	0	0	0	0	0	0	0	0	0	0	0	0	0	0	0	0	0	0	0	0	0	0	0
"Tarsopsylla_octodecimdentata"	0	0	0	0	0	0	0	0	0	0	0	0	0	0	0.1	0	0	0	0	0	0	0	0	0	0	0	0	0	0	0	0	0	0	0	0	0	0	0	0	0	0	0	0	0	0	0	0	0	0	0	0	0	0	0	0	0	0	0
"Rhadinopsylla_rothschildi"	0	0	0.05	0.025	0	0	0	0	0	0.025	0	0	0	0	0	0	0	0	0	0	0	0	0	0	0	0	0	0	0	0	0	0	0	0	0	0	0	0	0	0	0	0	0	0	0	0	0	0	0	0	0	0	0	0	0	0	0	0
"Amphipsylla_kuznetzovi"	0.05	0	0	0	0	0	0	0	0	0	0.05	0	0	0	0	0	0	0	0	0	0	0	0	0	0	0	0	0	0	0	0	0	0	0	0	0	0	0	0	0	0	0	0	0	0	0	0	0	0	0	0	0	0	0	0	0	0	0
"Ceratophyllus_indages"	0	0	0	0	0	0	0	0	0	0	0	0	0	0	0	0	0	0.1	0	0	0	0	0	0	0	0	0	0	0	0	0	0	0	0	0	0	0	0	0	0	0	0	0	0	0	0	0	0	0	0	0	0	0	0	0	0	0	0
"Megabothris_rectangulatus"	0	0	0	0	0	0	0	0	0	0	0	0	0	0	0	0	0.1	0	0	0	0	0	0	0	0	0	0	0	0	0	0	0	0	0	0	0	0	0	0	0	0	0	0	0	0	0	0	0	0	0	0	0	0	0	0	0	0	0
"Rhadinopsylla_altaica"	0	0	0	0	0	0	0	0	0	0	0	0	0	0	0	0.1	0	0	0	0	0	0	0	0	0	0	0	0	0	0	0	0	0	0	0	0	0	0	0	0	0	0	0	0	0	0	0	0	0	0	0	0	0	0	0	0	0	0
"Rhadinopsylla_pseudodahurica"	0	0	0	0.1	0	0	0	0	0	0	0	0	0	0	0	0	0	0	0	0	0	0	0	0	0	0	0	0	0	0	0	0	0	0	0	0	0	0	0	0	0	0	0	0	0	0	0	0	0	0	0	0	0	0	0	0	0	0
"Xenopsylla_conformis"	0	0	0	0	0	0	0	0.1	0	0	0	0	0	0	0	0	0	0	0	0	0	0	0	0	0	0	0	0	0	0	0	0	0	0	0	0	0	0	0	0	0	0	0	0	0	0	0	0	0	0	0	0	0	0	0	0	0	0
