"Apodemus_flavicollis"	"Clethrionomys_glareolus"	"Apodemus_agrarius"	"Microtus_arvalis"	"Apodemus_uralensis"	"Sorex_araneus"	"Microtus_subterraneus"	"Neomys_fodiens"	"Crocidura_leucodon"	"Apodemus_sylvaticus"	"Arvicola_terrestris"	"Talpa_europaea"	"Neomys_anomalus"	"Sorex_alpinus"	"Micromys_minutus"	"Myoxus_glis"	"Muscardinus_avellanarius"	"Ctenophthalmus_agyrtes"	"Megabothris_turbidus"	"Ctenophthalmus_assimilis"	"Amalaraeus_penicilliger"	"Palaeopsylla_soricis"	"Peromyscopsylla_bidentata"	"Doratopsylla_dasycnema"	"Ctenophthalmus_solutus"	"Hystrichopsylla_orientalis"	"Rhadinopsylla_integella"	"Ctenophthalmus_uncinatus"	"Rhadinopsylla_pentacantha"	"Atyphloceras_nuperus"	"Ceratophyllus_sciurorum"	"Ctenophthalmus_bisoctodentatus"	"Peromyscopsylla_silvatica"	"Amalaraeus_arvicolae"	"Rhadinopsylla_isacantha"	"Amphipsylla_rossica"	"Ctenophthalmus_obtusus"	"Palaeopsylla_kohauti"
"Apodemus_flavicollis"	0	0	0	0	0	0	0	0	0	0	0	0	0	0	0	0	0	0.0645032735553658	0.0200113862795332	0.00868203814403644	0	0.000341588385994876	0.000142328494164532	0	0.00361514375177911	0.0013663535439795	0.000398519783660689	0.000483916880159408	8.5397096498719e-05	0	0.000370054084827783	0	0	0	0	0	0	0
"Clethrionomys_glareolus"	0	0	0	0	0	0	0	0	0	0	0	0	0	0	0	0	0	0.0457678153228505	0.0192037470725995	0.00501840080294413	0.0198059551689528	0	0.00511876881900301	0	0	0	0.0023084643693543	0	0.000903312144529943	0.000903312144529943	0.000100368016058883	0	0.000501840080294413	0	0.000234192037470726	0.000133824021411843	0	0
"Apodemus_agrarius"	0	0	0	0	0	0	0	0	0	0	0	0	0	0	0	0	0	0.0562005277044855	0.0210026385224274	0.0170976253298153	0	0.0012664907651715	0.000474934036939314	0	0.000422163588390501	0.0033245382585752	0.000105540897097625	0.000105540897097625	0	0	0	0	0	0	0	0	0	0
"Microtus_arvalis"	0	0	0	0	0	0	0	0	0	0	0	0	0	0	0	0	0	0.0188755020080321	0.0142570281124498	0.0623493975903614	0.00190763052208835	0.000301204819277108	0.00170682730923695	0	0	0.000401606425702811	0	0	0	0	0	0	0	0	0	0.000200803212851406	0	0
"Apodemus_uralensis"	0	0	0	0	0	0	0	0	0	0	0	0	0	0	0	0	0	0.05625	0.0176724137931034	0.0256465517241379	0	0	0	0	0	0.000431034482758621	0	0	0	0	0	0	0	0	0	0	0	0
"Sorex_araneus"	0	0	0	0	0	0	0	0	0	0	0	0	0	0	0	0	0	0.0135646687697161	0.00126182965299685	0.00536277602523659	0	0.0536277602523659	0	0.0242902208201893	0	0	0	0	0	0	0	0.00126182965299685	0	0	0	0	0	0.000630914826498423
"Microtus_subterraneus"	0	0	0	0	0	0	0	0	0	0	0	0	0	0	0	0	0	0.0423076923076923	0.00833333333333333	0.0153846153846154	0.00576923076923077	0.0208333333333333	0.00128205128205128	0	0	0	0	0	0.00192307692307692	0	0	0	0	0.00416666666666667	0	0	0	0
"Neomys_fodiens"	0	0	0	0	0	0	0	0	0	0	0	0	0	0	0	0	0	0.00825688073394495	0.0036697247706422	0.0036697247706422	0	0.0137614678899083	0	0.0688073394495413	0	0	0	0	0	0	0	0	0	0	0	0	0	0.0018348623853211
"Crocidura_leucodon"	0	0	0	0	0	0	0	0	0	0	0	0	0	0	0	0	0	0.00515463917525773	0	0.00309278350515464	0	0	0	0	0.0134020618556701	0.00721649484536082	0	0.0628865979381443	0	0	0	0.00309278350515464	0	0	0	0	0.00515463917525773	0
"Apodemus_sylvaticus"	0	0	0	0	0	0	0	0	0	0	0	0	0	0	0	0	0	0.0577464788732394	0.0338028169014085	0.00845070422535211	0	0	0	0	0	0	0	0	0	0	0	0	0	0	0	0	0	0
"Arvicola_terrestris"	0	0	0	0	0	0	0	0	0	0	0	0	0	0	0	0	0	0.0737704918032787	0.00819672131147541	0.0180327868852459	0	0	0	0	0	0	0	0	0	0	0	0	0	0	0	0	0	0
"Talpa_europaea"	0	0	0	0	0	0	0	0	0	0	0	0	0	0	0	0	0	0.0428571428571429	0	0.0285714285714286	0	0	0	0	0	0	0	0	0	0	0	0.0285714285714286	0	0	0	0	0	0
"Neomys_anomalus"	0	0	0	0	0	0	0	0	0	0	0	0	0	0	0	0	0	0	0.0222222222222222	0.0111111111111111	0	0	0	0.0666666666666667	0	0	0	0	0	0	0	0	0	0	0	0	0	0
"Sorex_alpinus"	0	0	0	0	0	0	0	0	0	0	0	0	0	0	0	0	0	0.0666666666666667	0	0	0	0.0333333333333333	0	0	0	0	0	0	0	0	0	0	0	0	0	0	0	0
"Micromys_minutus"	0	0	0	0	0	0	0	0	0	0	0	0	0	0	0	0	0	0	0.1	0	0	0	0	0	0	0	0	0	0	0	0	0	0	0	0	0	0	0
"Myoxus_glis"	0	0	0	0	0	0	0	0	0	0	0	0	0	0	0	0	0	0	0	0.04	0	0	0	0	0	0	0	0	0	0	0.06	0	0	0	0	0	0	0
"Muscardinus_avellanarius"	0	0	0	0	0	0	0	0	0	0	0	0	0	0	0	0	0	0	0	0	0	0	0	0	0	0	0	0	0	0	0.1	0	0	0	0	0	0	0
"Ctenophthalmus_agyrtes"	0.041631453242697	0.0251331986037112	0.0195664155796436	0.00345397758589013	0.00479514973360279	0.000790005511666361	0.00242513319860371	0.000165349990813889	9.18611060077163e-05	0.000753261069263274	0.000826749954069447	0.000220466654418519	0	0.000146977769612346	0	0	0	0	0	0	0	0	0	0	0	0	0	0	0	0	0	0	0	0	0	0	0	0
"Megabothris_turbidus"	0.0356310187531678	0.0290927521540801	0.0201723264064876	0.00719716168271668	0.00415610745058287	0.00020273694880892	0.00131779016725798	0.00020273694880892	0	0.00121642169285352	0.000253421186011151	0	0.00020273694880892	0	0.000354789660415611	0	0	0	0	0	0	0	0	0	0	0	0	0	0	0	0	0	0	0	0	0	0	0
"Ctenophthalmus_assimilis"	0.0188271604938272	0.00925925925925926	0.02	0.0383333333333333	0.00734567901234568	0.00104938271604938	0.00296296296296296	0.000246913580246914	0.000185185185185185	0.00037037037037037	0.000679012345679012	0.000493827160493827	0.000123456790123457	0	0	0.000123456790123457	0	0	0	0	0	0	0	0	0	0	0	0	0	0	0	0	0	0	0	0	0	0
"Amalaraeus_penicilliger"	0	0.0941176470588235	0	0.00302066772655008	0	0	0.00286168521462639	0	0	0	0	0	0	0	0	0	0	0	0	0	0	0	0	0	0	0	0	0	0	0	0	0	0	0	0	0	0	0
"Palaeopsylla_soricis"	0.00409556313993174	0	0.00819112627986348	0.00102389078498294	0	0.0580204778156997	0.0221843003412969	0.00511945392491468	0	0	0	0	0	0.00136518771331058	0	0	0	0	0	0	0	0	0	0	0	0	0	0	0	0	0	0	0	0	0	0	0	0
"Peromyscopsylla_bidentata"	0.00265957446808511	0.0813829787234043	0.00478723404255319	0.00904255319148936	0	0	0.00212765957446809	0	0	0	0	0	0	0	0	0	0	0	0	0	0	0	0	0	0	0	0	0	0	0	0	0	0	0	0	0	0	0
"Doratopsylla_dasycnema"	0	0	0	0	0	0.0469512195121951	0	0.0457317073170732	0	0	0	0	0.00731707317073171	0	0	0	0	0	0	0	0	0	0	0	0	0	0	0	0	0	0	0	0	0	0	0	0	0
"Ctenophthalmus_solutus"	0.0858108108108108	0	0.00540540540540541	0	0	0	0	0	0.00878378378378378	0	0	0	0	0	0	0	0	0	0	0	0	0	0	0	0	0	0	0	0	0	0	0	0	0	0	0	0	0
"Hystrichopsylla_orientalis"	0.0387096774193548	0	0.0508064516129032	0.0032258064516129	0.00161290322580645	0	0	0	0.00564516129032258	0	0	0	0	0	0	0	0	0	0	0	0	0	0	0	0	0	0	0	0	0	0	0	0	0	0	0	0	0
"Rhadinopsylla_integella"	0.0164705882352941	0.0811764705882353	0.00235294117647059	0	0	0	0	0	0	0	0	0	0	0	0	0	0	0	0	0	0	0	0	0	0	0	0	0	0	0	0	0	0	0	0	0	0	0
"Ctenophthalmus_uncinatus"	0.02125	0	0.0025	0	0	0	0	0	0.07625	0	0	0	0	0	0	0	0	0	0	0	0	0	0	0	0	0	0	0	0	0	0	0	0	0	0	0	0	0
"Rhadinopsylla_pentacantha"	0.00833333333333333	0.075	0	0	0	0	0.0166666666666667	0	0	0	0	0	0	0	0	0	0	0	0	0	0	0	0	0	0	0	0	0	0	0	0	0	0	0	0	0	0	0
"Atyphloceras_nuperus"	0	0.1	0	0	0	0	0	0	0	0	0	0	0	0	0	0	0	0	0	0	0	0	0	0	0	0	0	0	0	0	0	0	0	0	0	0	0	0
"Ceratophyllus_sciurorum"	0.0619047619047619	0.0142857142857143	0	0	0	0	0	0	0	0	0	0	0	0	0	0.0142857142857143	0.00952380952380952	0	0	0	0	0	0	0	0	0	0	0	0	0	0	0	0	0	0	0	0	0
"Ctenophthalmus_bisoctodentatus"	0	0	0	0	0	0.0266666666666667	0	0	0.02	0	0	0.0533333333333333	0	0	0	0	0	0	0	0	0	0	0	0	0	0	0	0	0	0	0	0	0	0	0	0	0	0
"Peromyscopsylla_silvatica"	0	0.1	0	0	0	0	0	0	0	0	0	0	0	0	0	0	0	0	0	0	0	0	0	0	0	0	0	0	0	0	0	0	0	0	0	0	0	0
"Amalaraeus_arvicolae"	0	0	0	0	0	0	0.1	0	0	0	0	0	0	0	0	0	0	0	0	0	0	0	0	0	0	0	0	0	0	0	0	0	0	0	0	0	0	0
"Rhadinopsylla_isacantha"	0	0.1	0	0	0	0	0	0	0	0	0	0	0	0	0	0	0	0	0	0	0	0	0	0	0	0	0	0	0	0	0	0	0	0	0	0	0	0
"Amphipsylla_rossica"	0	0.0666666666666667	0	0.0333333333333333	0	0	0	0	0	0	0	0	0	0	0	0	0	0	0	0	0	0	0	0	0	0	0	0	0	0	0	0	0	0	0	0	0	0
"Ctenophthalmus_obtusus"	0	0	0	0	0	0	0	0	0.1	0	0	0	0	0	0	0	0	0	0	0	0	0	0	0	0	0	0	0	0	0	0	0	0	0	0	0	0	0
"Palaeopsylla_kohauti"	0	0	0	0	0	0.05	0	0.05	0	0	0	0	0	0	0	0	0	0	0	0	0	0	0	0	0	0	0	0	0	0	0	0	0	0	0	0	0	0
