"Microtus_arvalis"	"Apodemus_sylvaticus"	"Prometheomys_schaposchnikowi"	"Apodemus_mystacinus"	"Microtus_majori"	"Dryomys_nitedula"	"Cricetulus_migratorius"	"Sorex_araneus"	"Chionomys_nivalis"	"Myoxus_glis"	"Ctenophthalmus_proximus"	"Ctenophthalmus_hypanis"	"Ctenophthalmus_inornatus"	"Megabothris_turbidus"	"Ctenophthalmus_shovi"	"Amphipsylla_rossica"	"Myoxopsylla_jordani"	"Nosopsyllus_fasciatus"	"Leptopsylla_segnis"	"Leptopsylla_taschenbergi"	"Hystrichopsylla_talpae"	"Amphipsylla_georgica"	"Hystrichopsylla_satunini"	"Rhadinopsylla_integella"	"Ceratophyllus_sciurorum"	"Amalaraeus_penicilliger"	"Ctenophthalmus_euxinicus"	"Palaeopsylla_caucasica"
"Microtus_arvalis"	0	0	0	0	0	0	0	0	0	0	0.000364963503649635	0.0478102189781022	0.00164233576642336	0.0215328467153285	0.00656934306569343	0.0191605839416058	0	0	0	0	0.00237226277372263	0	0	0	0	0.000547445255474453	0	0
"Apodemus_sylvaticus"	0	0	0	0	0	0	0	0	0	0	0.0614942528735632	0.00153256704980843	0.000574712643678161	0.00766283524904215	0.00862068965517242	0.000766283524904215	0.000766283524904215	0.00574712643678161	0.00363984674329502	0.0053639846743295	0.000574712643678161	0.000383141762452107	0.000957854406130268	0.000574712643678161	0.000766283524904215	0	0	0.000574712643678161
"Prometheomys_schaposchnikowi"	0	0	0	0	0	0	0	0	0	0	0	0.00229007633587786	0.0950381679389313	0.000763358778625954	0	0.00190839694656489	0	0	0	0	0	0	0	0	0	0	0	0
"Apodemus_mystacinus"	0	0	0	0	0	0	0	0	0	0	0.0578125	0.00234375	0	0.00234375	0.01015625	0	0.0015625	0.01171875	0.00859375	0	0	0	0.003125	0	0	0	0.00234375	0
"Microtus_majori"	0	0	0	0	0	0	0	0	0	0	0.0259615384615385	0.00384615384615385	0	0.0259615384615385	0.0326923076923077	0.00288461538461538	0	0	0.00384615384615385	0	0.00192307692307692	0	0.00288461538461538	0	0	0	0	0
"Dryomys_nitedula"	0	0	0	0	0	0	0	0	0	0	0	0	0	0.00232558139534884	0	0	0.0976744186046512	0	0	0	0	0	0	0	0	0	0	0
"Cricetulus_migratorius"	0	0	0	0	0	0	0	0	0	0	0	0.00851063829787234	0.00851063829787234	0.0340425531914894	0	0.0212765957446809	0	0	0	0	0	0.0276595744680851	0	0	0	0	0	0
"Sorex_araneus"	0	0	0	0	0	0	0	0	0	0	0.06875	0	0	0	0.01875	0	0	0	0.0125	0	0	0	0	0	0	0	0	0
"Chionomys_nivalis"	0	0	0	0	0	0	0	0	0	0	0	0.0181818181818182	0.0272727272727273	0.0181818181818182	0	0.0181818181818182	0	0	0	0	0	0	0	0.0181818181818182	0	0	0	0
"Myoxus_glis"	0	0	0	0	0	0	0	0	0	0	0	0	0	0	0	0	0.1	0	0	0	0	0	0	0	0	0	0	0
"Ctenophthalmus_proximus"	0.000459770114942529	0.0737931034482759	0	0.0170114942528736	0.00620689655172414	0	0	0.00252873563218391	0	0	0	0	0	0	0	0	0	0	0	0	0	0	0	0	0	0	0	0
"Ctenophthalmus_hypanis"	0.0906574394463668	0.0027681660899654	0.00207612456747405	0.00103806228373702	0.0013840830449827	0	0.0013840830449827	0	0.00069204152249135	0	0	0	0	0	0	0	0	0	0	0	0	0	0	0	0	0	0	0
"Ctenophthalmus_inornatus"	0.00335820895522388	0.00111940298507463	0.092910447761194	0	0	0	0.00149253731343284	0	0.00111940298507463	0	0	0	0	0	0	0	0	0	0	0	0	0	0	0	0	0	0	0
"Megabothris_turbidus"	0.0561904761904762	0.019047619047619	0.000952380952380952	0.00142857142857143	0.0128571428571429	0.000952380952380952	0.00761904761904762	0	0.000952380952380952	0	0	0	0	0	0	0	0	0	0	0	0	0	0	0	0	0	0	0
"Ctenophthalmus_shovi"	0.0274809160305344	0.0343511450381679	0	0.0099236641221374	0.0259541984732824	0	0	0.00229007633587786	0	0	0	0	0	0	0	0	0	0	0	0	0	0	0	0	0	0	0	0
"Amphipsylla_rossica"	0.0813953488372093	0.00310077519379845	0.00387596899224806	0	0.00232558139534884	0	0.00775193798449612	0	0.00155038759689922	0	0	0	0	0	0	0	0	0	0	0	0	0	0	0	0	0	0	0
"Myoxopsylla_jordani"	0	0.00425531914893617	0	0.00212765957446809	0	0.0893617021276596	0	0	0	0.00425531914893617	0	0	0	0	0	0	0	0	0	0	0	0	0	0	0	0	0	0
"Nosopsyllus_fasciatus"	0	0.0666666666666667	0	0.0333333333333333	0	0	0	0	0	0	0	0	0	0	0	0	0	0	0	0	0	0	0	0	0	0	0	0
"Leptopsylla_segnis"	0	0.0527777777777778	0	0.0305555555555556	0.0111111111111111	0	0	0.00555555555555556	0	0	0	0	0	0	0	0	0	0	0	0	0	0	0	0	0	0	0	0
"Leptopsylla_taschenbergi"	0	0.1	0	0	0	0	0	0	0	0	0	0	0	0	0	0	0	0	0	0	0	0	0	0	0	0	0	0
"Hystrichopsylla_talpae"	0.0722222222222222	0.0166666666666667	0	0	0.0111111111111111	0	0	0	0	0	0	0	0	0	0	0	0	0	0	0	0	0	0	0	0	0	0	0
"Amphipsylla_georgica"	0	0.0133333333333333	0	0	0	0	0.0866666666666667	0	0	0	0	0	0	0	0	0	0	0	0	0	0	0	0	0	0	0	0	0
"Hystrichopsylla_satunini"	0	0.0416666666666667	0	0.0333333333333333	0.025	0	0	0	0	0	0	0	0	0	0	0	0	0	0	0	0	0	0	0	0	0	0	0
"Rhadinopsylla_integella"	0	0.06	0	0	0	0	0	0	0.04	0	0	0	0	0	0	0	0	0	0	0	0	0	0	0	0	0	0	0
"Ceratophyllus_sciurorum"	0	0.1	0	0	0	0	0	0	0	0	0	0	0	0	0	0	0	0	0	0	0	0	0	0	0	0	0	0
"Amalaraeus_penicilliger"	0.1	0	0	0	0	0	0	0	0	0	0	0	0	0	0	0	0	0	0	0	0	0	0	0	0	0	0	0
"Ctenophthalmus_euxinicus"	0	0	0	0.1	0	0	0	0	0	0	0	0	0	0	0	0	0	0	0	0	0	0	0	0	0	0	0	0
"Palaeopsylla_caucasica"	0	0.1	0	0	0	0	0	0	0	0	0	0	0	0	0	0	0	0	0	0	0	0	0	0	0	0	0	0
