"Rhombomys_opimus"	"Cricetulus_migratorius"	"Meriones_tamariscinus"	"Allactaga_elater"	"Meriones_meridianus"	"Ellobius_talpinus"	"Pygeretmus_pumilio"	"Allactaga_major"	"Allactaga_sibirica"	"Apodemus_uralensis"	"Allactaga_severtzovi"	"Microtus_gregalis"	"Microtus_socialis"	"Microtus_arvalis"	"Pygeretmus_shitkovi"	"Dipus_sagitta"	"Stylodipus_telum"	"Spermophilus_pygmaeus"	"Xenopsylla_skrjabini"	"Xenopsylla_hirtipes"	"Xenopsylla_gerbilli"	"Xenopsylla_conformis"	"Amphipsylla_schelkovnikovi"	"Nosopsyllus_laeviceps"	"Mesopsylla_lenis"	"Coptopsylla_lamellifer"	"Echidnophaga_oschanini"	"Mesopsylla_eucta"	"Mesopsylla_tuschkan"	"Xenopsylla_magdalinae"	"Mesopsylla_hebes"	"Ophthalmopsylla_volgensis"	"Ctenophthalmus_arvalis"	"Ctenophthalmus_dolichus"	"Nosopsyllus_consimilis"	"Neopsylla_teratura"	"Nosopsyllus_tersus"	"Amphipsylla_rossica"	"Nosopsyllus_fidus"	"Pectinoctenus_nemorosa"	"Citellophilus_ullus"	"Rhadinopsylla_socia"	"Ctenophthalmus_dux"	"Rhadinopsylla_cedestis"	"Rhadinopsylla_bivirgis"	"Amphipsylla_dumalis"	"Citellophilus_trispinus"	"Ctenophthalmus_breviatus"	"Paradoxopsyllus_repandus"
"Rhombomys_opimus"	0	0	0	0	0	0	0	0	0	0	0	0	0	0	0	0	0	0	0.0472993329029481	0.0280826339573919	0.0133204217774909	0.00017215407789972	0	0.00355067785668173	0	0.00260383042823327	0.00217344523348397	4.30385194749301e-05	0	0	0	0	0	0.00124811706477297	0	0	0.000559500753174091	0	0	0	0.000236711857112115	0.000344308155799441	0	0.00025823111684958	6.45577792123951e-05	0	0	0	4.30385194749301e-05
"Cricetulus_migratorius"	0	0	0	0	0	0	0	0	0	0	0	0	0	0	0	0	0	0	0	0	0	0	0.0856396866840731	0	0	0	0	0	0	0	0	0.000783289817232376	0.00234986945169713	0	0.002088772845953	0.00731070496083551	0	0.00130548302872063	0	0	0	0	0	0	0	0	0.000522193211488251	0	0
"Meriones_tamariscinus"	0	0	0	0	0	0	0	0	0	0	0	0	0	0	0	0	0	0	0	0	0	0.0538961038961039	0	0.0386363636363636	0.000649350649350649	0	0.00227272727272727	0	0	0	0	0	0.000649350649350649	0	0	0	0	0	0.00227272727272727	0	0.00162337662337662	0	0	0	0	0	0	0	0
"Allactaga_elater"	0	0	0	0	0	0	0	0	0	0	0	0	0	0	0	0	0	0	0	0	0.000790513833992095	0.00118577075098814	0	0	0.0557312252964427	0	0	0.0213438735177866	0.00355731225296443	0	0.00118577075098814	0.0146245059288538	0.000790513833992095	0	0.000790513833992095	0	0	0	0	0	0	0	0	0	0	0	0	0	0
"Meriones_meridianus"	0	0	0	0	0	0	0	0	0	0	0	0	0	0	0	0	0	0	0	0	0	0.0761261261261261	0	0.0193693693693694	0	0	0.0018018018018018	0.000900900900900901	0	0	0	0	0.0018018018018018	0	0	0	0	0	0	0	0	0	0	0	0	0	0	0	0
"Ellobius_talpinus"	0	0	0	0	0	0	0	0	0	0	0	0	0	0	0	0	0	0	0	0	0	0	0	0	0	0	0	0	0	0.08125	0	0	0.00416666666666667	0	0	0	0	0	0	0	0	0	0.0125	0	0	0.00208333333333333	0	0	0
"Pygeretmus_pumilio"	0	0	0	0	0	0	0	0	0	0	0	0	0	0	0	0	0	0	0	0	0	0	0	0	0	0	0	0.00470588235294118	0.0811764705882353	0	0	0.0117647058823529	0	0	0	0	0	0	0.00235294117647059	0	0	0	0	0	0	0	0	0	0
"Allactaga_major"	0	0	0	0	0	0	0	0	0	0	0	0	0	0	0	0	0	0	0	0	0	0	0	0	0	0	0	0	0	0	0.0934426229508197	0	0.00327868852459016	0	0.00327868852459016	0	0	0	0	0	0	0	0	0	0	0	0	0	0
"Allactaga_sibirica"	0	0	0	0	0	0	0	0	0	0	0	0	0	0	0	0	0	0	0	0	0	0	0	0	0.0087719298245614	0	0	0.0175438596491228	0.0245614035087719	0	0.0298245614035088	0.0192982456140351	0	0	0	0	0	0	0	0	0	0	0	0	0	0	0	0	0
"Apodemus_uralensis"	0	0	0	0	0	0	0	0	0	0	0	0	0	0	0	0	0	0	0	0	0	0	0.00465116279069767	0	0	0	0	0	0	0	0	0	0.00465116279069767	0	0.00930232558139535	0.00465116279069767	0	0.00465116279069767	0.0255813953488372	0.0465116279069767	0	0	0	0	0	0	0	0	0
"Allactaga_severtzovi"	0	0	0	0	0	0	0	0	0	0	0	0	0	0	0	0	0	0	0	0	0	0	0	0	0	0	0	0.0757575757575758	0	0	0	0.0181818181818182	0	0	0	0.00606060606060606	0	0	0	0	0	0	0	0	0	0	0	0	0
"Microtus_gregalis"	0	0	0	0	0	0	0	0	0	0	0	0	0	0	0	0	0	0	0	0	0	0	0	0	0	0	0	0	0	0	0	0	0.0387096774193548	0	0.0612903225806452	0	0	0	0	0	0	0	0	0	0	0	0	0	0
"Microtus_socialis"	0	0	0	0	0	0	0	0	0	0	0	0	0	0	0	0	0	0	0	0	0	0	0	0	0	0	0	0	0	0	0	0	0.067741935483871	0	0.00645161290322581	0.00645161290322581	0	0.0129032258064516	0	0	0	0	0	0	0	0	0	0.00645161290322581	0
"Microtus_arvalis"	0	0	0	0	0	0	0	0	0	0	0	0	0	0	0	0	0	0	0	0	0	0	0	0	0	0	0	0	0	0	0	0	0.0285714285714286	0	0.0214285714285714	0	0	0.05	0	0	0	0	0	0	0	0	0	0	0
"Pygeretmus_shitkovi"	0	0	0	0	0	0	0	0	0	0	0	0	0	0	0	0	0	0	0	0	0	0	0	0	0.0636363636363636	0	0	0	0	0	0	0.0363636363636364	0	0	0	0	0	0	0	0	0	0	0	0	0	0	0	0	0
"Dipus_sagitta"	0	0	0	0	0	0	0	0	0	0	0	0	0	0	0	0	0	0	0	0	0	0.0823529411764706	0	0	0	0	0	0	0.0176470588235294	0	0	0	0	0	0	0	0	0	0	0	0	0	0	0	0	0	0	0	0
"Stylodipus_telum"	0	0	0	0	0	0	0	0	0	0	0	0	0	0	0	0	0	0	0.0538461538461538	0	0	0	0	0	0.0153846153846154	0	0	0	0.0153846153846154	0	0	0.0153846153846154	0	0	0	0	0	0	0	0	0	0	0	0	0	0	0	0	0
"Spermophilus_pygmaeus"	0	0	0	0	0	0	0	0	0	0	0	0	0	0	0	0	0	0	0	0	0	0	0	0.1	0	0	0	0	0	0	0	0	0	0	0	0	0	0	0	0	0	0	0	0	0	0	0	0	0
"Xenopsylla_skrjabini"	0.0996825396825397	0	0	0	0	0	0	0	0	0	0	0	0	0	0	0	0.000317460317460317	0	0	0	0	0	0	0	0	0	0	0	0	0	0	0	0	0	0	0	0	0	0	0	0	0	0	0	0	0	0	0	0
"Xenopsylla_hirtipes"	0.1	0	0	0	0	0	0	0	0	0	0	0	0	0	0	0	0	0	0	0	0	0	0	0	0	0	0	0	0	0	0	0	0	0	0	0	0	0	0	0	0	0	0	0	0	0	0	0	0
"Xenopsylla_gerbilli"	0.0996779388083736	0	0	0.000322061191626409	0	0	0	0	0	0	0	0	0	0	0	0	0	0	0	0	0	0	0	0	0	0	0	0	0	0	0	0	0	0	0	0	0	0	0	0	0	0	0	0	0	0	0	0	0
"Xenopsylla_conformis"	0.00222222222222222	0	0.0461111111111111	0.000833333333333333	0.0469444444444444	0	0	0	0	0	0	0	0	0	0	0.00388888888888889	0	0	0	0	0	0	0	0	0	0	0	0	0	0	0	0	0	0	0	0	0	0	0	0	0	0	0	0	0	0	0	0	0
"Amphipsylla_schelkovnikovi"	0	0.0993939393939394	0	0	0	0	0	0	0	0.000606060606060606	0	0	0	0	0	0	0	0	0	0	0	0	0	0	0	0	0	0	0	0	0	0	0	0	0	0	0	0	0	0	0	0	0	0	0	0	0	0	0
"Nosopsyllus_laeviceps"	0.0501519756838906	0	0.0361702127659575	0	0.0130699088145897	0	0	0	0	0	0	0	0	0	0	0	0	0.00060790273556231	0	0	0	0	0	0	0	0	0	0	0	0	0	0	0	0	0	0	0	0	0	0	0	0	0	0	0	0	0	0	0
"Mesopsylla_lenis"	0	0	0.00121951219512195	0.0859756097560976	0	0	0	0	0.00304878048780488	0	0	0	0	0	0.00853658536585366	0	0.00121951219512195	0	0	0	0	0	0	0	0	0	0	0	0	0	0	0	0	0	0	0	0	0	0	0	0	0	0	0	0	0	0	0	0
"Coptopsylla_lamellifer"	0.1	0	0	0	0	0	0	0	0	0	0	0	0	0	0	0	0	0	0	0	0	0	0	0	0	0	0	0	0	0	0	0	0	0	0	0	0	0	0	0	0	0	0	0	0	0	0	0	0
"Echidnophaga_oschanini"	0.0901785714285714	0	0.00625	0	0.00357142857142857	0	0	0	0	0	0	0	0	0	0	0	0	0	0	0	0	0	0	0	0	0	0	0	0	0	0	0	0	0	0	0	0	0	0	0	0	0	0	0	0	0	0	0	0
"Mesopsylla_eucta"	0.00206185567010309	0	0	0.0556701030927835	0.00206185567010309	0	0.00412371134020619	0	0.0103092783505155	0	0.0257731958762887	0	0	0	0	0	0	0	0	0	0	0	0	0	0	0	0	0	0	0	0	0	0	0	0	0	0	0	0	0	0	0	0	0	0	0	0	0	0
"Mesopsylla_tuschkan"	0	0	0	0.00927835051546392	0	0	0.0711340206185567	0	0.0144329896907216	0	0	0	0	0	0	0.00309278350515464	0.00206185567010309	0	0	0	0	0	0	0	0	0	0	0	0	0	0	0	0	0	0	0	0	0	0	0	0	0	0	0	0	0	0	0	0
"Xenopsylla_magdalinae"	0	0	0	0	0	0.1	0	0	0	0	0	0	0	0	0	0	0	0	0	0	0	0	0	0	0	0	0	0	0	0	0	0	0	0	0	0	0	0	0	0	0	0	0	0	0	0	0	0	0
"Mesopsylla_hebes"	0	0	0	0.0038961038961039	0	0	0	0.074025974025974	0.0220779220779221	0	0	0	0	0	0	0	0	0	0	0	0	0	0	0	0	0	0	0	0	0	0	0	0	0	0	0	0	0	0	0	0	0	0	0	0	0	0	0	0
"Ophthalmopsylla_volgensis"	0	0.0038961038961039	0	0.0480519480519481	0	0	0.012987012987013	0	0.0142857142857143	0	0.00779220779220779	0	0	0	0.0103896103896104	0	0.0025974025974026	0	0	0	0	0	0	0	0	0	0	0	0	0	0	0	0	0	0	0	0	0	0	0	0	0	0	0	0	0	0	0	0
"Ctenophthalmus_arvalis"	0	0.0136363636363636	0.00303030303030303	0.00303030303030303	0.00606060606060606	0.00606060606060606	0	0.00303030303030303	0	0.00303030303030303	0	0.0181818181818182	0.0318181818181818	0.0121212121212121	0	0	0	0	0	0	0	0	0	0	0	0	0	0	0	0	0	0	0	0	0	0	0	0	0	0	0	0	0	0	0	0	0	0	0
"Ctenophthalmus_dolichus"	0.1	0	0	0	0	0	0	0	0	0	0	0	0	0	0	0	0	0	0	0	0	0	0	0	0	0	0	0	0	0	0	0	0	0	0	0	0	0	0	0	0	0	0	0	0	0	0	0	0
"Nosopsyllus_consimilis"	0	0.0186046511627907	0	0.00465116279069767	0	0	0	0.00465116279069767	0	0.00930232558139535	0	0.0441860465116279	0.00465116279069767	0.013953488372093	0	0	0	0	0	0	0	0	0	0	0	0	0	0	0	0	0	0	0	0	0	0	0	0	0	0	0	0	0	0	0	0	0	0	0
"Neopsylla_teratura"	0	0.0823529411764706	0	0	0	0	0	0	0	0.00588235294117647	0.00588235294117647	0	0.00588235294117647	0	0	0	0	0	0	0	0	0	0	0	0	0	0	0	0	0	0	0	0	0	0	0	0	0	0	0	0	0	0	0	0	0	0	0	0
"Nosopsyllus_tersus"	0.1	0	0	0	0	0	0	0	0	0	0	0	0	0	0	0	0	0	0	0	0	0	0	0	0	0	0	0	0	0	0	0	0	0	0	0	0	0	0	0	0	0	0	0	0	0	0	0	0
"Amphipsylla_rossica"	0	0.02	0	0	0	0	0	0	0	0.008	0	0	0.016	0.056	0	0	0	0	0	0	0	0	0	0	0	0	0	0	0	0	0	0	0	0	0	0	0	0	0	0	0	0	0	0	0	0	0	0	0
"Nosopsyllus_fidus"	0	0	0.035	0	0	0	0.01	0	0	0.055	0	0	0	0	0	0	0	0	0	0	0	0	0	0	0	0	0	0	0	0	0	0	0	0	0	0	0	0	0	0	0	0	0	0	0	0	0	0	0
"Pectinoctenus_nemorosa"	0	0	0	0	0	0	0	0	0	0.1	0	0	0	0	0	0	0	0	0	0	0	0	0	0	0	0	0	0	0	0	0	0	0	0	0	0	0	0	0	0	0	0	0	0	0	0	0	0	0
"Citellophilus_ullus"	0.06875	0	0.03125	0	0	0	0	0	0	0	0	0	0	0	0	0	0	0	0	0	0	0	0	0	0	0	0	0	0	0	0	0	0	0	0	0	0	0	0	0	0	0	0	0	0	0	0	0	0
"Rhadinopsylla_socia"	0.1	0	0	0	0	0	0	0	0	0	0	0	0	0	0	0	0	0	0	0	0	0	0	0	0	0	0	0	0	0	0	0	0	0	0	0	0	0	0	0	0	0	0	0	0	0	0	0	0
"Ctenophthalmus_dux"	0	0	0	0	0	0.1	0	0	0	0	0	0	0	0	0	0	0	0	0	0	0	0	0	0	0	0	0	0	0	0	0	0	0	0	0	0	0	0	0	0	0	0	0	0	0	0	0	0	0
"Rhadinopsylla_cedestis"	0.1	0	0	0	0	0	0	0	0	0	0	0	0	0	0	0	0	0	0	0	0	0	0	0	0	0	0	0	0	0	0	0	0	0	0	0	0	0	0	0	0	0	0	0	0	0	0	0	0
"Rhadinopsylla_bivirgis"	0.1	0	0	0	0	0	0	0	0	0	0	0	0	0	0	0	0	0	0	0	0	0	0	0	0	0	0	0	0	0	0	0	0	0	0	0	0	0	0	0	0	0	0	0	0	0	0	0	0
"Amphipsylla_dumalis"	0	0	0	0	0	0.1	0	0	0	0	0	0	0	0	0	0	0	0	0	0	0	0	0	0	0	0	0	0	0	0	0	0	0	0	0	0	0	0	0	0	0	0	0	0	0	0	0	0	0
"Citellophilus_trispinus"	0	0.1	0	0	0	0	0	0	0	0	0	0	0	0	0	0	0	0	0	0	0	0	0	0	0	0	0	0	0	0	0	0	0	0	0	0	0	0	0	0	0	0	0	0	0	0	0	0	0
"Ctenophthalmus_breviatus"	0	0	0	0	0	0	0	0	0	0	0	0	0.1	0	0	0	0	0	0	0	0	0	0	0	0	0	0	0	0	0	0	0	0	0	0	0	0	0	0	0	0	0	0	0	0	0	0	0	0
"Paradoxopsyllus_repandus"	0.1	0	0	0	0	0	0	0	0	0	0	0	0	0	0	0	0	0	0	0	0	0	0	0	0	0	0	0	0	0	0	0	0	0	0	0	0	0	0	0	0	0	0	0	0	0	0	0	0
