"Myospalax_myospalax"	"Spermophilus_erythrogenys"	"Cricetulus_migratorius"	"Apodemus_uralensis"	"Microtus_arvalis"	"Marmota_baibacina"	"Alticola_strelzowi"	"Ellobius_talpinus"	"Sicista_tianshanica"	"Arvicola_terrestris"	"Microtus_oeconomus"	"Dryomys_nitedula"	"Allactaga_major"	"Clethrionomys_rufocanus"	"Apodemus_agrarius"	"Allactaga_elater"	"Microtus_gregalis"	"Allocricetulus_eversmanni"	"Alticola_argentatus"	"Cricetus_cricetus"	"Sicista_subtilis"	"Ctenophthalmus_dilatatus"	"Citellophilus_ullus"	"Oropsylla_silantiewi"	"Frontopsylla_elata"	"Amphipsylla_schelkovnikovi"	"Ctenophthalmus_assimilis"	"Pectinoctenus_nemorosa"	"Megabothris_rectangulatus"	"Amphipsylla_dumalis"	"Amphipsylla_primaris"	"Neopsylla_democratica"	"Neopsylla_mana"	"Amphipsylla_anceps"	"Leptopsylla_sicistae"	"Ceratophyllus_sciurorum"	"Ctenophthalmus_arvalis"	"Frontopsylla_ornata"	"Neopsylla_setosa"	"Amalaraeus_penicilliger"	"Hystrichopsylla_talpae"	"Mesopsylla_hebes"	"Leptopsylla_nana"	"Rhadinopsylla_ioffi"	"Amphipsylla_rossica"	"Callopsylla_caspia"	"Frontopsylla_elatoides"	"Mesopsylla_lenis"	"Pectinoctenus_lauta"	"Mesopsylla_eucta"	"Nosopsyllus_consimilis"	"Oropsylla_ilovaiskii"	"Paraneopsylla_ioffi"
"Myospalax_myospalax"	0	0	0	0	0	0	0	0	0	0	0	0	0	0	0	0	0	0	0	0	0	0.096304347826087	0	0	0	0	0	0	0	0	0	0.000652173913043478	0.000652173913043478	0	0	0	0	0	0	0	0	0	0	0.00239130434782609	0	0	0	0	0	0	0	0	0
"Spermophilus_erythrogenys"	0	0	0	0	0	0	0	0	0	0	0	0	0	0	0	0	0	0	0	0	0	0	0.0800699300699301	0	0	0	0	0	0	0	0	0.0118881118881119	0	0	0	0	0.00524475524475524	0	0.000699300699300699	0	0	0	0	0	0	0	0.00104895104895105	0	0	0	0	0.00104895104895105	0
"Cricetulus_migratorius"	0	0	0	0	0	0	0	0	0	0	0	0	0	0	0	0	0	0	0	0	0	0	0	0	0.0109289617486339	0.0316939890710383	0.00273224043715847	0	0	0	0.00327868852459016	0.00655737704918033	0.0087431693989071	0.019672131147541	0	0	0.00327868852459016	0	0	0	0.00109289617486339	0	0.00601092896174863	0	0	0	0.00163934426229508	0	0.00273224043715847	0	0.00163934426229508	0	0
"Apodemus_uralensis"	0	0	0	0	0	0	0	0	0	0	0	0	0	0	0	0	0	0	0	0	0	0	0	0	0.0191176470588235	0	0.00661764705882353	0.0419117647058824	0.00147058823529412	0	0	0	0.0117647058823529	0.00367647058823529	0.00147058823529412	0	0	0.00955882352941177	0	0.00147058823529412	0	0	0	0	0.00147058823529412	0	0	0	0	0	0	0	0.00147058823529412
"Microtus_arvalis"	0	0	0	0	0	0	0	0	0	0	0	0	0	0	0	0	0	0	0	0	0	0	0.0666666666666667	0	0.00512820512820513	0	0.00598290598290598	0	0.00854700854700855	0	0	0	0	0	0	0	0	0	0.0102564102564103	0	0	0	0	0	0.00341880341880342	0	0	0	0	0	0	0	0
"Marmota_baibacina"	0	0	0	0	0	0	0	0	0	0	0	0	0	0	0	0	0	0	0	0	0	0	0	0.1	0	0	0	0	0	0	0	0	0	0	0	0	0	0	0	0	0	0	0	0	0	0	0	0	0	0	0	0	0
"Alticola_strelzowi"	0	0	0	0	0	0	0	0	0	0	0	0	0	0	0	0	0	0	0	0	0	0	0	0	0.0106666666666667	0	0	0	0.0133333333333333	0	0.0573333333333333	0	0.00666666666666667	0	0	0	0	0	0	0.00266666666666667	0	0	0	0	0	0.00933333333333333	0	0	0	0	0	0	0
"Ellobius_talpinus"	0	0	0	0	0	0	0	0	0	0	0	0	0	0	0	0	0	0	0	0	0	0	0	0	0	0	0.00363636363636364	0	0	0.0963636363636364	0	0	0	0	0	0	0	0	0	0	0	0	0	0	0	0	0	0	0	0	0	0	0
"Sicista_tianshanica"	0	0	0	0	0	0	0	0	0	0	0	0	0	0	0	0	0	0	0	0	0	0	0	0	0	0	0.00740740740740741	0	0.0037037037037037	0	0	0	0	0	0.0666666666666667	0	0	0.0166666666666667	0	0	0.00555555555555556	0	0	0	0	0	0	0	0	0	0	0	0
"Arvicola_terrestris"	0	0	0	0	0	0	0	0	0	0	0	0	0	0	0	0	0	0	0	0	0	0	0	0	0	0	0.0317073170731707	0	0.0487804878048781	0	0	0	0	0	0	0	0	0	0	0.0195121951219512	0	0	0	0	0	0	0	0	0	0	0	0	0
"Microtus_oeconomus"	0	0	0	0	0	0	0	0	0	0	0	0	0	0	0	0	0	0	0	0	0	0	0	0	0.00714285714285714	0	0.0285714285714286	0	0.0428571428571429	0	0	0	0.00714285714285714	0	0	0	0	0	0	0.00714285714285714	0.00714285714285714	0	0	0	0	0	0	0	0	0	0	0	0
"Dryomys_nitedula"	0	0	0	0	0	0	0	0	0	0	0	0	0	0	0	0	0	0	0	0	0	0	0	0	0	0	0	0	0	0	0	0	0	0	0	0.1	0	0	0	0	0	0	0	0	0	0	0	0	0	0	0	0	0
"Allactaga_major"	0	0	0	0	0	0	0	0	0	0	0	0	0	0	0	0	0	0	0	0	0	0	0	0	0	0	0	0	0	0	0	0	0	0	0	0	0.0105263157894737	0	0.0105263157894737	0	0	0.0789473684210526	0	0	0	0	0	0	0	0	0	0	0
"Clethrionomys_rufocanus"	0	0	0	0	0	0	0	0	0	0	0	0	0	0	0	0	0	0	0	0	0	0	0	0	0.0125	0	0.0125	0	0	0	0	0	0	0	0	0	0	0.0125	0	0	0.05	0	0	0	0.0125	0	0	0	0	0	0	0	0
"Apodemus_agrarius"	0	0	0	0	0	0	0	0	0	0	0	0	0	0	0	0	0	0	0	0	0	0	0	0	0.05	0	0.05	0	0	0	0	0	0	0	0	0	0	0	0	0	0	0	0	0	0	0	0	0	0	0	0	0	0
"Allactaga_elater"	0	0	0	0	0	0	0	0	0	0	0	0	0	0	0	0	0	0	0	0	0	0	0	0	0	0	0	0	0	0	0	0	0	0	0	0	0	0	0	0	0	0	0	0	0	0	0	0.0625	0	0.0375	0	0	0
"Microtus_gregalis"	0	0	0	0	0	0	0	0	0	0	0	0	0	0	0	0	0	0	0	0	0	0	0	0	0	0	0.025	0	0	0	0	0	0	0	0	0	0.025	0	0.025	0.025	0	0	0	0	0	0	0	0	0	0	0	0	0
"Allocricetulus_eversmanni"	0	0	0	0	0	0	0	0	0	0	0	0	0	0	0	0	0	0	0	0	0	0	0.1	0	0	0	0	0	0	0	0	0	0	0	0	0	0	0	0	0	0	0	0	0	0	0	0	0	0	0	0	0	0
"Alticola_argentatus"	0	0	0	0	0	0	0	0	0	0	0	0	0	0	0	0	0	0	0	0	0	0	0	0	0	0	0	0	0	0	0	0	0	0	0	0	0	0	0	0	0	0	0.1	0	0	0	0	0	0	0	0	0	0
"Cricetus_cricetus"	0	0	0	0	0	0	0	0	0	0	0	0	0	0	0	0	0	0	0	0	0	0	0	0	0	0	0	0	0	0	0	0	0.1	0	0	0	0	0	0	0	0	0	0	0	0	0	0	0	0	0	0	0	0
"Sicista_subtilis"	0	0	0	0	0	0	0	0	0	0	0	0	0	0	0	0	0	0	0	0	0	0	0.1	0	0	0	0	0	0	0	0	0	0	0	0	0	0	0	0	0	0	0	0	0	0	0	0	0	0	0	0	0	0
"Ctenophthalmus_dilatatus"	0.1	0	0	0	0	0	0	0	0	0	0	0	0	0	0	0	0	0	0	0	0	0	0	0	0	0	0	0	0	0	0	0	0	0	0	0	0	0	0	0	0	0	0	0	0	0	0	0	0	0	0	0	0
"Citellophilus_ullus"	0	0.0736334405144694	0	0	0.02508038585209	0	0	0	0	0	0	0	0	0	0	0	0	0.000643086816720257	0	0	0.000643086816720257	0	0	0	0	0	0	0	0	0	0	0	0	0	0	0	0	0	0	0	0	0	0	0	0	0	0	0	0	0	0	0	0
"Oropsylla_silantiewi"	0	0	0	0	0	0.1	0	0	0	0	0	0	0	0	0	0	0	0	0	0	0	0	0	0	0	0	0	0	0	0	0	0	0	0	0	0	0	0	0	0	0	0	0	0	0	0	0	0	0	0	0	0	0
"Frontopsylla_elata"	0	0	0.0289855072463768	0.0376811594202899	0.00869565217391304	0	0.0115942028985507	0	0	0	0.00289855072463768	0	0	0.00289855072463768	0.0072463768115942	0	0	0	0	0	0	0	0	0	0	0	0	0	0	0	0	0	0	0	0	0	0	0	0	0	0	0	0	0	0	0	0	0	0	0	0	0	0
"Amphipsylla_schelkovnikovi"	0	0	0.1	0	0	0	0	0	0	0	0	0	0	0	0	0	0	0	0	0	0	0	0	0	0	0	0	0	0	0	0	0	0	0	0	0	0	0	0	0	0	0	0	0	0	0	0	0	0	0	0	0	0
"Ctenophthalmus_assimilis"	0	0	0.0087719298245614	0.0157894736842105	0.012280701754386	0	0	0.00350877192982456	0.00701754385964912	0.0228070175438597	0.0140350877192982	0	0	0.00350877192982456	0.0087719298245614	0	0.00350877192982456	0	0	0	0	0	0	0	0	0	0	0	0	0	0	0	0	0	0	0	0	0	0	0	0	0	0	0	0	0	0	0	0	0	0	0	0
"Pectinoctenus_nemorosa"	0	0	0	0.1	0	0	0	0	0	0	0	0	0	0	0	0	0	0	0	0	0	0	0	0	0	0	0	0	0	0	0	0	0	0	0	0	0	0	0	0	0	0	0	0	0	0	0	0	0	0	0	0	0
"Megabothris_rectangulatus"	0	0	0	0.00357142857142857	0.0178571428571429	0	0.0178571428571429	0	0.00357142857142857	0.0357142857142857	0.0214285714285714	0	0	0	0	0	0	0	0	0	0	0	0	0	0	0	0	0	0	0	0	0	0	0	0	0	0	0	0	0	0	0	0	0	0	0	0	0	0	0	0	0	0
"Amphipsylla_dumalis"	0	0	0	0	0	0	0	0.1	0	0	0	0	0	0	0	0	0	0	0	0	0	0	0	0	0	0	0	0	0	0	0	0	0	0	0	0	0	0	0	0	0	0	0	0	0	0	0	0	0	0	0	0	0
"Amphipsylla_primaris"	0	0	0.0122448979591837	0	0	0	0.0877551020408163	0	0	0	0	0	0	0	0	0	0	0	0	0	0	0	0	0	0	0	0	0	0	0	0	0	0	0	0	0	0	0	0	0	0	0	0	0	0	0	0	0	0	0	0	0	0
"Neopsylla_democratica"	0.00612244897959184	0.0693877551020408	0.0244897959183673	0	0	0	0	0	0	0	0	0	0	0	0	0	0	0	0	0	0	0	0	0	0	0	0	0	0	0	0	0	0	0	0	0	0	0	0	0	0	0	0	0	0	0	0	0	0	0	0	0	0
"Neopsylla_mana"	0.00681818181818182	0	0.0363636363636364	0.0363636363636364	0	0	0.0113636363636364	0	0	0	0.00454545454545455	0	0	0	0	0	0	0	0	0.00454545454545455	0	0	0	0	0	0	0	0	0	0	0	0	0	0	0	0	0	0	0	0	0	0	0	0	0	0	0	0	0	0	0	0	0
"Amphipsylla_anceps"	0	0	0.0878048780487805	0.0121951219512195	0	0	0	0	0	0	0	0	0	0	0	0	0	0	0	0	0	0	0	0	0	0	0	0	0	0	0	0	0	0	0	0	0	0	0	0	0	0	0	0	0	0	0	0	0	0	0	0	0
"Leptopsylla_sicistae"	0	0	0	0.00526315789473684	0	0	0	0	0.0947368421052632	0	0	0	0	0	0	0	0	0	0	0	0	0	0	0	0	0	0	0	0	0	0	0	0	0	0	0	0	0	0	0	0	0	0	0	0	0	0	0	0	0	0	0	0
"Ceratophyllus_sciurorum"	0	0	0	0	0	0	0	0	0	0	0	0.1	0	0	0	0	0	0	0	0	0	0	0	0	0	0	0	0	0	0	0	0	0	0	0	0	0	0	0	0	0	0	0	0	0	0	0	0	0	0	0	0	0
"Ctenophthalmus_arvalis"	0	0.06	0.024	0	0	0	0	0	0	0	0	0	0.008	0	0	0	0.008	0	0	0	0	0	0	0	0	0	0	0	0	0	0	0	0	0	0	0	0	0	0	0	0	0	0	0	0	0	0	0	0	0	0	0	0
"Frontopsylla_ornata"	0	0	0	0.0541666666666667	0	0	0	0	0.0375	0	0	0	0	0.00833333333333333	0	0	0	0	0	0	0	0	0	0	0	0	0	0	0	0	0	0	0	0	0	0	0	0	0	0	0	0	0	0	0	0	0	0	0	0	0	0	0
"Neopsylla_setosa"	0	0.0111111111111111	0	0	0.0666666666666667	0	0	0	0	0	0	0	0.0111111111111111	0	0	0	0.0111111111111111	0	0	0	0	0	0	0	0	0	0	0	0	0	0	0	0	0	0	0	0	0	0	0	0	0	0	0	0	0	0	0	0	0	0	0	0
"Amalaraeus_penicilliger"	0	0	0	0.0125	0	0	0.0125	0	0	0.05	0.0125	0	0	0	0	0	0.0125	0	0	0	0	0	0	0	0	0	0	0	0	0	0	0	0	0	0	0	0	0	0	0	0	0	0	0	0	0	0	0	0	0	0	0	0
"Hystrichopsylla_talpae"	0	0	0.0133333333333333	0	0	0	0	0	0.02	0	0.0133333333333333	0	0	0.0533333333333333	0	0	0	0	0	0	0	0	0	0	0	0	0	0	0	0	0	0	0	0	0	0	0	0	0	0	0	0	0	0	0	0	0	0	0	0	0	0	0
"Mesopsylla_hebes"	0	0	0	0	0	0	0	0	0	0	0	0	0.1	0	0	0	0	0	0	0	0	0	0	0	0	0	0	0	0	0	0	0	0	0	0	0	0	0	0	0	0	0	0	0	0	0	0	0	0	0	0	0	0
"Leptopsylla_nana"	0	0	0.0846153846153846	0	0	0	0	0	0	0	0	0	0	0	0	0	0	0	0.0153846153846154	0	0	0	0	0	0	0	0	0	0	0	0	0	0	0	0	0	0	0	0	0	0	0	0	0	0	0	0	0	0	0	0	0	0
"Rhadinopsylla_ioffi"	0.1	0	0	0	0	0	0	0	0	0	0	0	0	0	0	0	0	0	0	0	0	0	0	0	0	0	0	0	0	0	0	0	0	0	0	0	0	0	0	0	0	0	0	0	0	0	0	0	0	0	0	0	0
"Amphipsylla_rossica"	0	0	0	0.025	0.05	0	0	0	0	0	0	0	0	0.025	0	0	0	0	0	0	0	0	0	0	0	0	0	0	0	0	0	0	0	0	0	0	0	0	0	0	0	0	0	0	0	0	0	0	0	0	0	0	0
"Callopsylla_caspia"	0	0	0	0	0	0	0.1	0	0	0	0	0	0	0	0	0	0	0	0	0	0	0	0	0	0	0	0	0	0	0	0	0	0	0	0	0	0	0	0	0	0	0	0	0	0	0	0	0	0	0	0	0	0
"Frontopsylla_elatoides"	0	0.05	0.05	0	0	0	0	0	0	0	0	0	0	0	0	0	0	0	0	0	0	0	0	0	0	0	0	0	0	0	0	0	0	0	0	0	0	0	0	0	0	0	0	0	0	0	0	0	0	0	0	0	0
"Mesopsylla_lenis"	0	0	0	0	0	0	0	0	0	0	0	0	0	0	0	0.1	0	0	0	0	0	0	0	0	0	0	0	0	0	0	0	0	0	0	0	0	0	0	0	0	0	0	0	0	0	0	0	0	0	0	0	0	0
"Pectinoctenus_lauta"	0	0	0.1	0	0	0	0	0	0	0	0	0	0	0	0	0	0	0	0	0	0	0	0	0	0	0	0	0	0	0	0	0	0	0	0	0	0	0	0	0	0	0	0	0	0	0	0	0	0	0	0	0	0
"Mesopsylla_eucta"	0	0	0	0	0	0	0	0	0	0	0	0	0	0	0	0.1	0	0	0	0	0	0	0	0	0	0	0	0	0	0	0	0	0	0	0	0	0	0	0	0	0	0	0	0	0	0	0	0	0	0	0	0	0
"Nosopsyllus_consimilis"	0	0	0.1	0	0	0	0	0	0	0	0	0	0	0	0	0	0	0	0	0	0	0	0	0	0	0	0	0	0	0	0	0	0	0	0	0	0	0	0	0	0	0	0	0	0	0	0	0	0	0	0	0	0
"Oropsylla_ilovaiskii"	0	0.1	0	0	0	0	0	0	0	0	0	0	0	0	0	0	0	0	0	0	0	0	0	0	0	0	0	0	0	0	0	0	0	0	0	0	0	0	0	0	0	0	0	0	0	0	0	0	0	0	0	0	0
"Paraneopsylla_ioffi"	0	0	0	0.1	0	0	0	0	0	0	0	0	0	0	0	0	0	0	0	0	0	0	0	0	0	0	0	0	0	0	0	0	0	0	0	0	0	0	0	0	0	0	0	0	0	0	0	0	0	0	0	0	0
