"Decagonocarpus_cornutus"	"Retiniphyllum_rhabdocalyx"	"Aechmea_chantiniii"	"Aphelandra_macrostachya"	"Isertia_hypoleuca"	"Monotagma_secundum"	"Payparola_hulkiana"	"Tachia_occidentalis"	"Drymonia_semicordata"	"Satyria_panurensis"	"Billbergia_decora"	"Passiflora_vitifolia"	"Aechmea_contracta"	"Heliconia_sp1_M_PL_071"	"Alloplectus_savanarum"	"Pepinia_sp1_M_PL_071"	"Ischnosiphon_lasiocoleus"	"Palicourea_sp1_M_PL_071"	"Symphonia_globulifera"	"Ryania_pyrifera"	"Markea_coccinea"	"Pslicourea_quadrifolia"	"Psychotria_bahiensis"	"Psychotria_platypoda"	"Tabernamontana_macrocalyx"	"Psychotria_peppigiana"	"Psittacanthus_lasianthus"	"Aechmea_corymbosa"	"Vriesea_chrysostachys"	"Zygia_lathetica"	"Costus_scaber"	"Columnea_ericae"	"Isertia_rosea"	"Amasonia_arborea"	"Bromelia_sp1_M_PL_071"	"Calathea_zingiberea"	"Heliconia_tarumaensis"	"Passiflora_sp1_M_PL_071"	"Aechmea_rubiginosa"	"Ferdinandusa_sprucei"	"Gurania_rufipila"	"Justicia_cuatrecasii"	"Palicourea_subspicata"	"Renealmia_sp1_M_PL_071"	"Phaethornis_bourcieri"	"Chlorostilbon_olivaresi"	"Phaethornis_malaris"	"Thalurania_furcata"	"Phaethornis_ruber"	"Amazilia_versicolor"	"Florisuga_mellivora"	"Topaza_pyra"
"Decagonocarpus_cornutus"	0	0	0	0	0	0	0	0	0	0	0	0	0	0	0	0	0	0	0	0	0	0	0	0	0	0	0	0	0	0	0	0	0	0	0	0	0	0	0	0	0	0	0	0	0	0.1	0	0	0	0	0	0
"Retiniphyllum_rhabdocalyx"	0	0	0	0	0	0	0	0	0	0	0	0	0	0	0	0	0	0	0	0	0	0	0	0	0	0	0	0	0	0	0	0	0	0	0	0	0	0	0	0	0	0	0	0	0.0391891891891892	0.00675675675675676	0	0.0540540540540541	0	0	0	0
"Aechmea_chantiniii"	0	0	0	0	0	0	0	0	0	0	0	0	0	0	0	0	0	0	0	0	0	0	0	0	0	0	0	0	0	0	0	0	0	0	0	0	0	0	0	0	0	0	0	0	0.025	0.0730769230769231	0	0	0.00192307692307692	0	0	0
"Aphelandra_macrostachya"	0	0	0	0	0	0	0	0	0	0	0	0	0	0	0	0	0	0	0	0	0	0	0	0	0	0	0	0	0	0	0	0	0	0	0	0	0	0	0	0	0	0	0	0	0.0576923076923077	0	0.0423076923076923	0	0	0	0	0
"Isertia_hypoleuca"	0	0	0	0	0	0	0	0	0	0	0	0	0	0	0	0	0	0	0	0	0	0	0	0	0	0	0	0	0	0	0	0	0	0	0	0	0	0	0	0	0	0	0	0	0.00961538461538462	0	0.0788461538461538	0.00769230769230769	0	0	0.00192307692307692	0.00192307692307692
"Monotagma_secundum"	0	0	0	0	0	0	0	0	0	0	0	0	0	0	0	0	0	0	0	0	0	0	0	0	0	0	0	0	0	0	0	0	0	0	0	0	0	0	0	0	0	0	0	0	0.0780487804878049	0	0	0.0195121951219512	0.0024390243902439	0	0	0
"Payparola_hulkiana"	0	0	0	0	0	0	0	0	0	0	0	0	0	0	0	0	0	0	0	0	0	0	0	0	0	0	0	0	0	0	0	0	0	0	0	0	0	0	0	0	0	0	0	0	0.0804878048780488	0	0.0024390243902439	0.00975609756097561	0.00731707317073171	0	0	0
"Tachia_occidentalis"	0	0	0	0	0	0	0	0	0	0	0	0	0	0	0	0	0	0	0	0	0	0	0	0	0	0	0	0	0	0	0	0	0	0	0	0	0	0	0	0	0	0	0	0	0.0676470588235294	0	0.0323529411764706	0	0	0	0	0
"Drymonia_semicordata"	0	0	0	0	0	0	0	0	0	0	0	0	0	0	0	0	0	0	0	0	0	0	0	0	0	0	0	0	0	0	0	0	0	0	0	0	0	0	0	0	0	0	0	0	0.096551724137931	0	0.00344827586206897	0	0	0	0	0
"Satyria_panurensis"	0	0	0	0	0	0	0	0	0	0	0	0	0	0	0	0	0	0	0	0	0	0	0	0	0	0	0	0	0	0	0	0	0	0	0	0	0	0	0	0	0	0	0	0	0.0407407407407407	0.0333333333333333	0	0.0259259259259259	0	0	0	0
"Billbergia_decora"	0	0	0	0	0	0	0	0	0	0	0	0	0	0	0	0	0	0	0	0	0	0	0	0	0	0	0	0	0	0	0	0	0	0	0	0	0	0	0	0	0	0	0	0	0.064	0	0.036	0	0	0	0	0
"Passiflora_vitifolia"	0	0	0	0	0	0	0	0	0	0	0	0	0	0	0	0	0	0	0	0	0	0	0	0	0	0	0	0	0	0	0	0	0	0	0	0	0	0	0	0	0	0	0	0	0.036	0	0.064	0	0	0	0	0
"Aechmea_contracta"	0	0	0	0	0	0	0	0	0	0	0	0	0	0	0	0	0	0	0	0	0	0	0	0	0	0	0	0	0	0	0	0	0	0	0	0	0	0	0	0	0	0	0	0	0.0958333333333333	0	0	0	0.00416666666666667	0	0	0
"Heliconia_sp1_M_PL_071"	0	0	0	0	0	0	0	0	0	0	0	0	0	0	0	0	0	0	0	0	0	0	0	0	0	0	0	0	0	0	0	0	0	0	0	0	0	0	0	0	0	0	0	0	0.025	0	0.075	0	0	0	0	0
"Alloplectus_savanarum"	0	0	0	0	0	0	0	0	0	0	0	0	0	0	0	0	0	0	0	0	0	0	0	0	0	0	0	0	0	0	0	0	0	0	0	0	0	0	0	0	0	0	0	0	0.0863636363636364	0	0.0136363636363636	0	0	0	0	0
"Pepinia_sp1_M_PL_071"	0	0	0	0	0	0	0	0	0	0	0	0	0	0	0	0	0	0	0	0	0	0	0	0	0	0	0	0	0	0	0	0	0	0	0	0	0	0	0	0	0	0	0	0	0.04	0	0.06	0	0	0	0	0
"Ischnosiphon_lasiocoleus"	0	0	0	0	0	0	0	0	0	0	0	0	0	0	0	0	0	0	0	0	0	0	0	0	0	0	0	0	0	0	0	0	0	0	0	0	0	0	0	0	0	0	0	0	0.0105263157894737	0	0	0	0.0894736842105263	0	0	0
"Palicourea_sp1_M_PL_071"	0	0	0	0	0	0	0	0	0	0	0	0	0	0	0	0	0	0	0	0	0	0	0	0	0	0	0	0	0	0	0	0	0	0	0	0	0	0	0	0	0	0	0	0	0.1	0	0	0	0	0	0	0
"Symphonia_globulifera"	0	0	0	0	0	0	0	0	0	0	0	0	0	0	0	0	0	0	0	0	0	0	0	0	0	0	0	0	0	0	0	0	0	0	0	0	0	0	0	0	0	0	0	0	0.0294117647058824	0	0	0.0705882352941177	0	0	0	0
"Ryania_pyrifera"	0	0	0	0	0	0	0	0	0	0	0	0	0	0	0	0	0	0	0	0	0	0	0	0	0	0	0	0	0	0	0	0	0	0	0	0	0	0	0	0	0	0	0	0	0.04375	0	0	0.05625	0	0	0	0
"Markea_coccinea"	0	0	0	0	0	0	0	0	0	0	0	0	0	0	0	0	0	0	0	0	0	0	0	0	0	0	0	0	0	0	0	0	0	0	0	0	0	0	0	0	0	0	0	0	0.0866666666666667	0	0	0.0133333333333333	0	0	0	0
"Pslicourea_quadrifolia"	0	0	0	0	0	0	0	0	0	0	0	0	0	0	0	0	0	0	0	0	0	0	0	0	0	0	0	0	0	0	0	0	0	0	0	0	0	0	0	0	0	0	0	0	0.00714285714285714	0	0	0.0857142857142857	0.00714285714285714	0	0	0
"Psychotria_bahiensis"	0	0	0	0	0	0	0	0	0	0	0	0	0	0	0	0	0	0	0	0	0	0	0	0	0	0	0	0	0	0	0	0	0	0	0	0	0	0	0	0	0	0	0	0	0.0642857142857143	0	0	0.0214285714285714	0.0142857142857143	0	0	0
"Psychotria_platypoda"	0	0	0	0	0	0	0	0	0	0	0	0	0	0	0	0	0	0	0	0	0	0	0	0	0	0	0	0	0	0	0	0	0	0	0	0	0	0	0	0	0	0	0	0	0	0	0	0.1	0	0	0	0
"Tabernamontana_macrocalyx"	0	0	0	0	0	0	0	0	0	0	0	0	0	0	0	0	0	0	0	0	0	0	0	0	0	0	0	0	0	0	0	0	0	0	0	0	0	0	0	0	0	0	0	0	0.1	0	0	0	0	0	0	0
"Psychotria_peppigiana"	0	0	0	0	0	0	0	0	0	0	0	0	0	0	0	0	0	0	0	0	0	0	0	0	0	0	0	0	0	0	0	0	0	0	0	0	0	0	0	0	0	0	0	0	0.1	0	0	0	0	0	0	0
"Psittacanthus_lasianthus"	0	0	0	0	0	0	0	0	0	0	0	0	0	0	0	0	0	0	0	0	0	0	0	0	0	0	0	0	0	0	0	0	0	0	0	0	0	0	0	0	0	0	0	0	0.0909090909090909	0.00909090909090909	0	0	0	0	0	0
"Aechmea_corymbosa"	0	0	0	0	0	0	0	0	0	0	0	0	0	0	0	0	0	0	0	0	0	0	0	0	0	0	0	0	0	0	0	0	0	0	0	0	0	0	0	0	0	0	0	0	0.1	0	0	0	0	0	0	0
"Vriesea_chrysostachys"	0	0	0	0	0	0	0	0	0	0	0	0	0	0	0	0	0	0	0	0	0	0	0	0	0	0	0	0	0	0	0	0	0	0	0	0	0	0	0	0	0	0	0	0	0.075	0.025	0	0	0	0	0	0
"Zygia_lathetica"	0	0	0	0	0	0	0	0	0	0	0	0	0	0	0	0	0	0	0	0	0	0	0	0	0	0	0	0	0	0	0	0	0	0	0	0	0	0	0	0	0	0	0	0	0.0375	0	0.025	0.0375	0	0	0	0
"Costus_scaber"	0	0	0	0	0	0	0	0	0	0	0	0	0	0	0	0	0	0	0	0	0	0	0	0	0	0	0	0	0	0	0	0	0	0	0	0	0	0	0	0	0	0	0	0	0.1	0	0	0	0	0	0	0
"Columnea_ericae"	0	0	0	0	0	0	0	0	0	0	0	0	0	0	0	0	0	0	0	0	0	0	0	0	0	0	0	0	0	0	0	0	0	0	0	0	0	0	0	0	0	0	0	0	0.0833333333333333	0	0	0.0166666666666667	0	0	0	0
"Isertia_rosea"	0	0	0	0	0	0	0	0	0	0	0	0	0	0	0	0	0	0	0	0	0	0	0	0	0	0	0	0	0	0	0	0	0	0	0	0	0	0	0	0	0	0	0	0	0	0	0.0666666666666667	0.0333333333333333	0	0	0	0
"Amasonia_arborea"	0	0	0	0	0	0	0	0	0	0	0	0	0	0	0	0	0	0	0	0	0	0	0	0	0	0	0	0	0	0	0	0	0	0	0	0	0	0	0	0	0	0	0	0	0.08	0	0	0	0	0.02	0	0
"Bromelia_sp1_M_PL_071"	0	0	0	0	0	0	0	0	0	0	0	0	0	0	0	0	0	0	0	0	0	0	0	0	0	0	0	0	0	0	0	0	0	0	0	0	0	0	0	0	0	0	0	0	0.06	0	0.04	0	0	0	0	0
"Calathea_zingiberea"	0	0	0	0	0	0	0	0	0	0	0	0	0	0	0	0	0	0	0	0	0	0	0	0	0	0	0	0	0	0	0	0	0	0	0	0	0	0	0	0	0	0	0	0	0.06	0	0	0.04	0	0	0	0
"Heliconia_tarumaensis"	0	0	0	0	0	0	0	0	0	0	0	0	0	0	0	0	0	0	0	0	0	0	0	0	0	0	0	0	0	0	0	0	0	0	0	0	0	0	0	0	0	0	0	0	0.06	0	0.04	0	0	0	0	0
"Passiflora_sp1_M_PL_071"	0	0	0	0	0	0	0	0	0	0	0	0	0	0	0	0	0	0	0	0	0	0	0	0	0	0	0	0	0	0	0	0	0	0	0	0	0	0	0	0	0	0	0	0	0.04	0	0.02	0.04	0	0	0	0
"Aechmea_rubiginosa"	0	0	0	0	0	0	0	0	0	0	0	0	0	0	0	0	0	0	0	0	0	0	0	0	0	0	0	0	0	0	0	0	0	0	0	0	0	0	0	0	0	0	0	0	0.1	0	0	0	0	0	0	0
"Ferdinandusa_sprucei"	0	0	0	0	0	0	0	0	0	0	0	0	0	0	0	0	0	0	0	0	0	0	0	0	0	0	0	0	0	0	0	0	0	0	0	0	0	0	0	0	0	0	0	0	0.0333333333333333	0.0666666666666667	0	0	0	0	0	0
"Gurania_rufipila"	0	0	0	0	0	0	0	0	0	0	0	0	0	0	0	0	0	0	0	0	0	0	0	0	0	0	0	0	0	0	0	0	0	0	0	0	0	0	0	0	0	0	0	0	0.1	0	0	0	0	0	0	0
"Justicia_cuatrecasii"	0	0	0	0	0	0	0	0	0	0	0	0	0	0	0	0	0	0	0	0	0	0	0	0	0	0	0	0	0	0	0	0	0	0	0	0	0	0	0	0	0	0	0	0	0.1	0	0	0	0	0	0	0
"Palicourea_subspicata"	0	0	0	0	0	0	0	0	0	0	0	0	0	0	0	0	0	0	0	0	0	0	0	0	0	0	0	0	0	0	0	0	0	0	0	0	0	0	0	0	0	0	0	0	0.1	0	0	0	0	0	0	0
"Renealmia_sp1_M_PL_071"	0	0	0	0	0	0	0	0	0	0	0	0	0	0	0	0	0	0	0	0	0	0	0	0	0	0	0	0	0	0	0	0	0	0	0	0	0	0	0	0	0	0	0	0	0	0	0	0	0.1	0	0	0
"Phaethornis_bourcieri"	0	0.00669745958429561	0.00300230946882217	0.0069284064665127	0.00115473441108545	0.00739030023094688	0.00762124711316397	0.00531177829099307	0.00646651270207852	0.00254041570438799	0.00369515011547344	0.00207852193995381	0.00531177829099307	0.00138568129330254	0.00438799076212471	0.00184757505773672	0.00046189376443418	0.00392609699769053	0.00115473441108545	0.00161662817551963	0.00300230946882217	0.00023094688221709	0.00207852193995381	0	0.00300230946882217	0.00277136258660508	0.0023094688221709	0.0023094688221709	0.00138568129330254	0.00069284064665127	0.00161662817551963	0.00115473441108545	0	0.00092378752886836	0.00069284064665127	0.00069284064665127	0.00069284064665127	0.00046189376443418	0.00069284064665127	0.00023094688221709	0.00069284064665127	0.00069284064665127	0.00069284064665127	0	0	0	0	0	0	0	0	0
"Chlorostilbon_olivaresi"	0.0641509433962264	0.00314465408805031	0.0238993710691824	0	0	0	0	0	0	0.00566037735849057	0	0	0	0	0	0	0	0	0	0	0	0	0	0	0	0	0.000628930817610063	0	0.00125786163522013	0	0	0	0	0	0	0	0	0	0	0.00125786163522013	0	0	0	0	0	0	0	0	0	0	0	0
"Phaethornis_malaris"	0	0	0	0.0151724137931034	0.0282758620689655	0	0.000689655172413793	0.00758620689655172	0.000689655172413793	0	0.00620689655172414	0.0110344827586207	0	0.0124137931034483	0.00206896551724138	0.00827586206896552	0	0	0	0	0	0	0	0	0	0	0	0	0	0.00137931034482759	0	0	0.00275862068965517	0	0.00137931034482759	0	0.00137931034482759	0.000689655172413793	0	0	0	0	0	0	0	0	0	0	0	0	0	0
"Thalurania_furcata"	0	0.032	0	0	0.0032	0.0064	0.0032	0	0	0.0056	0	0	0	0	0	0	0	0	0.0096	0.0072	0.0016	0.0096	0.0024	0.0112	0	0	0	0	0	0.0024	0	8e-04	0.0016	0	0	0.0016	0	0.0016	0	0	0	0	0	0	0	0	0	0	0	0	0	0
"Phaethornis_ruber"	0	0	0.0037037037037037	0	0	0.0037037037037037	0.0111111111111111	0	0	0	0	0	0.0037037037037037	0	0	0	0.062962962962963	0	0	0	0	0.0037037037037037	0.00740740740740741	0	0	0	0	0	0	0	0	0	0	0	0	0	0	0	0	0	0	0	0	0.0037037037037037	0	0	0	0	0	0	0	0
"Amazilia_versicolor"	0	0	0	0	0	0	0	0	0	0	0	0	0	0	0	0	0	0	0	0	0	0	0	0	0	0	0	0	0	0	0	0	0	0.1	0	0	0	0	0	0	0	0	0	0	0	0	0	0	0	0	0	0
"Florisuga_mellivora"	0	0	0	0	0.1	0	0	0	0	0	0	0	0	0	0	0	0	0	0	0	0	0	0	0	0	0	0	0	0	0	0	0	0	0	0	0	0	0	0	0	0	0	0	0	0	0	0	0	0	0	0	0
"Topaza_pyra"	0	0	0	0	0.1	0	0	0	0	0	0	0	0	0	0	0	0	0	0	0	0	0	0	0	0	0	0	0	0	0	0	0	0	0	0	0	0	0	0	0	0	0	0	0	0	0	0	0	0	0	0	0
