"Sideroxylon_puberulum"	"Ochna_mauritiana"	"Myonima_violacea"	"Stillingia_lineata"	"Faujasiopsis_flexuosa"	"Bertiera_zaluzania"	"Aphloia_theiformis"	"Croton_fothergillifolius"	"Molinaea_alternifolia"	"Psiadia_terebinthina"	"Erythroxylum_macrocarpum"	"Homalanthus_populifolius"	"Psidium_cattleianum"	"Chassalia_coriacea"	"Antirhea_borbonica"	"Cordemoya_integrifolia"	"Olea_lancea"	"Apis_mellifera"	"Chaetocnema_sp1_M_PL_076"	"Dysauxes_florida"	"Technomyrmex_albipes"	"Stomorhina_lunata"	"Lygistorrhina_sp1_M_PL_076"	"Pachycerina_crinicornis"	"Polistes_hebraeus"	"Brachymyrmex_sp1_M_PL_076"	"Musca_domestica"	"Panara_naso"	"Nacoleia_sp1_M_PL_076"	"Ischiodon_aegyptius"	"Stomoxys_calcitrans"	"Fannia_pusio"	"Allograpta_nasuta"	"Chrysomya_megacephala"	"Gelechioidea_sp1_M_PL_076"	"Campopleginae_sp1_M_PL_076"	"Melanostoma_bituberculatum"	"Syritta_nigrofemorata"	"Atherigona_orientalis"	"Calopsilia_florella"	"Cratopus_psittacus"	"Cryptocephalinae_sp1_M_PL_076"	"Dioxyna_sororcula"	"Episyrphus_sp1_M_PL_076"	"Eristalinus_flaveolus"	"Gelechioidea_sp2_M_PL_076"	"Lecithoceridae_sp1_M_PL_076"	"Mauritiborium_undulatus"	"Nyctemera_insulare"	"Ornidia_obesa"	"Sarcophaga_arno"	"Siphona_sp1_M_PL_076"
"Sideroxylon_puberulum"	0	0	0	0	0	0	0	0	0	0	0	0	0	0	0	0	0	0.0627118644067797	0	0.00169491525423729	0	0.00932203389830509	0.00677966101694915	0	0	0.00423728813559322	0.00508474576271186	0	0.000847457627118644	0	0.00593220338983051	0	0	0.00254237288135593	0	0	0	0	0.000847457627118644	0	0	0	0	0	0	0	0	0	0	0	0	0
"Ochna_mauritiana"	0	0	0	0	0	0	0	0	0	0	0	0	0	0	0	0	0	0.0263157894736842	0.0473684210526316	0	0	0.00394736842105263	0	0.00131578947368421	0.00394736842105263	0	0	0.00131578947368421	0	0.00657894736842105	0	0	0.00131578947368421	0	0	0.00263157894736842	0.00263157894736842	0.00131578947368421	0	0	0	0	0	0	0	0	0	0	0	0	0.00131578947368421	0
"Myonima_violacea"	0	0	0	0	0	0	0	0	0	0	0	0	0	0	0	0	0	0.01875	0	0.05	0	0.00833333333333333	0	0.00208333333333333	0.00416666666666667	0.0104166666666667	0	0.00416666666666667	0	0	0	0	0	0	0	0	0	0	0	0	0	0.00208333333333333	0	0	0	0	0	0	0	0	0	0
"Stillingia_lineata"	0	0	0	0	0	0	0	0	0	0	0	0	0	0	0	0	0	0	0.0171428571428571	0	0.02	0.00571428571428571	0.00571428571428571	0.0371428571428571	0	0	0.00285714285714286	0	0	0.00285714285714286	0	0	0	0	0	0	0	0.00285714285714286	0	0	0.00285714285714286	0	0	0	0	0	0	0.00285714285714286	0	0	0	0
"Faujasiopsis_flexuosa"	0	0	0	0	0	0	0	0	0	0	0	0	0	0	0	0	0	0	0.0181818181818182	0.0333333333333333	0	0.00606060606060606	0.0151515151515152	0.00909090909090909	0	0	0	0	0.00303030303030303	0	0	0.0121212121212121	0	0	0	0	0	0	0	0	0	0	0	0	0	0	0	0	0	0.00303030303030303	0	0
"Bertiera_zaluzania"	0	0	0	0	0	0	0	0	0	0	0	0	0	0	0	0	0	0.0851851851851852	0	0.0037037037037037	0	0	0	0	0.0037037037037037	0	0	0	0	0	0	0	0	0	0	0	0	0	0	0	0	0	0	0	0	0	0	0	0.0037037037037037	0	0	0.0037037037037037
"Aphloia_theiformis"	0	0	0	0	0	0	0	0	0	0	0	0	0	0	0	0	0	0.00869565217391304	0	0.00434782608695652	0.0521739130434783	0.0173913043478261	0	0.00434782608695652	0	0	0	0.00434782608695652	0	0	0	0.00434782608695652	0	0	0	0	0	0	0	0	0	0	0	0	0	0.00434782608695652	0	0	0	0	0	0
"Croton_fothergillifolius"	0	0	0	0	0	0	0	0	0	0	0	0	0	0	0	0	0	0	0.00909090909090909	0.00454545454545455	0.0590909090909091	0	0	0	0	0	0	0	0.00454545454545455	0	0	0.00454545454545455	0	0	0.0181818181818182	0	0	0	0	0	0	0	0	0	0	0	0	0	0	0	0	0
"Molinaea_alternifolia"	0	0	0	0	0	0	0	0	0	0	0	0	0	0	0	0	0	0.02	0.00666666666666667	0	0	0.00666666666666667	0.0133333333333333	0	0.0266666666666667	0	0	0	0	0	0	0	0	0.0133333333333333	0	0	0	0	0	0	0	0	0	0.00666666666666667	0.00666666666666667	0	0	0	0	0	0	0
"Psiadia_terebinthina"	0	0	0	0	0	0	0	0	0	0	0	0	0	0	0	0	0	0	0.01	0	0	0	0.02	0.01	0	0	0	0	0.03	0	0	0	0.01	0	0	0	0	0	0	0	0	0	0.01	0	0	0	0.01	0	0	0	0	0
"Erythroxylum_macrocarpum"	0	0	0	0	0	0	0	0	0	0	0	0	0	0	0	0	0	0	0.0111111111111111	0	0	0	0.0666666666666667	0	0	0	0.0111111111111111	0	0	0	0	0	0	0	0	0	0	0	0	0.0111111111111111	0	0	0	0	0	0	0	0	0	0	0	0
"Homalanthus_populifolius"	0	0	0	0	0	0	0	0	0	0	0	0	0	0	0	0	0	0	0.0111111111111111	0	0.0444444444444444	0	0	0.0222222222222222	0	0	0.0111111111111111	0	0	0	0	0	0.0111111111111111	0	0	0	0	0	0	0	0	0	0	0	0	0	0	0	0	0	0	0
"Psidium_cattleianum"	0	0	0	0	0	0	0	0	0	0	0	0	0	0	0	0	0	0	0.0555555555555556	0	0	0	0	0.0111111111111111	0	0	0	0	0	0.0111111111111111	0	0	0.0222222222222222	0	0	0	0	0	0	0	0	0	0	0	0	0	0	0	0	0	0	0
"Chassalia_coriacea"	0	0	0	0	0	0	0	0	0	0	0	0	0	0	0	0	0	0	0	0	0	0	0	0	0.0166666666666667	0	0	0.0833333333333333	0	0	0	0	0	0	0	0	0	0	0	0	0	0	0	0	0	0	0	0	0	0	0	0
"Antirhea_borbonica"	0	0	0	0	0	0	0	0	0	0	0	0	0	0	0	0	0	0	0	0	0	0	0	0	0	0	0	0	0.1	0	0	0	0	0	0	0	0	0	0	0	0	0	0	0	0	0	0	0	0	0	0	0
"Cordemoya_integrifolia"	0	0	0	0	0	0	0	0	0	0	0	0	0	0	0	0	0	0	0	0	0	0	0.1	0	0	0	0	0	0	0	0	0	0	0	0	0	0	0	0	0	0	0	0	0	0	0	0	0	0	0	0	0
"Olea_lancea"	0	0	0	0	0	0	0	0	0	0	0	0	0	0	0	0	0	0	0.1	0	0	0	0	0	0	0	0	0	0	0	0	0	0	0	0	0	0	0	0	0	0	0	0	0	0	0	0	0	0	0	0	0
"Apis_mellifera"	0.0564885496183206	0.0152671755725191	0.00687022900763359	0	0	0.0175572519083969	0.00152671755725191	0	0.00229007633587786	0	0	0	0	0	0	0	0	0	0	0	0	0	0	0	0	0	0	0	0	0	0	0	0	0	0	0	0	0	0	0	0	0	0	0	0	0	0	0	0	0	0	0
"Chaetocnema_sp1_M_PL_076"	0	0.06	0	0.01	0.01	0	0	0.00333333333333333	0.00166666666666667	0.00166666666666667	0.00166666666666667	0.00166666666666667	0.00833333333333333	0	0	0	0.00166666666666667	0	0	0	0	0	0	0	0	0	0	0	0	0	0	0	0	0	0	0	0	0	0	0	0	0	0	0	0	0	0	0	0	0	0	0
"Dysauxes_florida"	0.005	0	0.06	0	0.0275	0.0025	0.0025	0.0025	0	0	0	0	0	0	0	0	0	0	0	0	0	0	0	0	0	0	0	0	0	0	0	0	0	0	0	0	0	0	0	0	0	0	0	0	0	0	0	0	0	0	0	0
"Technomyrmex_albipes"	0	0	0	0.0194444444444444	0	0	0.0333333333333333	0.0361111111111111	0	0	0	0.0111111111111111	0	0	0	0	0	0	0	0	0	0	0	0	0	0	0	0	0	0	0	0	0	0	0	0	0	0	0	0	0	0	0	0	0	0	0	0	0	0	0	0
"Stomorhina_lunata"	0.0407407407407407	0.0111111111111111	0.0148148148148148	0.00740740740740741	0.00740740740740741	0	0.0148148148148148	0	0.0037037037037037	0	0	0	0	0	0	0	0	0	0	0	0	0	0	0	0	0	0	0	0	0	0	0	0	0	0	0	0	0	0	0	0	0	0	0	0	0	0	0	0	0	0	0
"Lygistorrhina_sp1_M_PL_076"	0.0307692307692308	0	0	0.00769230769230769	0.0192307692307692	0	0	0	0.00769230769230769	0.00769230769230769	0.0230769230769231	0	0	0	0	0.00384615384615385	0	0	0	0	0	0	0	0	0	0	0	0	0	0	0	0	0	0	0	0	0	0	0	0	0	0	0	0	0	0	0	0	0	0	0	0
"Pachycerina_crinicornis"	0	0.00434782608695652	0.00434782608695652	0.0565217391304348	0.0130434782608696	0	0.00434782608695652	0	0	0.00434782608695652	0	0.00869565217391304	0.00434782608695652	0	0	0	0	0	0	0	0	0	0	0	0	0	0	0	0	0	0	0	0	0	0	0	0	0	0	0	0	0	0	0	0	0	0	0	0	0	0	0
"Polistes_hebraeus"	0	0.0272727272727273	0.0181818181818182	0	0	0.00909090909090909	0	0	0.0363636363636364	0	0	0	0	0.00909090909090909	0	0	0	0	0	0	0	0	0	0	0	0	0	0	0	0	0	0	0	0	0	0	0	0	0	0	0	0	0	0	0	0	0	0	0	0	0	0
"Brachymyrmex_sp1_M_PL_076"	0.05	0	0.05	0	0	0	0	0	0	0	0	0	0	0	0	0	0	0	0	0	0	0	0	0	0	0	0	0	0	0	0	0	0	0	0	0	0	0	0	0	0	0	0	0	0	0	0	0	0	0	0	0
"Musca_domestica"	0.0666666666666667	0	0	0.0111111111111111	0	0	0	0	0	0	0.0111111111111111	0.0111111111111111	0	0	0	0	0	0	0	0	0	0	0	0	0	0	0	0	0	0	0	0	0	0	0	0	0	0	0	0	0	0	0	0	0	0	0	0	0	0	0	0
"Panara_naso"	0	0.0111111111111111	0.0222222222222222	0	0	0	0.0111111111111111	0	0	0	0	0	0	0.0555555555555556	0	0	0	0	0	0	0	0	0	0	0	0	0	0	0	0	0	0	0	0	0	0	0	0	0	0	0	0	0	0	0	0	0	0	0	0	0	0
"Nacoleia_sp1_M_PL_076"	0.0125	0	0	0	0.0125	0	0	0.0125	0	0.0375	0	0	0	0	0.025	0	0	0	0	0	0	0	0	0	0	0	0	0	0	0	0	0	0	0	0	0	0	0	0	0	0	0	0	0	0	0	0	0	0	0	0	0
"Ischiodon_aegyptius"	0	0.0714285714285714	0	0.0142857142857143	0	0	0	0	0	0	0	0	0.0142857142857143	0	0	0	0	0	0	0	0	0	0	0	0	0	0	0	0	0	0	0	0	0	0	0	0	0	0	0	0	0	0	0	0	0	0	0	0	0	0	0
"Stomoxys_calcitrans"	0.1	0	0	0	0	0	0	0	0	0	0	0	0	0	0	0	0	0	0	0	0	0	0	0	0	0	0	0	0	0	0	0	0	0	0	0	0	0	0	0	0	0	0	0	0	0	0	0	0	0	0	0
"Fannia_pusio"	0	0	0	0	0.0666666666666667	0	0.0166666666666667	0.0166666666666667	0	0	0	0	0	0	0	0	0	0	0	0	0	0	0	0	0	0	0	0	0	0	0	0	0	0	0	0	0	0	0	0	0	0	0	0	0	0	0	0	0	0	0	0
"Allograpta_nasuta"	0	0.02	0	0	0	0	0	0	0	0.02	0	0.02	0.04	0	0	0	0	0	0	0	0	0	0	0	0	0	0	0	0	0	0	0	0	0	0	0	0	0	0	0	0	0	0	0	0	0	0	0	0	0	0	0
"Chrysomya_megacephala"	0.06	0	0	0	0	0	0	0	0.04	0	0	0	0	0	0	0	0	0	0	0	0	0	0	0	0	0	0	0	0	0	0	0	0	0	0	0	0	0	0	0	0	0	0	0	0	0	0	0	0	0	0	0
"Gelechioidea_sp1_M_PL_076"	0	0	0	0	0	0	0	0.1	0	0	0	0	0	0	0	0	0	0	0	0	0	0	0	0	0	0	0	0	0	0	0	0	0	0	0	0	0	0	0	0	0	0	0	0	0	0	0	0	0	0	0	0
"Campopleginae_sp1_M_PL_076"	0	0.1	0	0	0	0	0	0	0	0	0	0	0	0	0	0	0	0	0	0	0	0	0	0	0	0	0	0	0	0	0	0	0	0	0	0	0	0	0	0	0	0	0	0	0	0	0	0	0	0	0	0
"Melanostoma_bituberculatum"	0	0.1	0	0	0	0	0	0	0	0	0	0	0	0	0	0	0	0	0	0	0	0	0	0	0	0	0	0	0	0	0	0	0	0	0	0	0	0	0	0	0	0	0	0	0	0	0	0	0	0	0	0
"Syritta_nigrofemorata"	0	0.05	0	0.05	0	0	0	0	0	0	0	0	0	0	0	0	0	0	0	0	0	0	0	0	0	0	0	0	0	0	0	0	0	0	0	0	0	0	0	0	0	0	0	0	0	0	0	0	0	0	0	0
"Atherigona_orientalis"	0.1	0	0	0	0	0	0	0	0	0	0	0	0	0	0	0	0	0	0	0	0	0	0	0	0	0	0	0	0	0	0	0	0	0	0	0	0	0	0	0	0	0	0	0	0	0	0	0	0	0	0	0
"Calopsilia_florella"	0	0	0	0	0	0	0	0	0	0	0.1	0	0	0	0	0	0	0	0	0	0	0	0	0	0	0	0	0	0	0	0	0	0	0	0	0	0	0	0	0	0	0	0	0	0	0	0	0	0	0	0	0
"Cratopus_psittacus"	0	0	0	0.1	0	0	0	0	0	0	0	0	0	0	0	0	0	0	0	0	0	0	0	0	0	0	0	0	0	0	0	0	0	0	0	0	0	0	0	0	0	0	0	0	0	0	0	0	0	0	0	0
"Cryptocephalinae_sp1_M_PL_076"	0	0	0.1	0	0	0	0	0	0	0	0	0	0	0	0	0	0	0	0	0	0	0	0	0	0	0	0	0	0	0	0	0	0	0	0	0	0	0	0	0	0	0	0	0	0	0	0	0	0	0	0	0
"Dioxyna_sororcula"	0	0	0	0	0	0	0	0	0	0.1	0	0	0	0	0	0	0	0	0	0	0	0	0	0	0	0	0	0	0	0	0	0	0	0	0	0	0	0	0	0	0	0	0	0	0	0	0	0	0	0	0	0
"Episyrphus_sp1_M_PL_076"	0	0	0	0	0	0	0	0	0.1	0	0	0	0	0	0	0	0	0	0	0	0	0	0	0	0	0	0	0	0	0	0	0	0	0	0	0	0	0	0	0	0	0	0	0	0	0	0	0	0	0	0	0
"Eristalinus_flaveolus"	0	0	0	0	0	0	0	0	0.1	0	0	0	0	0	0	0	0	0	0	0	0	0	0	0	0	0	0	0	0	0	0	0	0	0	0	0	0	0	0	0	0	0	0	0	0	0	0	0	0	0	0	0
"Gelechioidea_sp2_M_PL_076"	0	0	0	0	0	0	0.1	0	0	0	0	0	0	0	0	0	0	0	0	0	0	0	0	0	0	0	0	0	0	0	0	0	0	0	0	0	0	0	0	0	0	0	0	0	0	0	0	0	0	0	0	0
"Lecithoceridae_sp1_M_PL_076"	0	0	0	0	0	0	0	0	0	0.1	0	0	0	0	0	0	0	0	0	0	0	0	0	0	0	0	0	0	0	0	0	0	0	0	0	0	0	0	0	0	0	0	0	0	0	0	0	0	0	0	0	0
"Mauritiborium_undulatus"	0	0	0	0.1	0	0	0	0	0	0	0	0	0	0	0	0	0	0	0	0	0	0	0	0	0	0	0	0	0	0	0	0	0	0	0	0	0	0	0	0	0	0	0	0	0	0	0	0	0	0	0	0
"Nyctemera_insulare"	0	0	0	0	0	0.1	0	0	0	0	0	0	0	0	0	0	0	0	0	0	0	0	0	0	0	0	0	0	0	0	0	0	0	0	0	0	0	0	0	0	0	0	0	0	0	0	0	0	0	0	0	0
"Ornidia_obesa"	0	0	0	0	0.1	0	0	0	0	0	0	0	0	0	0	0	0	0	0	0	0	0	0	0	0	0	0	0	0	0	0	0	0	0	0	0	0	0	0	0	0	0	0	0	0	0	0	0	0	0	0	0
"Sarcophaga_arno"	0	0.1	0	0	0	0	0	0	0	0	0	0	0	0	0	0	0	0	0	0	0	0	0	0	0	0	0	0	0	0	0	0	0	0	0	0	0	0	0	0	0	0	0	0	0	0	0	0	0	0	0	0
"Siphona_sp1_M_PL_076"	0	0	0	0	0	0.1	0	0	0	0	0	0	0	0	0	0	0	0	0	0	0	0	0	0	0	0	0	0	0	0	0	0	0	0	0	0	0	0	0	0	0	0	0	0	0	0	0	0	0	0	0	0
