"Nephrosperma_vanhoutteanum"	"Canthium_bibracteatum"	"Deckenia_nobilis"	"Paragenipa_wrightii"	"Phoenicophorium_borsigianum"	"Medusagyne_oppositifolia"	"Psychotria_pervillei"	"Alstonia_macrophylla"	"Syzygium_wrightii"	"Apis_mellifera"	"Lasioglossum_mahense"	"Hemipyrellia_germana"	"Megachile_seychellensis"	"Ornidia_obesa"	"Neophyllomyza_approximatonervis"	"Phelsuma_sp1_M_PL_090"	"Melanostoma_annulipes"	"Polistes_olivaceus"	"Ceratina_tabescens"	"Rhiparida_seychellensis"	"Unidentified_sp2_M_PL_090"	"Euodynerus_cylindricus"	"Nectarinia_dussumieri"	"Unidentified_sp5_M_PL_090"	"Rhynchium_brunneum"	"Unidentified_sp1_M_PL_090"	"Eagris_sabadius"	"Pachycerina_seychellensis"	"Scaptodrosophila_sp1_M_PL_090"	"Tricimba_seychellensis"	"Unidentified_sp3_M_PL_090"	"Unidentified_sp4_M_PL_090"
"Nephrosperma_vanhoutteanum"	0	0	0	0	0	0	0	0	0	0.0346153846153846	0.0294871794871795	0.00512820512820513	0.00384615384615385	0.00256410256410256	0	0.00128205128205128	0.00512820512820513	0.00128205128205128	0.00512820512820513	0.00512820512820513	0.00384615384615385	0	0	0	0	0.00128205128205128	0	0	0	0.00128205128205128	0	0
"Canthium_bibracteatum"	0	0	0	0	0	0	0	0	0	0.0647058823529412	0.00588235294117647	0.00441176470588235	0.0161764705882353	0	0.00441176470588235	0	0	0.00147058823529412	0	0	0	0	0	0.00147058823529412	0	0	0	0	0.00147058823529412	0	0	0
"Deckenia_nobilis"	0	0	0	0	0	0	0	0	0	0.05	0.0166666666666667	0.0166666666666667	0	0.00925925925925926	0	0.00555555555555556	0.00185185185185185	0	0	0	0	0	0	0	0	0	0	0	0	0	0	0
"Paragenipa_wrightii"	0	0	0	0	0	0	0	0	0	0.0555555555555556	0.0296296296296296	0	0.00185185185185185	0	0.0037037037037037	0.00185185185185185	0	0.00185185185185185	0	0	0	0	0	0	0	0.00185185185185185	0	0.00185185185185185	0	0	0	0.00185185185185185
"Phoenicophorium_borsigianum"	0	0	0	0	0	0	0	0	0	0.0423076923076923	0.0288461538461538	0.00384615384615385	0.00192307692307692	0.00961538461538462	0.00769230769230769	0.00384615384615385	0	0.00192307692307692	0	0	0	0	0	0	0	0	0	0	0	0	0	0
"Medusagyne_oppositifolia"	0	0	0	0	0	0	0	0	0	0.0833333333333333	0.00333333333333333	0	0	0.00666666666666667	0	0	0	0	0	0	0.00333333333333333	0	0	0	0	0	0	0	0	0	0.00333333333333333	0
"Psychotria_pervillei"	0	0	0	0	0	0	0	0	0	0.0789473684210526	0.0157894736842105	0	0.00526315789473684	0	0	0	0	0	0	0	0	0	0	0	0	0	0	0	0	0	0	0
"Alstonia_macrophylla"	0	0	0	0	0	0	0	0	0	0.0133333333333333	0	0	0	0.00666666666666667	0.0133333333333333	0	0.00666666666666667	0.00666666666666667	0	0	0	0.02	0	0.0133333333333333	0.0133333333333333	0	0.00666666666666667	0	0	0	0	0
"Syzygium_wrightii"	0	0	0	0	0	0	0	0	0	0	0	0	0	0	0	0	0	0	0	0	0	0	0.1	0	0	0	0	0	0	0	0	0
"Apis_mellifera"	0.0140625	0.0229166666666667	0.0140625	0.015625	0.0114583333333333	0.0130208333333333	0.0078125	0.00104166666666667	0	0	0	0	0	0	0	0	0	0	0	0	0	0	0	0	0	0	0	0	0	0	0	0
"Lasioglossum_mahense"	0.0323943661971831	0.00563380281690141	0.0126760563380282	0.0225352112676056	0.0211267605633803	0.00140845070422535	0.00422535211267606	0	0	0	0	0	0	0	0	0	0	0	0	0	0	0	0	0	0	0	0	0	0	0	0	0
"Hemipyrellia_germana"	0.0222222222222222	0.0166666666666667	0.05	0	0.0111111111111111	0	0	0	0	0	0	0	0	0	0	0	0	0	0	0	0	0	0	0	0	0	0	0	0	0	0	0
"Megachile_seychellensis"	0.0176470588235294	0.0647058823529412	0	0.00588235294117647	0.00588235294117647	0	0.00588235294117647	0	0	0	0	0	0	0	0	0	0	0	0	0	0	0	0	0	0	0	0	0	0	0	0	0
"Ornidia_obesa"	0.0133333333333333	0	0.0333333333333333	0	0.0333333333333333	0.0133333333333333	0	0.00666666666666667	0	0	0	0	0	0	0	0	0	0	0	0	0	0	0	0	0	0	0	0	0	0	0	0
"Neophyllomyza_approximatonervis"	0	0.0272727272727273	0	0.0181818181818182	0.0363636363636364	0	0	0.0181818181818182	0	0	0	0	0	0	0	0	0	0	0	0	0	0	0	0	0	0	0	0	0	0	0	0
"Phelsuma_sp1_M_PL_090"	0.0142857142857143	0	0.0428571428571429	0.0142857142857143	0.0285714285714286	0	0	0	0	0	0	0	0	0	0	0	0	0	0	0	0	0	0	0	0	0	0	0	0	0	0	0
"Melanostoma_annulipes"	0.0666666666666667	0	0.0166666666666667	0	0	0	0	0.0166666666666667	0	0	0	0	0	0	0	0	0	0	0	0	0	0	0	0	0	0	0	0	0	0	0	0
"Polistes_olivaceus"	0.02	0.02	0	0.02	0.02	0	0	0.02	0	0	0	0	0	0	0	0	0	0	0	0	0	0	0	0	0	0	0	0	0	0	0	0
"Ceratina_tabescens"	0.1	0	0	0	0	0	0	0	0	0	0	0	0	0	0	0	0	0	0	0	0	0	0	0	0	0	0	0	0	0	0	0
"Rhiparida_seychellensis"	0.1	0	0	0	0	0	0	0	0	0	0	0	0	0	0	0	0	0	0	0	0	0	0	0	0	0	0	0	0	0	0	0
"Unidentified_sp2_M_PL_090"	0.075	0	0	0	0	0.025	0	0	0	0	0	0	0	0	0	0	0	0	0	0	0	0	0	0	0	0	0	0	0	0	0	0
"Euodynerus_cylindricus"	0	0	0	0	0	0	0	0.1	0	0	0	0	0	0	0	0	0	0	0	0	0	0	0	0	0	0	0	0	0	0	0	0
"Nectarinia_dussumieri"	0	0	0	0	0	0	0	0	0.1	0	0	0	0	0	0	0	0	0	0	0	0	0	0	0	0	0	0	0	0	0	0	0
"Unidentified_sp5_M_PL_090"	0	0.0333333333333333	0	0	0	0	0	0.0666666666666667	0	0	0	0	0	0	0	0	0	0	0	0	0	0	0	0	0	0	0	0	0	0	0	0
"Rhynchium_brunneum"	0	0	0	0	0	0	0	0.1	0	0	0	0	0	0	0	0	0	0	0	0	0	0	0	0	0	0	0	0	0	0	0	0
"Unidentified_sp1_M_PL_090"	0.05	0	0	0.05	0	0	0	0	0	0	0	0	0	0	0	0	0	0	0	0	0	0	0	0	0	0	0	0	0	0	0	0
"Eagris_sabadius"	0	0	0	0	0	0	0	0.1	0	0	0	0	0	0	0	0	0	0	0	0	0	0	0	0	0	0	0	0	0	0	0	0
"Pachycerina_seychellensis"	0	0	0	0.1	0	0	0	0	0	0	0	0	0	0	0	0	0	0	0	0	0	0	0	0	0	0	0	0	0	0	0	0
"Scaptodrosophila_sp1_M_PL_090"	0	0.1	0	0	0	0	0	0	0	0	0	0	0	0	0	0	0	0	0	0	0	0	0	0	0	0	0	0	0	0	0	0
"Tricimba_seychellensis"	0.1	0	0	0	0	0	0	0	0	0	0	0	0	0	0	0	0	0	0	0	0	0	0	0	0	0	0	0	0	0	0	0
"Unidentified_sp3_M_PL_090"	0	0	0	0	0	0.1	0	0	0	0	0	0	0	0	0	0	0	0	0	0	0	0	0	0	0	0	0	0	0	0	0	0
"Unidentified_sp4_M_PL_090"	0	0	0	0.1	0	0	0	0	0	0	0	0	0	0	0	0	0	0	0	0	0	0	0	0	0	0	0	0	0	0	0	0
