"Abutilon_bedfordianum"	"Aechmea_nudicaulis"	"Aechmea_vanhoutteana"	"Billbergia_distachya"	"Billbergia_vitata"	"Bomarea_edulis"	"Fuchsia_regia"	"Hippeastrum_aulicum"	"Justicia_sebastianopolitanae"	"Manettia_mirtis"	"Mendoncia_sp1_M_PL_066"	"Nematanthus_crassifolius"	"Nematanthus_fornix"	"Nematanthus_lanceolatus"	"Nidularium_itatiaiae"	"Odontonema_barlerioides"	"Pitcaimia_flammea"	"Psittacanthus_flavo_viridis"	"Pyrostegia_venusta"	"Quesnelia_augusto-coburgii"	"Salvia_sellowiana"	"Sinningia_cooperi"	"Sinningia_gigantifolia"	"Siphocampylus_longepedunculatus"	"Staurogyne_itatiaiae"	"Tillandsia_gardneri"	"Velloziela_dracocephaloides"	"Vriesea_carinata"	"Vriesea_longicaulis"	"Vriesea_sp1_M_PL_066"	"Stromanthe_thalia"	"Phaethornis_eurynome"	"Thalurania_glaucopis"	"Phaethornis_squalidus"	"Clytolaema_rubricauda"	"Leucochloris_albicollis"
"Abutilon_bedfordianum"	0	0	0	0	0	0	0	0	0	0	0	0	0	0	0	0	0	0	0	0	0	0	0	0	0	0	0	0	0	0	0	0.0083	0.0792	0	0.0125	0
"Aechmea_nudicaulis"	0	0	0	0	0	0	0	0	0	0	0	0	0	0	0	0	0	0	0	0	0	0	0	0	0	0	0	0	0	0	0	0.0184	0.0631	0.0053	0.0132	0
"Aechmea_vanhoutteana"	0	0	0	0	0	0	0	0	0	0	0	0	0	0	0	0	0	0	0	0	0	0	0	0	0	0	0	0	0	0	0	0.0226	0.0689	0.0067	0.0018	0
"Billbergia_distachya"	0	0	0	0	0	0	0	0	0	0	0	0	0	0	0	0	0	0	0	0	0	0	0	0	0	0	0	0	0	0	0	0.0611	0.0111	0.0278	0	0
"Billbergia_vitata"	0	0	0	0	0	0	0	0	0	0	0	0	0	0	0	0	0	0	0	0	0	0	0	0	0	0	0	0	0	0	0	0.0654	0	0.0038	0.0308	0
"Bomarea_edulis"	0	0	0	0	0	0	0	0	0	0	0	0	0	0	0	0	0	0	0	0	0	0	0	0	0	0	0	0	0	0	0	0.036	0.012	0.052	0	0
"Fuchsia_regia"	0	0	0	0	0	0	0	0	0	0	0	0	0	0	0	0	0	0	0	0	0	0	0	0	0	0	0	0	0	0	0	0.02	0.02	0.06	0	0
"Hippeastrum_aulicum"	0	0	0	0	0	0	0	0	0	0	0	0	0	0	0	0	0	0	0	0	0	0	0	0	0	0	0	0	0	0	0	0.05	0.029	0.021	0	0
"Justicia_sebastianopolitanae"	0	0	0	0	0	0	0	0	0	0	0	0	0	0	0	0	0	0	0	0	0	0	0	0	0	0	0	0	0	0	0	0.1	0	0	0	0
"Manettia_mirtis"	0	0	0	0	0	0	0	0	0	0	0	0	0	0	0	0	0	0	0	0	0	0	0	0	0	0	0	0	0	0	0	0.0148	0.0148	0.0704	0	0
"Mendoncia_sp1_M_PL_066"	0	0	0	0	0	0	0	0	0	0	0	0	0	0	0	0	0	0	0	0	0	0	0	0	0	0	0	0	0	0	0	0.0097	0.0488	0	0	0.0415
"Nematanthus_crassifolius"	0	0	0	0	0	0	0	0	0	0	0	0	0	0	0	0	0	0	0	0	0	0	0	0	0	0	0	0	0	0	0	0.1	0	0	0	0
"Nematanthus_fornix"	0	0	0	0	0	0	0	0	0	0	0	0	0	0	0	0	0	0	0	0	0	0	0	0	0	0	0	0	0	0	0	0.025	0.0687	0.0063	0	0
"Nematanthus_lanceolatus"	0	0	0	0	0	0	0	0	0	0	0	0	0	0	0	0	0	0	0	0	0	0	0	0	0	0	0	0	0	0	0	0.0316	0	0.0684	0	0
"Nidularium_itatiaiae"	0	0	0	0	0	0	0	0	0	0	0	0	0	0	0	0	0	0	0	0	0	0	0	0	0	0	0	0	0	0	0	0.1	0	0	0	0
"Odontonema_barlerioides"	0	0	0	0	0	0	0	0	0	0	0	0	0	0	0	0	0	0	0	0	0	0	0	0	0	0	0	0	0	0	0	0.03	0	0.07	0	0
"Pitcaimia_flammea"	0	0	0	0	0	0	0	0	0	0	0	0	0	0	0	0	0	0	0	0	0	0	0	0	0	0	0	0	0	0	0	0.065	0.03	0.005	0	0
"Psittacanthus_flavo_viridis"	0	0	0	0	0	0	0	0	0	0	0	0	0	0	0	0	0	0	0	0	0	0	0	0	0	0	0	0	0	0	0	0	0.0667	0	0.0333	0
"Pyrostegia_venusta"	0	0	0	0	0	0	0	0	0	0	0	0	0	0	0	0	0	0	0	0	0	0	0	0	0	0	0	0	0	0	0	0.0615	0.0077	0.0231	0	0.0077
"Quesnelia_augusto-coburgii"	0	0	0	0	0	0	0	0	0	0	0	0	0	0	0	0	0	0	0	0	0	0	0	0	0	0	0	0	0	0	0	0.1	0	0	0	0
"Salvia_sellowiana"	0	0	0	0	0	0	0	0	0	0	0	0	0	0	0	0	0	0	0	0	0	0	0	0	0	0	0	0	0	0	0	0.0882	0	0.0118	0	0
"Sinningia_cooperi"	0	0	0	0	0	0	0	0	0	0	0	0	0	0	0	0	0	0	0	0	0	0	0	0	0	0	0	0	0	0	0	0.0636	0.0227	0.0137	0	0
"Sinningia_gigantifolia"	0	0	0	0	0	0	0	0	0	0	0	0	0	0	0	0	0	0	0	0	0	0	0	0	0	0	0	0	0	0	0	0.0714	0	0.0286	0	0
"Siphocampylus_longepedunculatus"	0	0	0	0	0	0	0	0	0	0	0	0	0	0	0	0	0	0	0	0	0	0	0	0	0	0	0	0	0	0	0	0.1	0	0	0	0
"Staurogyne_itatiaiae"	0	0	0	0	0	0	0	0	0	0	0	0	0	0	0	0	0	0	0	0	0	0	0	0	0	0	0	0	0	0	0	0.0286	0	0.0714	0	0
"Tillandsia_gardneri"	0	0	0	0	0	0	0	0	0	0	0	0	0	0	0	0	0	0	0	0	0	0	0	0	0	0	0	0	0	0	0	0	0.05	0.05	0	0
"Velloziela_dracocephaloides"	0	0	0	0	0	0	0	0	0	0	0	0	0	0	0	0	0	0	0	0	0	0	0	0	0	0	0	0	0	0	0	0.1	0	0	0	0
"Vriesea_carinata"	0	0	0	0	0	0	0	0	0	0	0	0	0	0	0	0	0	0	0	0	0	0	0	0	0	0	0	0	0	0	0	0.09	0.01	0	0	0
"Vriesea_longicaulis"	0	0	0	0	0	0	0	0	0	0	0	0	0	0	0	0	0	0	0	0	0	0	0	0	0	0	0	0	0	0	0	0.05	0.05	0	0	0
"Vriesea_sp1_M_PL_066"	0	0	0	0	0	0	0	0	0	0	0	0	0	0	0	0	0	0	0	0	0	0	0	0	0	0	0	0	0	0	0	0	0	0	0.1	0
"Stromanthe_thalia"	0	0	0	0	0	0	0	0	0	0	0	0	0	0	0	0	0	0	0	0	0	0	0	0	0	0	0	0	0	0	0	0.0334	0	0.0333	0.0333	0
"Phaethornis_eurynome"	0.000537355949760456	0.00119124692477017	0.0014631619836851	0.00395571669040528	0.00423410591738962	0.00233070050498511	0.00129483361388062	0.00323708403470154	0.00647416806940308	0.000958176874271656	0.000627994302732099	0.00647416806940308	0.00161854201735077	0.00204583710993137	0.00647416806940308	0.00194225042082092	0.004208209245112	0	0.0039816133626829	0.00647416806940308	0.00571021623721352	0.00411757089214036	0.0046225560015538	0.00647416806940308	0.00185161206784928	0	0.00647416806940308	0.00582675126246277	0.00323708403470154	0	0.00216237213518063	0	0	0	0	0
"Thalurania_glaucopis"	0.0121342117358664	0.00966753485521679	0.0105561513712272	0.00170062815995097	0	0.00183851692967673	0.00306419488279455	0.00444308258005209	0	0.00226750421326796	0.00747663551401869	0	0.0105255094223993	0	0	0	0.00459629232419182	0.0102190899341198	0.0011797150298759	0	0	0.00347786119197181	0	0	0	0.00766048720698636	0	0.00153209744139727	0.00766048720698636	0	0	0	0	0	0	0
"Phaethornis_squalidus"	0	0.000843143493477569	0.00106586064269806	0.00442252624880687	0.000604517976455616	0.00827235125676106	0.00954502068087814	0.00334075723830735	0	0.0111994909322304	0	0	0.0010022271714922	0.0108813235762011	0	0.0111358574610245	0.000795418390073179	0	0.00367483296213808	0	0.0018771874005727	0.00217944638880051	0.00454979319121858	0	0.011358574610245	0.00795418390073178	0	0	0	0	0.00529748647788737	0	0	0	0	0
"Clytolaema_rubricauda"	0.00555802578923966	0.00586927523343708	0.000800355713650512	0	0.0136949755446865	0	0	0	0	0	0	0	0	0	0	0	0	0.0148065807025345	0	0	0	0	0	0	0	0	0	0	0	0.0444642063139173	0.0148065807025345	0	0	0	0	0
"Leucochloris_albicollis"	0	0	0	0	0	0	0	0	0	0	0.084349593495935	0	0	0	0	0	0	0	0.015650406504065	0	0	0	0	0	0	0	0	0	0	0	0	0	0	0	0	0
