"Cordia_martinicensis"	"Cordia_sp1_M_PL_041"	"Cornutia_pyramidata"	"Unidentified_sp21_M_PL_041"	"Croton_flavens"	"Vernonia_sp1_M_PL_041"	"Chamaecrista_glandulosa"	"Wedelia_calycina"	"Mimosa_casta"	"Lantana_camara"	"Gonzalagunia_hirsuta"	"Guettarda_scabra"	"Ipomoea_tiliacea"	"Calliandra_tergemina"	"Daphnopsis_americana"	"Lantana_involucrata"	"Tetrazygia_angustifolia"	"Wedelia_trilobata"	"Sida_rhombifolia"	"Byrsonima_spicata"	"Miconia_striata"	"Spermacoce_assurgens"	"Ludwigia_octovalvis"	"Odontonema_nitidum"	"Palicourea_crocea"	"Centrosema_virginianum"	"Coccoloba_sp1_M_PL_041"	"Desmodium_adscendens"	"Oxalis_barrelieri"	"Oxalis_frutescens"	"Stigmaphyllon_diversifolium"	"Orthorhyncus_cristatus"	"Apis_mellifera"	"Unidentified_sp1_M_PL_041"	"Unidentified_sp2_M_PL_041"	"Unidentified_sp8_M_PL_041"	"Xylocopa_sp1_M_PL_041"	"Unidentified_sp4_M_PL_041"	"Unidentified_sp3_M_PL_041"	"Wasmannia_auropunctata"	"Appias_drusilla"	"Unidentified_sp6_M_PL_041"	"Ascia_monuste"	"Unidentified_sp7_M_PL_041"	"Unidentified_sp5_M_PL_041"	"Coereba_flaveola"	"Electrostrymon_angerona"	"Polygonus_sp1_M_PL_041"	"Janonia_evarete"	"Dryas_iulia"	"Agraulis_vanillae"	"Allosmaitia_piplea"	"Urbanus_sp1_M_PL_041"	"Phoebis_sp1_M_PL_041"	"Unidentified_sp10_M_PL_041"	"Eulampis_holosericeus"	"Eulampis_jugularis"	"Marpesia_petreus"	"Unidentified_sp18_M_PL_041"	"Unidentified_sp13_M_PL_041"	"Unidentified_sp16_M_PL_041"	"Unidentified_sp20_M_PL_041"	"Cyanophaia_bicolor"	"Loxigilla_noctis"	"Unidentified_sp17_M_PL_041"	"Unidentified_sp19_M_PL_041"	"Unidentified_sp9_M_PL_041"	"Anartia_jatrophae"	"Anolis_oculatus"	"Hemiargus_hanno"	"Pyrgus_oileus"	"Unidentified_sp11_M_PL_041"	"Unidentified_sp12_M_PL_041"	"Unidentified_sp15_M_PL_041"
"Cordia_martinicensis"	0	0	0	0	0	0	0	0	0	0	0	0	0	0	0	0	0	0	0	0	0	0	0	0	0	0	0	0	0	0	0	0.015	0.00636363636363636	0.00590909090909091	0.0127272727272727	0	0.0122727272727273	0.00909090909090909	0	0	0.00545454545454545	0	0.005	0.00409090909090909	0.00409090909090909	0.000454545454545455	0.00363636363636364	0.00454545454545455	0.00272727272727273	0.000454545454545455	0.000454545454545455	0.00181818181818182	0.000454545454545455	0.00136363636363636	0.000454545454545455	0	0	0.00181818181818182	0	0	0	0.00136363636363636	0	0	0	0	0.000454545454545455	0	0	0	0	0	0	0
"Cordia_sp1_M_PL_041"	0	0	0	0	0	0	0	0	0	0	0	0	0	0	0	0	0	0	0	0	0	0	0	0	0	0	0	0	0	0	0	0.04375	0.0078125	0.021875	0	0	0	0	0	0	0.003125	0	0	0	0.0015625	0.0015625	0	0.0015625	0	0.003125	0.0015625	0	0	0.0015625	0	0.00625	0	0	0.00625	0	0	0	0	0	0	0	0	0	0	0	0	0	0	0
"Cornutia_pyramidata"	0	0	0	0	0	0	0	0	0	0	0	0	0	0	0	0	0	0	0	0	0	0	0	0	0	0	0	0	0	0	0	0.0603448275862069	0	0.0120689655172414	0	0	0.0241379310344828	0	0	0	0	0	0	0	0	0	0	0	0	0	0	0	0	0	0	0	0	0	0	0	0	0	0	0.00344827586206897	0	0	0	0	0	0	0	0	0	0
"Unidentified_sp21_M_PL_041"	0	0	0	0	0	0	0	0	0	0	0	0	0	0	0	0	0	0	0	0	0	0	0	0	0	0	0	0	0	0	0	0	0.00566037735849057	0	0.00943396226415094	0	0	0.0320754716981132	0.0264150943396226	0	0	0	0	0.00188679245283019	0.00377358490566038	0	0.00566037735849057	0	0	0	0	0.00566037735849057	0	0	0	0	0	0	0	0	0.00566037735849057	0	0	0	0.00377358490566038	0	0	0	0	0	0	0	0	0
"Croton_flavens"	0	0	0	0	0	0	0	0	0	0	0	0	0	0	0	0	0	0	0	0	0	0	0	0	0	0	0	0	0	0	0	0	0	0	0.00208333333333333	0.0958333333333333	0	0	0	0	0	0	0	0	0	0	0	0.00208333333333333	0	0	0	0	0	0	0	0	0	0	0	0	0	0	0	0	0	0	0	0	0	0	0	0	0	0
"Vernonia_sp1_M_PL_041"	0	0	0	0	0	0	0	0	0	0	0	0	0	0	0	0	0	0	0	0	0	0	0	0	0	0	0	0	0	0	0	0	0.0130434782608696	0.00217391304347826	0.00652173913043478	0	0.00217391304347826	0.00652173913043478	0.0326086956521739	0	0.00217391304347826	0.00434782608695652	0	0.0108695652173913	0.00217391304347826	0	0	0	0.00217391304347826	0	0	0	0.00652173913043478	0.00217391304347826	0.00652173913043478	0	0	0	0	0	0	0	0	0	0	0	0	0	0	0	0	0	0	0
"Chamaecrista_glandulosa"	0	0	0	0	0	0	0	0	0	0	0	0	0	0	0	0	0	0	0	0	0	0	0	0	0	0	0	0	0	0	0	0.00238095238095238	0	0.05	0.00714285714285714	0	0.00238095238095238	0.00238095238095238	0	0	0	0.0333333333333333	0	0	0	0	0.00238095238095238	0	0	0	0	0	0	0	0	0	0	0	0	0	0	0	0	0	0	0	0	0	0	0	0	0	0	0
"Wedelia_calycina"	0	0	0	0	0	0	0	0	0	0	0	0	0	0	0	0	0	0	0	0	0	0	0	0	0	0	0	0	0	0	0	0.00238095238095238	0.0238095238095238	0	0.0166666666666667	0.00476190476190476	0	0	0.0142857142857143	0	0.00952380952380952	0.00714285714285714	0	0.00238095238095238	0.00238095238095238	0	0	0	0	0.00238095238095238	0	0	0.00714285714285714	0	0.00238095238095238	0	0	0	0	0	0	0	0	0	0	0.00476190476190476	0	0	0	0	0	0	0	0
"Mimosa_casta"	0	0	0	0	0	0	0	0	0	0	0	0	0	0	0	0	0	0	0	0	0	0	0	0	0	0	0	0	0	0	0	0	0.0838709677419355	0.00967741935483871	0.0032258064516129	0	0	0.0032258064516129	0	0	0	0	0	0	0	0	0	0	0	0	0	0	0	0	0	0	0	0	0	0	0	0	0	0	0	0	0	0	0	0	0	0	0	0
"Lantana_camara"	0	0	0	0	0	0	0	0	0	0	0	0	0	0	0	0	0	0	0	0	0	0	0	0	0	0	0	0	0	0	0	0.0296296296296296	0	0	0.0222222222222222	0	0	0	0	0	0	0	0.0148148148148148	0	0	0	0	0	0	0.0148148148148148	0.0185185185185185	0	0	0	0	0	0	0	0	0	0	0	0	0	0	0	0	0	0	0	0	0	0	0
"Gonzalagunia_hirsuta"	0	0	0	0	0	0	0	0	0	0	0	0	0	0	0	0	0	0	0	0	0	0	0	0	0	0	0	0	0	0	0	0.0173913043478261	0.00434782608695652	0.00434782608695652	0	0	0	0	0	0.0652173913043478	0.00434782608695652	0	0	0	0	0	0	0	0	0	0	0	0	0	0	0	0	0	0	0	0	0	0	0	0	0	0	0	0	0	0	0.00434782608695652	0	0
"Guettarda_scabra"	0	0	0	0	0	0	0	0	0	0	0	0	0	0	0	0	0	0	0	0	0	0	0	0	0	0	0	0	0	0	0	0.0545454545454545	0	0	0	0	0	0	0	0	0	0	0	0	0	0.0363636363636364	0	0	0	0	0	0	0	0	0	0	0	0	0	0	0	0	0.00909090909090909	0	0	0	0	0	0	0	0	0	0	0
"Ipomoea_tiliacea"	0	0	0	0	0	0	0	0	0	0	0	0	0	0	0	0	0	0	0	0	0	0	0	0	0	0	0	0	0	0	0	0.0583333333333333	0.00833333333333333	0	0	0	0	0	0	0	0	0	0	0	0	0.00833333333333333	0	0	0	0	0	0	0	0	0	0	0.025	0	0	0	0	0	0	0	0	0	0	0	0	0	0	0	0	0
"Calliandra_tergemina"	0	0	0	0	0	0	0	0	0	0	0	0	0	0	0	0	0	0	0	0	0	0	0	0	0	0	0	0	0	0	0	0.05	0.01	0	0	0	0.01	0	0	0	0	0	0.01	0	0	0.01	0	0	0	0	0	0	0	0	0	0	0.01	0	0	0	0	0	0	0	0	0	0	0	0	0	0	0	0	0
"Daphnopsis_americana"	0	0	0	0	0	0	0	0	0	0	0	0	0	0	0	0	0	0	0	0	0	0	0	0	0	0	0	0	0	0	0	0	0.1	0	0	0	0	0	0	0	0	0	0	0	0	0	0	0	0	0	0	0	0	0	0	0	0	0	0	0	0	0	0	0	0	0	0	0	0	0	0	0	0	0
"Lantana_involucrata"	0	0	0	0	0	0	0	0	0	0	0	0	0	0	0	0	0	0	0	0	0	0	0	0	0	0	0	0	0	0	0	0.03	0	0	0.03	0	0	0	0	0	0.02	0	0	0	0	0	0	0	0	0	0	0	0	0	0	0	0	0	0	0	0	0	0	0	0	0	0	0	0	0.01	0	0	0	0.01
"Tetrazygia_angustifolia"	0	0	0	0	0	0	0	0	0	0	0	0	0	0	0	0	0	0	0	0	0	0	0	0	0	0	0	0	0	0	0	0	0	0.1	0	0	0	0	0	0	0	0	0	0	0	0	0	0	0	0	0	0	0	0	0	0	0	0	0	0	0	0	0	0	0	0	0	0	0	0	0	0	0	0
"Wedelia_trilobata"	0	0	0	0	0	0	0	0	0	0	0	0	0	0	0	0	0	0	0	0	0	0	0	0	0	0	0	0	0	0	0	0	0.0125	0	0	0	0	0	0.025	0	0	0	0	0	0	0	0	0	0.05	0	0	0	0	0	0	0	0	0	0	0	0	0	0	0	0	0	0	0.0125	0	0	0	0	0	0
"Sida_rhombifolia"	0	0	0	0	0	0	0	0	0	0	0	0	0	0	0	0	0	0	0	0	0	0	0	0	0	0	0	0	0	0	0	0	0	0	0	0	0	0	0	0.0333333333333333	0	0	0	0	0	0	0	0	0	0	0	0	0	0	0	0	0	0	0	0.05	0	0	0	0	0	0	0.0166666666666667	0	0	0	0	0	0	0
"Byrsonima_spicata"	0	0	0	0	0	0	0	0	0	0	0	0	0	0	0	0	0	0	0	0	0	0	0	0	0	0	0	0	0	0	0	0	0	0.08	0	0	0	0	0	0	0	0	0	0	0	0	0	0	0	0	0	0	0	0	0	0	0	0	0	0	0	0	0	0	0	0	0	0	0.02	0	0	0	0	0
"Miconia_striata"	0	0	0	0	0	0	0	0	0	0	0	0	0	0	0	0	0	0	0	0	0	0	0	0	0	0	0	0	0	0	0	0	0	0.06	0	0	0	0.02	0.02	0	0	0	0	0	0	0	0	0	0	0	0	0	0	0	0	0	0	0	0	0	0	0	0	0	0	0	0	0	0	0	0	0	0	0
"Spermacoce_assurgens"	0	0	0	0	0	0	0	0	0	0	0	0	0	0	0	0	0	0	0	0	0	0	0	0	0	0	0	0	0	0	0	0	0	0	0	0	0	0	0	0.06	0	0.04	0	0	0	0	0	0	0	0	0	0	0	0	0	0	0	0	0	0	0	0	0	0	0	0	0	0	0	0	0	0	0	0
"Ludwigia_octovalvis"	0	0	0	0	0	0	0	0	0	0	0	0	0	0	0	0	0	0	0	0	0	0	0	0	0	0	0	0	0	0	0	0	0	0	0	0.025	0	0	0	0.075	0	0	0	0	0	0	0	0	0	0	0	0	0	0	0	0	0	0	0	0	0	0	0	0	0	0	0	0	0	0	0	0	0	0
"Odontonema_nitidum"	0	0	0	0	0	0	0	0	0	0	0	0	0	0	0	0	0	0	0	0	0	0	0	0	0	0	0	0	0	0	0	0.1	0	0	0	0	0	0	0	0	0	0	0	0	0	0	0	0	0	0	0	0	0	0	0	0	0	0	0	0	0	0	0	0	0	0	0	0	0	0	0	0	0	0
"Palicourea_crocea"	0	0	0	0	0	0	0	0	0	0	0	0	0	0	0	0	0	0	0	0	0	0	0	0	0	0	0	0	0	0	0	0.1	0	0	0	0	0	0	0	0	0	0	0	0	0	0	0	0	0	0	0	0	0	0	0	0	0	0	0	0	0	0	0	0	0	0	0	0	0	0	0	0	0	0
"Centrosema_virginianum"	0	0	0	0	0	0	0	0	0	0	0	0	0	0	0	0	0	0	0	0	0	0	0	0	0	0	0	0	0	0	0	0	0	0	0	0	0	0	0	0	0	0	0	0	0	0	0	0	0	0	0	0	0	0	0	0	0	0	0	0	0	0	0	0	0	0	0	0	0	0	0	0	0.1	0
"Coccoloba_sp1_M_PL_041"	0	0	0	0	0	0	0	0	0	0	0	0	0	0	0	0	0	0	0	0	0	0	0	0	0	0	0	0	0	0	0	0	0	0	0	0	0.1	0	0	0	0	0	0	0	0	0	0	0	0	0	0	0	0	0	0	0	0	0	0	0	0	0	0	0	0	0	0	0	0	0	0	0	0	0
"Desmodium_adscendens"	0	0	0	0	0	0	0	0	0	0	0	0	0	0	0	0	0	0	0	0	0	0	0	0	0	0	0	0	0	0	0	0	0	0	0	0	0	0	0.1	0	0	0	0	0	0	0	0	0	0	0	0	0	0	0	0	0	0	0	0	0	0	0	0	0	0	0	0	0	0	0	0	0	0	0
"Oxalis_barrelieri"	0	0	0	0	0	0	0	0	0	0	0	0	0	0	0	0	0	0	0	0	0	0	0	0	0	0	0	0	0	0	0	0	0	0	0	0	0	0	0	0	0	0	0	0	0	0	0	0	0	0	0	0	0	0	0	0	0	0	0	0	0	0	0	0	0	0	0	0	0	0	0.1	0	0	0
"Oxalis_frutescens"	0	0	0	0	0	0	0	0	0	0	0	0	0	0	0	0	0	0	0	0	0	0	0	0	0	0	0	0	0	0	0	0.1	0	0	0	0	0	0	0	0	0	0	0	0	0	0	0	0	0	0	0	0	0	0	0	0	0	0	0	0	0	0	0	0	0	0	0	0	0	0	0	0	0	0
"Stigmaphyllon_diversifolium"	0	0	0	0	0	0	0	0	0	0	0	0	0	0	0	0	0	0	0	0	0	0	0	0	0	0	0	0	0	0	0	0	0	0	0	0	0	0	0	0.1	0	0	0	0	0	0	0	0	0	0	0	0	0	0	0	0	0	0	0	0	0	0	0	0	0	0	0	0	0	0	0	0	0	0
"Orthorhyncus_cristatus"	0.0229166666666667	0.0194444444444444	0.0243055555555556	0	0	0	0.000694444444444444	0.000694444444444444	0	0.00555555555555556	0.00277777777777778	0.00833333333333333	0.00486111111111111	0.00347222222222222	0	0.00208333333333333	0	0	0	0	0	0	0	0.00208333333333333	0.00208333333333333	0	0	0	0	0.000694444444444444	0	0	0	0	0	0	0	0	0	0	0	0	0	0	0	0	0	0	0	0	0	0	0	0	0	0	0	0	0	0	0	0	0	0	0	0	0	0	0	0	0	0	0	0
"Apis_mellifera"	0.017948717948718	0.00641025641025641	0	0.00384615384615385	0	0.00769230769230769	0	0.0128205128205128	0.0333333333333333	0	0.00128205128205128	0	0.00128205128205128	0.00128205128205128	0.0128205128205128	0	0	0.00128205128205128	0	0	0	0	0	0	0	0	0	0	0	0	0	0	0	0	0	0	0	0	0	0	0	0	0	0	0	0	0	0	0	0	0	0	0	0	0	0	0	0	0	0	0	0	0	0	0	0	0	0	0	0	0	0	0	0
"Unidentified_sp1_M_PL_041"	0.0171052631578947	0.0184210526315789	0.00921052631578947	0	0	0.00131578947368421	0.0276315789473684	0	0.00394736842105263	0	0.00131578947368421	0	0	0	0	0	0.0118421052631579	0	0	0.00526315789473684	0.00394736842105263	0	0	0	0	0	0	0	0	0	0	0	0	0	0	0	0	0	0	0	0	0	0	0	0	0	0	0	0	0	0	0	0	0	0	0	0	0	0	0	0	0	0	0	0	0	0	0	0	0	0	0	0	0
"Unidentified_sp2_M_PL_041"	0.0491228070175439	0	0	0.0087719298245614	0.00175438596491228	0.00526315789473684	0.00526315789473684	0.012280701754386	0.00175438596491228	0.0105263157894737	0	0	0	0	0	0.00526315789473684	0	0	0	0	0	0	0	0	0	0	0	0	0	0	0	0	0	0	0	0	0	0	0	0	0	0	0	0	0	0	0	0	0	0	0	0	0	0	0	0	0	0	0	0	0	0	0	0	0	0	0	0	0	0	0	0	0	0
"Unidentified_sp8_M_PL_041"	0	0	0	0	0.0938775510204082	0	0	0.00408163265306122	0	0	0	0	0	0	0	0	0	0	0	0	0	0	0.00204081632653061	0	0	0	0	0	0	0	0	0	0	0	0	0	0	0	0	0	0	0	0	0	0	0	0	0	0	0	0	0	0	0	0	0	0	0	0	0	0	0	0	0	0	0	0	0	0	0	0	0	0	0
"Xylocopa_sp1_M_PL_041"	0.06	0	0.0311111111111111	0	0	0.00222222222222222	0.00222222222222222	0	0	0	0	0	0	0.00222222222222222	0	0	0	0	0	0	0	0	0	0	0	0	0.00222222222222222	0	0	0	0	0	0	0	0	0	0	0	0	0	0	0	0	0	0	0	0	0	0	0	0	0	0	0	0	0	0	0	0	0	0	0	0	0	0	0	0	0	0	0	0	0	0	0
"Unidentified_sp4_M_PL_041"	0.0465116279069767	0	0	0.0395348837209302	0	0.00697674418604651	0.00232558139534884	0	0.00232558139534884	0	0	0	0	0	0	0	0	0	0	0	0.00232558139534884	0	0	0	0	0	0	0	0	0	0	0	0	0	0	0	0	0	0	0	0	0	0	0	0	0	0	0	0	0	0	0	0	0	0	0	0	0	0	0	0	0	0	0	0	0	0	0	0	0	0	0	0	0
"Unidentified_sp3_M_PL_041"	0	0	0	0.0358974358974359	0	0.0384615384615385	0	0.0153846153846154	0	0	0	0	0	0	0	0	0	0.00512820512820513	0	0	0.00256410256410256	0	0	0	0	0	0	0.00256410256410256	0	0	0	0	0	0	0	0	0	0	0	0	0	0	0	0	0	0	0	0	0	0	0	0	0	0	0	0	0	0	0	0	0	0	0	0	0	0	0	0	0	0	0	0	0	0
"Wasmannia_auropunctata"	0	0	0	0	0	0	0	0	0	0	0.0625	0	0	0	0	0	0	0	0.00833333333333333	0	0	0.0125	0.0125	0	0	0	0	0	0	0	0.00416666666666667	0	0	0	0	0	0	0	0	0	0	0	0	0	0	0	0	0	0	0	0	0	0	0	0	0	0	0	0	0	0	0	0	0	0	0	0	0	0	0	0	0	0	0
"Appias_drusilla"	0.0545454545454545	0.00909090909090909	0	0	0	0.00454545454545455	0	0.0181818181818182	0	0	0.00454545454545455	0	0	0	0	0.00909090909090909	0	0	0	0	0	0	0	0	0	0	0	0	0	0	0	0	0	0	0	0	0	0	0	0	0	0	0	0	0	0	0	0	0	0	0	0	0	0	0	0	0	0	0	0	0	0	0	0	0	0	0	0	0	0	0	0	0	0
"Unidentified_sp6_M_PL_041"	0	0	0	0	0	0.00952380952380952	0.0666666666666667	0.0142857142857143	0	0	0	0	0	0	0	0	0	0	0	0	0	0.00952380952380952	0	0	0	0	0	0	0	0	0	0	0	0	0	0	0	0	0	0	0	0	0	0	0	0	0	0	0	0	0	0	0	0	0	0	0	0	0	0	0	0	0	0	0	0	0	0	0	0	0	0	0	0
"Ascia_monuste"	0.06875	0	0	0	0	0	0	0	0	0.025	0	0	0	0.00625	0	0	0	0	0	0	0	0	0	0	0	0	0	0	0	0	0	0	0	0	0	0	0	0	0	0	0	0	0	0	0	0	0	0	0	0	0	0	0	0	0	0	0	0	0	0	0	0	0	0	0	0	0	0	0	0	0	0	0	0
"Unidentified_sp7_M_PL_041"	0.05625	0	0	0.00625	0	0.03125	0	0.00625	0	0	0	0	0	0	0	0	0	0	0	0	0	0	0	0	0	0	0	0	0	0	0	0	0	0	0	0	0	0	0	0	0	0	0	0	0	0	0	0	0	0	0	0	0	0	0	0	0	0	0	0	0	0	0	0	0	0	0	0	0	0	0	0	0	0
"Unidentified_sp5_M_PL_041"	0.0642857142857143	0.00714285714285714	0	0.0142857142857143	0	0.00714285714285714	0	0.00714285714285714	0	0	0	0	0	0	0	0	0	0	0	0	0	0	0	0	0	0	0	0	0	0	0	0	0	0	0	0	0	0	0	0	0	0	0	0	0	0	0	0	0	0	0	0	0	0	0	0	0	0	0	0	0	0	0	0	0	0	0	0	0	0	0	0	0	0
"Coereba_flaveola"	0.00833333333333333	0.00833333333333333	0	0	0	0	0	0	0	0	0	0.0666666666666667	0.00833333333333333	0.00833333333333333	0	0	0	0	0	0	0	0	0	0	0	0	0	0	0	0	0	0	0	0	0	0	0	0	0	0	0	0	0	0	0	0	0	0	0	0	0	0	0	0	0	0	0	0	0	0	0	0	0	0	0	0	0	0	0	0	0	0	0	0
"Electrostrymon_angerona"	0.0666666666666667	0	0	0.025	0	0	0.00833333333333333	0	0	0	0	0	0	0	0	0	0	0	0	0	0	0	0	0	0	0	0	0	0	0	0	0	0	0	0	0	0	0	0	0	0	0	0	0	0	0	0	0	0	0	0	0	0	0	0	0	0	0	0	0	0	0	0	0	0	0	0	0	0	0	0	0	0	0
"Polygonus_sp1_M_PL_041"	0.0833333333333333	0.00833333333333333	0	0	0.00833333333333333	0	0	0	0	0	0	0	0	0	0	0	0	0	0	0	0	0	0	0	0	0	0	0	0	0	0	0	0	0	0	0	0	0	0	0	0	0	0	0	0	0	0	0	0	0	0	0	0	0	0	0	0	0	0	0	0	0	0	0	0	0	0	0	0	0	0	0	0	0
"Janonia_evarete"	0.0545454545454545	0	0	0	0	0.00909090909090909	0	0	0	0	0	0	0	0	0	0	0	0.0363636363636364	0	0	0	0	0	0	0	0	0	0	0	0	0	0	0	0	0	0	0	0	0	0	0	0	0	0	0	0	0	0	0	0	0	0	0	0	0	0	0	0	0	0	0	0	0	0	0	0	0	0	0	0	0	0	0	0
"Dryas_iulia"	0.0125	0.025	0	0	0	0	0	0.0125	0	0.05	0	0	0	0	0	0	0	0	0	0	0	0	0	0	0	0	0	0	0	0	0	0	0	0	0	0	0	0	0	0	0	0	0	0	0	0	0	0	0	0	0	0	0	0	0	0	0	0	0	0	0	0	0	0	0	0	0	0	0	0	0	0	0	0
"Agraulis_vanillae"	0.0142857142857143	0.0142857142857143	0	0	0	0	0	0	0	0.0714285714285714	0	0	0	0	0	0	0	0	0	0	0	0	0	0	0	0	0	0	0	0	0	0	0	0	0	0	0	0	0	0	0	0	0	0	0	0	0	0	0	0	0	0	0	0	0	0	0	0	0	0	0	0	0	0	0	0	0	0	0	0	0	0	0	0
"Allosmaitia_piplea"	0.0571428571428571	0	0	0.0428571428571429	0	0	0	0	0	0	0	0	0	0	0	0	0	0	0	0	0	0	0	0	0	0	0	0	0	0	0	0	0	0	0	0	0	0	0	0	0	0	0	0	0	0	0	0	0	0	0	0	0	0	0	0	0	0	0	0	0	0	0	0	0	0	0	0	0	0	0	0	0	0
"Urbanus_sp1_M_PL_041"	0.0142857142857143	0	0	0	0	0.0428571428571429	0	0.0428571428571429	0	0	0	0	0	0	0	0	0	0	0	0	0	0	0	0	0	0	0	0	0	0	0	0	0	0	0	0	0	0	0	0	0	0	0	0	0	0	0	0	0	0	0	0	0	0	0	0	0	0	0	0	0	0	0	0	0	0	0	0	0	0	0	0	0	0
"Phoebis_sp1_M_PL_041"	0.06	0.02	0	0	0	0.02	0	0	0	0	0	0	0	0	0	0	0	0	0	0	0	0	0	0	0	0	0	0	0	0	0	0	0	0	0	0	0	0	0	0	0	0	0	0	0	0	0	0	0	0	0	0	0	0	0	0	0	0	0	0	0	0	0	0	0	0	0	0	0	0	0	0	0	0
"Unidentified_sp10_M_PL_041"	0.02	0	0	0	0	0.06	0	0.02	0	0	0	0	0	0	0	0	0	0	0	0	0	0	0	0	0	0	0	0	0	0	0	0	0	0	0	0	0	0	0	0	0	0	0	0	0	0	0	0	0	0	0	0	0	0	0	0	0	0	0	0	0	0	0	0	0	0	0	0	0	0	0	0	0	0
"Eulampis_holosericeus"	0	0.1	0	0	0	0	0	0	0	0	0	0	0	0	0	0	0	0	0	0	0	0	0	0	0	0	0	0	0	0	0	0	0	0	0	0	0	0	0	0	0	0	0	0	0	0	0	0	0	0	0	0	0	0	0	0	0	0	0	0	0	0	0	0	0	0	0	0	0	0	0	0	0	0
"Eulampis_jugularis"	0	0	0	0	0	0	0	0	0	0	0	0	0.075	0.025	0	0	0	0	0	0	0	0	0	0	0	0	0	0	0	0	0	0	0	0	0	0	0	0	0	0	0	0	0	0	0	0	0	0	0	0	0	0	0	0	0	0	0	0	0	0	0	0	0	0	0	0	0	0	0	0	0	0	0	0
"Marpesia_petreus"	0.1	0	0	0	0	0	0	0	0	0	0	0	0	0	0	0	0	0	0	0	0	0	0	0	0	0	0	0	0	0	0	0	0	0	0	0	0	0	0	0	0	0	0	0	0	0	0	0	0	0	0	0	0	0	0	0	0	0	0	0	0	0	0	0	0	0	0	0	0	0	0	0	0	0
"Unidentified_sp18_M_PL_041"	0	0.1	0	0	0	0	0	0	0	0	0	0	0	0	0	0	0	0	0	0	0	0	0	0	0	0	0	0	0	0	0	0	0	0	0	0	0	0	0	0	0	0	0	0	0	0	0	0	0	0	0	0	0	0	0	0	0	0	0	0	0	0	0	0	0	0	0	0	0	0	0	0	0	0
"Unidentified_sp13_M_PL_041"	0	0	0	0	0	0	0	0	0	0	0	0	0	0	0	0	0	0	0.1	0	0	0	0	0	0	0	0	0	0	0	0	0	0	0	0	0	0	0	0	0	0	0	0	0	0	0	0	0	0	0	0	0	0	0	0	0	0	0	0	0	0	0	0	0	0	0	0	0	0	0	0	0	0	0
"Unidentified_sp16_M_PL_041"	0	0	0	0.1	0	0	0	0	0	0	0	0	0	0	0	0	0	0	0	0	0	0	0	0	0	0	0	0	0	0	0	0	0	0	0	0	0	0	0	0	0	0	0	0	0	0	0	0	0	0	0	0	0	0	0	0	0	0	0	0	0	0	0	0	0	0	0	0	0	0	0	0	0	0
"Unidentified_sp20_M_PL_041"	0.1	0	0	0	0	0	0	0	0	0	0	0	0	0	0	0	0	0	0	0	0	0	0	0	0	0	0	0	0	0	0	0	0	0	0	0	0	0	0	0	0	0	0	0	0	0	0	0	0	0	0	0	0	0	0	0	0	0	0	0	0	0	0	0	0	0	0	0	0	0	0	0	0	0
"Cyanophaia_bicolor"	0	0	0	0	0	0	0	0	0	0	0	0.1	0	0	0	0	0	0	0	0	0	0	0	0	0	0	0	0	0	0	0	0	0	0	0	0	0	0	0	0	0	0	0	0	0	0	0	0	0	0	0	0	0	0	0	0	0	0	0	0	0	0	0	0	0	0	0	0	0	0	0	0	0	0
"Loxigilla_noctis"	0	0	0.1	0	0	0	0	0	0	0	0	0	0	0	0	0	0	0	0	0	0	0	0	0	0	0	0	0	0	0	0	0	0	0	0	0	0	0	0	0	0	0	0	0	0	0	0	0	0	0	0	0	0	0	0	0	0	0	0	0	0	0	0	0	0	0	0	0	0	0	0	0	0	0
"Unidentified_sp17_M_PL_041"	0	0	0	0.1	0	0	0	0	0	0	0	0	0	0	0	0	0	0	0	0	0	0	0	0	0	0	0	0	0	0	0	0	0	0	0	0	0	0	0	0	0	0	0	0	0	0	0	0	0	0	0	0	0	0	0	0	0	0	0	0	0	0	0	0	0	0	0	0	0	0	0	0	0	0
"Unidentified_sp19_M_PL_041"	0	0	0	0	0	0	0	0.1	0	0	0	0	0	0	0	0	0	0	0	0	0	0	0	0	0	0	0	0	0	0	0	0	0	0	0	0	0	0	0	0	0	0	0	0	0	0	0	0	0	0	0	0	0	0	0	0	0	0	0	0	0	0	0	0	0	0	0	0	0	0	0	0	0	0
"Unidentified_sp9_M_PL_041"	0.05	0	0	0	0	0	0	0	0	0	0	0	0	0	0	0	0	0	0.05	0	0	0	0	0	0	0	0	0	0	0	0	0	0	0	0	0	0	0	0	0	0	0	0	0	0	0	0	0	0	0	0	0	0	0	0	0	0	0	0	0	0	0	0	0	0	0	0	0	0	0	0	0	0	0
"Anartia_jatrophae"	0	0	0	0	0	0	0	0	0	0	0	0	0	0	0	0	0	0.1	0	0	0	0	0	0	0	0	0	0	0	0	0	0	0	0	0	0	0	0	0	0	0	0	0	0	0	0	0	0	0	0	0	0	0	0	0	0	0	0	0	0	0	0	0	0	0	0	0	0	0	0	0	0	0	0
"Anolis_oculatus"	0	0	0	0	0	0	0	0	0	0	0	0	0	0	0	0	0	0	0	0.1	0	0	0	0	0	0	0	0	0	0	0	0	0	0	0	0	0	0	0	0	0	0	0	0	0	0	0	0	0	0	0	0	0	0	0	0	0	0	0	0	0	0	0	0	0	0	0	0	0	0	0	0	0	0
"Hemiargus_hanno"	0	0	0	0	0	0	0	0	0	0	0	0	0	0	0	0.1	0	0	0	0	0	0	0	0	0	0	0	0	0	0	0	0	0	0	0	0	0	0	0	0	0	0	0	0	0	0	0	0	0	0	0	0	0	0	0	0	0	0	0	0	0	0	0	0	0	0	0	0	0	0	0	0	0	0
"Pyrgus_oileus"	0	0	0	0	0	0	0	0	0	0	0	0	0	0	0	0	0	0	0	0	0	0	0	0	0	0	0	0	0.1	0	0	0	0	0	0	0	0	0	0	0	0	0	0	0	0	0	0	0	0	0	0	0	0	0	0	0	0	0	0	0	0	0	0	0	0	0	0	0	0	0	0	0	0	0
"Unidentified_sp11_M_PL_041"	0	0	0	0	0	0	0	0	0	0	0.1	0	0	0	0	0	0	0	0	0	0	0	0	0	0	0	0	0	0	0	0	0	0	0	0	0	0	0	0	0	0	0	0	0	0	0	0	0	0	0	0	0	0	0	0	0	0	0	0	0	0	0	0	0	0	0	0	0	0	0	0	0	0	0
"Unidentified_sp12_M_PL_041"	0	0	0	0	0	0	0	0	0	0	0	0	0	0	0	0	0	0	0	0	0	0	0	0	0	0.1	0	0	0	0	0	0	0	0	0	0	0	0	0	0	0	0	0	0	0	0	0	0	0	0	0	0	0	0	0	0	0	0	0	0	0	0	0	0	0	0	0	0	0	0	0	0	0	0
"Unidentified_sp15_M_PL_041"	0	0	0	0	0	0	0	0	0	0	0	0	0	0	0	0.1	0	0	0	0	0	0	0	0	0	0	0	0	0	0	0	0	0	0	0	0	0	0	0	0	0	0	0	0	0	0	0	0	0	0	0	0	0	0	0	0	0	0	0	0	0	0	0	0	0	0	0	0	0	0	0	0	0	0
