"Pittosporum_senacia"	"Aphloia_theiformis"	"Embelia_angustifolia"	"Stillingia_lineata"	"Memecylon_ovatifolium"	"Syzygium_coriaceum"	"Diospyros_revaughanii"	"Gaertnera_sp1_M_PL_068"	"Casearia_coriacea"	"Calophyllum_eputamen"	"Olea_lancea"	"Labourdonnaisia_callophylloides"	"Tabernaemontana_persicarifolia"	"Antidesma_madagascariense"	"Euodia_chapelieri"	"Turraea_rigida"	"Warneckea_trinervis"	"Xylopia_lamarckii"	"Technomyrmex_albipes"	"Brachymyrmex_sp1_M_PL_068"	"Apis_mellifera"	"Paragus_borbonicus"	"Nacoleia_sp1_M_PL_068"	"Stomorhina_lunata"	"Chrysomya_megacephala"	"Chaetocnema_sp1_M_PL_068"	"Episyrphus_sp1_M_PL_068"	"Graphomya_maculata"	"Melanostoma_annulipes"	"Villa_unifasciata"	"Allograpta_nasuta"	"Musca_domestica"	"Pachycerina_crinicornis"	"Ahasverus_advena"	"Cheloninae_sp1_M_PL_068"	"Eristalinus_flaveolus"	"Ischiodon_aegyptius"	"Orthellia_albigena"	"Phorinia_sp1_M_PL_068"	"Siphona_sp1_M_PL_068"	"Unidentified_sp1_M_PL_068"	"Cephonodes_trochilus"	"Cerambycidae_sp1_M_PL_068"	"Drosophila_sp1_M_PL_068"	"Henotesia_narcissus"	"Hyadina_sp1_M_PL_068"	"Hyperaspis_hottentota"	"Macroglossum_milvus"	"Nacoleia_sp2_M_PL_068"	"Panara_naso"	"Papillio_manlius"	"Pelecophora_intemipta"	"Phelsuma_cepediana"	"Polistes_hebraeus"	"Sapromyza_sp1_M_PL_068"	"Sarcophaga_arno"	"Scolia_oryctophaga"	"Zosterops_mauritianus"
"Pittosporum_senacia"	0	0	0	0	0	0	0	0	0	0	0	0	0	0	0	0	0	0	0.0735294117647059	0	0.00882352941176471	0.00294117647058824	0.00147058823529412	0	0.00147058823529412	0	0.00147058823529412	0	0	0.00588235294117647	0	0	0	0	0	0	0	0	0.00147058823529412	0	0.00294117647058824	0	0	0	0	0	0	0	0	0	0	0	0	0	0	0	0	0
"Aphloia_theiformis"	0	0	0	0	0	0	0	0	0	0	0	0	0	0	0	0	0	0	0.05625	0	0.00833333333333333	0.00416666666666667	0	0.00833333333333333	0.00208333333333333	0	0	0	0.00833333333333333	0	0	0	0	0	0.00416666666666667	0	0	0	0	0	0	0	0.00208333333333333	0.00208333333333333	0	0	0	0	0	0	0	0	0	0.00208333333333333	0	0	0.00208333333333333	0
"Embelia_angustifolia"	0	0	0	0	0	0	0	0	0	0	0	0	0	0	0	0	0	0	0	0.0974358974358974	0	0	0	0	0	0	0	0	0	0	0	0	0.00256410256410256	0	0	0	0	0	0	0	0	0	0	0	0	0	0	0	0	0	0	0	0	0	0	0	0	0
"Stillingia_lineata"	0	0	0	0	0	0	0	0	0	0	0	0	0	0	0	0	0	0	0.015625	0	0	0.00625	0	0	0.01875	0	0	0.0125	0	0	0.00625	0.0125	0.00625	0	0	0.003125	0	0.003125	0.003125	0.00625	0	0	0	0	0	0	0.003125	0	0	0	0	0	0	0	0.003125	0	0	0
"Memecylon_ovatifolium"	0	0	0	0	0	0	0	0	0	0	0	0	0	0	0	0	0	0	0	0	0.01	0.02	0	0.025	0	0	0.025	0	0.01	0	0.01	0	0	0	0	0	0	0	0	0	0	0	0	0	0	0	0	0	0	0	0	0	0	0	0	0	0	0
"Syzygium_coriaceum"	0	0	0	0	0	0	0	0	0	0	0	0	0	0	0	0	0	0	0	0	0	0.06	0	0.00666666666666667	0	0	0	0.0133333333333333	0	0	0	0	0	0	0	0.00666666666666667	0	0	0	0	0	0	0	0	0	0	0	0	0.00666666666666667	0	0	0	0	0	0	0.00666666666666667	0	0
"Diospyros_revaughanii"	0	0	0	0	0	0	0	0	0	0	0	0	0	0	0	0	0	0	0	0	0.075	0	0.0166666666666667	0	0	0	0	0	0	0	0	0	0	0	0	0	0	0	0	0	0	0	0	0	0	0	0	0	0	0	0	0	0.00833333333333333	0	0	0	0	0
"Gaertnera_sp1_M_PL_068"	0	0	0	0	0	0	0	0	0	0	0	0	0	0	0	0	0	0	0	0	0.00833333333333333	0	0.05	0	0	0	0	0	0	0	0	0	0	0	0	0	0	0	0	0	0	0.00833333333333333	0	0	0.00833333333333333	0	0	0.00833333333333333	0	0.00833333333333333	0.00833333333333333	0	0	0	0	0	0	0
"Casearia_coriacea"	0	0	0	0	0	0	0	0	0	0	0	0	0	0	0	0	0	0	0.1	0	0	0	0	0	0	0	0	0	0	0	0	0	0	0	0	0	0	0	0	0	0	0	0	0	0	0	0	0	0	0	0	0	0	0	0	0	0	0
"Calophyllum_eputamen"	0	0	0	0	0	0	0	0	0	0	0	0	0	0	0	0	0	0	0.0142857142857143	0	0.0142857142857143	0	0	0	0	0.0428571428571429	0	0	0	0.0142857142857143	0	0	0	0	0	0	0	0.0142857142857143	0	0	0	0	0	0	0	0	0	0	0	0	0	0	0	0	0	0	0	0
"Olea_lancea"	0	0	0	0	0	0	0	0	0	0	0	0	0	0	0	0	0	0	0	0	0	0.0166666666666667	0	0	0	0.05	0	0	0	0	0	0	0	0.0333333333333333	0	0	0	0	0	0	0	0	0	0	0	0	0	0	0	0	0	0	0	0	0	0	0	0
"Labourdonnaisia_callophylloides"	0	0	0	0	0	0	0	0	0	0	0	0	0	0	0	0	0	0	0	0	0.08	0	0	0	0	0	0	0	0	0	0	0	0	0	0	0	0	0	0	0	0	0	0	0	0	0	0	0	0	0	0	0	0	0	0	0	0	0.02
"Tabernaemontana_persicarifolia"	0	0	0	0	0	0	0	0	0	0	0	0	0	0	0	0	0	0	0	0	0	0	0.1	0	0	0	0	0	0	0	0	0	0	0	0	0	0	0	0	0	0	0	0	0	0	0	0	0	0	0	0	0	0	0	0	0	0	0
"Antidesma_madagascariense"	0	0	0	0	0	0	0	0	0	0	0	0	0	0	0	0	0	0	0	0	0	0	0	0	0	0	0	0	0	0	0	0	0.0333333333333333	0	0	0	0	0	0	0	0	0	0	0	0	0.0333333333333333	0	0	0	0	0	0.0333333333333333	0	0	0	0	0	0
"Euodia_chapelieri"	0	0	0	0	0	0	0	0	0	0	0	0	0	0	0	0	0	0	0.05	0	0.05	0	0	0	0	0	0	0	0	0	0	0	0	0	0	0	0	0	0	0	0	0	0	0	0	0	0	0	0	0	0	0	0	0	0	0	0	0
"Turraea_rigida"	0	0	0	0	0	0	0	0	0	0	0	0	0	0	0	0	0	0	0.05	0	0.05	0	0	0	0	0	0	0	0	0	0	0	0	0	0	0	0	0	0	0	0	0	0	0	0	0	0	0	0	0	0	0	0	0	0	0	0	0
"Warneckea_trinervis"	0	0	0	0	0	0	0	0	0	0	0	0	0	0	0	0	0	0	0	0	0	0	0	0	0	0	0	0	0	0	0	0	0	0	0	0	0.1	0	0	0	0	0	0	0	0	0	0	0	0	0	0	0	0	0	0	0	0	0
"Xylopia_lamarckii"	0	0	0	0	0	0	0	0	0	0	0	0	0	0	0	0	0	0	0.1	0	0	0	0	0	0	0	0	0	0	0	0	0	0	0	0	0	0	0	0	0	0	0	0	0	0	0	0	0	0	0	0	0	0	0	0	0	0	0
"Technomyrmex_albipes"	0.0515463917525773	0.0278350515463918	0	0.00515463917525773	0	0	0	0	0.011340206185567	0.00103092783505155	0	0	0	0	0.00103092783505155	0.00103092783505155	0	0.00103092783505155	0	0	0	0	0	0	0	0	0	0	0	0	0	0	0	0	0	0	0	0	0	0	0	0	0	0	0	0	0	0	0	0	0	0	0	0	0	0	0	0
"Brachymyrmex_sp1_M_PL_068"	0	0	0.1	0	0	0	0	0	0	0	0	0	0	0	0	0	0	0	0	0	0	0	0	0	0	0	0	0	0	0	0	0	0	0	0	0	0	0	0	0	0	0	0	0	0	0	0	0	0	0	0	0	0	0	0	0	0	0
"Apis_mellifera"	0.0206896551724138	0.0137931034482759	0	0	0.00689655172413793	0	0.0310344827586207	0.00344827586206897	0	0.00344827586206897	0	0.0137931034482759	0	0	0.00344827586206897	0.00344827586206897	0	0	0	0	0	0	0	0	0	0	0	0	0	0	0	0	0	0	0	0	0	0	0	0	0	0	0	0	0	0	0	0	0	0	0	0	0	0	0	0	0	0
"Paragus_borbonicus"	0.01	0.01	0	0.01	0.02	0.045	0	0	0	0	0.005	0	0	0	0	0	0	0	0	0	0	0	0	0	0	0	0	0	0	0	0	0	0	0	0	0	0	0	0	0	0	0	0	0	0	0	0	0	0	0	0	0	0	0	0	0	0	0
"Nacoleia_sp1_M_PL_068"	0.00769230769230769	0	0	0	0	0	0.0153846153846154	0.0461538461538462	0	0	0	0	0.0307692307692308	0	0	0	0	0	0	0	0	0	0	0	0	0	0	0	0	0	0	0	0	0	0	0	0	0	0	0	0	0	0	0	0	0	0	0	0	0	0	0	0	0	0	0	0	0
"Stomorhina_lunata"	0	0.04	0	0	0.05	0.01	0	0	0	0	0	0	0	0	0	0	0	0	0	0	0	0	0	0	0	0	0	0	0	0	0	0	0	0	0	0	0	0	0	0	0	0	0	0	0	0	0	0	0	0	0	0	0	0	0	0	0	0
"Chrysomya_megacephala"	0.0125	0.0125	0	0.075	0	0	0	0	0	0	0	0	0	0	0	0	0	0	0	0	0	0	0	0	0	0	0	0	0	0	0	0	0	0	0	0	0	0	0	0	0	0	0	0	0	0	0	0	0	0	0	0	0	0	0	0	0	0
"Chaetocnema_sp1_M_PL_068"	0	0	0	0	0	0	0	0	0	0.05	0.05	0	0	0	0	0	0	0	0	0	0	0	0	0	0	0	0	0	0	0	0	0	0	0	0	0	0	0	0	0	0	0	0	0	0	0	0	0	0	0	0	0	0	0	0	0	0	0
"Episyrphus_sp1_M_PL_068"	0.0166666666666667	0	0	0	0.0833333333333333	0	0	0	0	0	0	0	0	0	0	0	0	0	0	0	0	0	0	0	0	0	0	0	0	0	0	0	0	0	0	0	0	0	0	0	0	0	0	0	0	0	0	0	0	0	0	0	0	0	0	0	0	0
"Graphomya_maculata"	0	0	0	0.0666666666666667	0	0.0333333333333333	0	0	0	0	0	0	0	0	0	0	0	0	0	0	0	0	0	0	0	0	0	0	0	0	0	0	0	0	0	0	0	0	0	0	0	0	0	0	0	0	0	0	0	0	0	0	0	0	0	0	0	0
"Melanostoma_annulipes"	0	0.0666666666666667	0	0	0.0333333333333333	0	0	0	0	0	0	0	0	0	0	0	0	0	0	0	0	0	0	0	0	0	0	0	0	0	0	0	0	0	0	0	0	0	0	0	0	0	0	0	0	0	0	0	0	0	0	0	0	0	0	0	0	0
"Villa_unifasciata"	0.08	0	0	0	0	0	0	0	0	0.02	0	0	0	0	0	0	0	0	0	0	0	0	0	0	0	0	0	0	0	0	0	0	0	0	0	0	0	0	0	0	0	0	0	0	0	0	0	0	0	0	0	0	0	0	0	0	0	0
"Allograpta_nasuta"	0	0	0	0.05	0.05	0	0	0	0	0	0	0	0	0	0	0	0	0	0	0	0	0	0	0	0	0	0	0	0	0	0	0	0	0	0	0	0	0	0	0	0	0	0	0	0	0	0	0	0	0	0	0	0	0	0	0	0	0
"Musca_domestica"	0	0	0	0.1	0	0	0	0	0	0	0	0	0	0	0	0	0	0	0	0	0	0	0	0	0	0	0	0	0	0	0	0	0	0	0	0	0	0	0	0	0	0	0	0	0	0	0	0	0	0	0	0	0	0	0	0	0	0
"Pachycerina_crinicornis"	0	0	0.025	0.05	0	0	0	0	0	0	0	0	0	0.025	0	0	0	0	0	0	0	0	0	0	0	0	0	0	0	0	0	0	0	0	0	0	0	0	0	0	0	0	0	0	0	0	0	0	0	0	0	0	0	0	0	0	0	0
"Ahasverus_advena"	0	0	0	0	0	0	0	0	0	0	0.1	0	0	0	0	0	0	0	0	0	0	0	0	0	0	0	0	0	0	0	0	0	0	0	0	0	0	0	0	0	0	0	0	0	0	0	0	0	0	0	0	0	0	0	0	0	0	0
"Cheloninae_sp1_M_PL_068"	0	0.1	0	0	0	0	0	0	0	0	0	0	0	0	0	0	0	0	0	0	0	0	0	0	0	0	0	0	0	0	0	0	0	0	0	0	0	0	0	0	0	0	0	0	0	0	0	0	0	0	0	0	0	0	0	0	0	0
"Eristalinus_flaveolus"	0	0	0	0.05	0	0.05	0	0	0	0	0	0	0	0	0	0	0	0	0	0	0	0	0	0	0	0	0	0	0	0	0	0	0	0	0	0	0	0	0	0	0	0	0	0	0	0	0	0	0	0	0	0	0	0	0	0	0	0
"Ischiodon_aegyptius"	0	0	0	0	0	0	0	0	0	0	0	0	0	0	0	0	0.1	0	0	0	0	0	0	0	0	0	0	0	0	0	0	0	0	0	0	0	0	0	0	0	0	0	0	0	0	0	0	0	0	0	0	0	0	0	0	0	0	0
"Orthellia_albigena"	0	0	0	0.05	0	0	0	0	0	0.05	0	0	0	0	0	0	0	0	0	0	0	0	0	0	0	0	0	0	0	0	0	0	0	0	0	0	0	0	0	0	0	0	0	0	0	0	0	0	0	0	0	0	0	0	0	0	0	0
"Phorinia_sp1_M_PL_068"	0.05	0	0	0.05	0	0	0	0	0	0	0	0	0	0	0	0	0	0	0	0	0	0	0	0	0	0	0	0	0	0	0	0	0	0	0	0	0	0	0	0	0	0	0	0	0	0	0	0	0	0	0	0	0	0	0	0	0	0
"Siphona_sp1_M_PL_068"	0	0	0	0.1	0	0	0	0	0	0	0	0	0	0	0	0	0	0	0	0	0	0	0	0	0	0	0	0	0	0	0	0	0	0	0	0	0	0	0	0	0	0	0	0	0	0	0	0	0	0	0	0	0	0	0	0	0	0
"Unidentified_sp1_M_PL_068"	0.1	0	0	0	0	0	0	0	0	0	0	0	0	0	0	0	0	0	0	0	0	0	0	0	0	0	0	0	0	0	0	0	0	0	0	0	0	0	0	0	0	0	0	0	0	0	0	0	0	0	0	0	0	0	0	0	0	0
"Cephonodes_trochilus"	0	0	0	0	0	0	0	0.1	0	0	0	0	0	0	0	0	0	0	0	0	0	0	0	0	0	0	0	0	0	0	0	0	0	0	0	0	0	0	0	0	0	0	0	0	0	0	0	0	0	0	0	0	0	0	0	0	0	0
"Cerambycidae_sp1_M_PL_068"	0	0.1	0	0	0	0	0	0	0	0	0	0	0	0	0	0	0	0	0	0	0	0	0	0	0	0	0	0	0	0	0	0	0	0	0	0	0	0	0	0	0	0	0	0	0	0	0	0	0	0	0	0	0	0	0	0	0	0
"Drosophila_sp1_M_PL_068"	0	0.1	0	0	0	0	0	0	0	0	0	0	0	0	0	0	0	0	0	0	0	0	0	0	0	0	0	0	0	0	0	0	0	0	0	0	0	0	0	0	0	0	0	0	0	0	0	0	0	0	0	0	0	0	0	0	0	0
"Henotesia_narcissus"	0	0	0	0	0	0	0	0.1	0	0	0	0	0	0	0	0	0	0	0	0	0	0	0	0	0	0	0	0	0	0	0	0	0	0	0	0	0	0	0	0	0	0	0	0	0	0	0	0	0	0	0	0	0	0	0	0	0	0
"Hyadina_sp1_M_PL_068"	0	0	0	0	0	0	0	0	0	0	0	0	0	0.1	0	0	0	0	0	0	0	0	0	0	0	0	0	0	0	0	0	0	0	0	0	0	0	0	0	0	0	0	0	0	0	0	0	0	0	0	0	0	0	0	0	0	0	0
"Hyperaspis_hottentota"	0	0	0	0.1	0	0	0	0	0	0	0	0	0	0	0	0	0	0	0	0	0	0	0	0	0	0	0	0	0	0	0	0	0	0	0	0	0	0	0	0	0	0	0	0	0	0	0	0	0	0	0	0	0	0	0	0	0	0
"Macroglossum_milvus"	0	0	0	0	0	0	0	0.1	0	0	0	0	0	0	0	0	0	0	0	0	0	0	0	0	0	0	0	0	0	0	0	0	0	0	0	0	0	0	0	0	0	0	0	0	0	0	0	0	0	0	0	0	0	0	0	0	0	0
"Nacoleia_sp2_M_PL_068"	0	0	0	0	0	0.1	0	0	0	0	0	0	0	0	0	0	0	0	0	0	0	0	0	0	0	0	0	0	0	0	0	0	0	0	0	0	0	0	0	0	0	0	0	0	0	0	0	0	0	0	0	0	0	0	0	0	0	0
"Panara_naso"	0	0	0	0	0	0	0	0.1	0	0	0	0	0	0	0	0	0	0	0	0	0	0	0	0	0	0	0	0	0	0	0	0	0	0	0	0	0	0	0	0	0	0	0	0	0	0	0	0	0	0	0	0	0	0	0	0	0	0
"Papillio_manlius"	0	0	0	0	0	0	0	0.1	0	0	0	0	0	0	0	0	0	0	0	0	0	0	0	0	0	0	0	0	0	0	0	0	0	0	0	0	0	0	0	0	0	0	0	0	0	0	0	0	0	0	0	0	0	0	0	0	0	0
"Pelecophora_intemipta"	0	0	0	0	0	0	0	0	0	0	0	0	0	0.1	0	0	0	0	0	0	0	0	0	0	0	0	0	0	0	0	0	0	0	0	0	0	0	0	0	0	0	0	0	0	0	0	0	0	0	0	0	0	0	0	0	0	0	0
"Phelsuma_cepediana"	0	0	0	0	0	0	0.1	0	0	0	0	0	0	0	0	0	0	0	0	0	0	0	0	0	0	0	0	0	0	0	0	0	0	0	0	0	0	0	0	0	0	0	0	0	0	0	0	0	0	0	0	0	0	0	0	0	0	0
"Polistes_hebraeus"	0	0.1	0	0	0	0	0	0	0	0	0	0	0	0	0	0	0	0	0	0	0	0	0	0	0	0	0	0	0	0	0	0	0	0	0	0	0	0	0	0	0	0	0	0	0	0	0	0	0	0	0	0	0	0	0	0	0	0
"Sapromyza_sp1_M_PL_068"	0	0	0	0.1	0	0	0	0	0	0	0	0	0	0	0	0	0	0	0	0	0	0	0	0	0	0	0	0	0	0	0	0	0	0	0	0	0	0	0	0	0	0	0	0	0	0	0	0	0	0	0	0	0	0	0	0	0	0
"Sarcophaga_arno"	0	0	0	0	0	0.1	0	0	0	0	0	0	0	0	0	0	0	0	0	0	0	0	0	0	0	0	0	0	0	0	0	0	0	0	0	0	0	0	0	0	0	0	0	0	0	0	0	0	0	0	0	0	0	0	0	0	0	0
"Scolia_oryctophaga"	0	0.1	0	0	0	0	0	0	0	0	0	0	0	0	0	0	0	0	0	0	0	0	0	0	0	0	0	0	0	0	0	0	0	0	0	0	0	0	0	0	0	0	0	0	0	0	0	0	0	0	0	0	0	0	0	0	0	0
"Zosterops_mauritianus"	0	0	0	0	0	0	0	0	0	0	0	0.1	0	0	0	0	0	0	0	0	0	0	0	0	0	0	0	0	0	0	0	0	0	0	0	0	0	0	0	0	0	0	0	0	0	0	0	0	0	0	0	0	0	0	0	0	0	0
