"Nephrosperma_vanhoutteanum"	"Northea_hornei"	"Dillenia_ferruginea"	"Craterispermum_microdon"	"Erythroxylum_sechellarum"	"Syzygium_wrightii"	"Paragenipa_wrightii"	"Diospyros_seychellarum"	"Memecylon_eleagni"	"Soulamea_terminaloides"	"Excoecaria_benthiamiana"	"Apis_mellifera"	"Lasioglossum_mahense"	"Nectarinia_dussumieri"	"Rhiparida_seychellensis"	"Unidentified_sp1_M_PL_107"	"Hemipyrellia_germana"	"Neophyllomyza_approximatonervis"	"Tricimba_seychellensis"	"Phelsuma_sp1_M_PL_107"	"Unidentified_sp3_M_PL_107"	"Lygistorrhina_sp1_M_PL_107"	"Hemipyrellia_sp1_M_PL_107"	"Mabuya_sechellensis"	"Scaptodrosophila_sp1_M_PL_107"	"Dichaetomyia_fasciculifera"	"Melanostoma_annulipes"	"Unidentified_sp2_M_PL_107"	"Unidentified_sp4_M_PL_107"
"Nephrosperma_vanhoutteanum"	0	0	0	0	0	0	0	0	0	0	0	0.0402777777777778	0.0416666666666667	0	0	0	0.00138888888888889	0.00833333333333333	0.00555555555555556	0	0.00277777777777778	0	0	0	0	0	0	0	0
"Northea_hornei"	0	0	0	0	0	0	0	0	0	0	0	0.0575757575757576	0	0.00909090909090909	0.00303030303030303	0	0.00606060606060606	0	0	0.00606060606060606	0	0	0	0.00606060606060606	0.00606060606060606	0.00303030303030303	0.00303030303030303	0	0
"Dillenia_ferruginea"	0	0	0	0	0	0	0	0	0	0	0	0.044	0.024	0	0.008	0	0.012	0	0	0	0	0	0.008	0	0	0	0	0.004	0
"Craterispermum_microdon"	0	0	0	0	0	0	0	0	0	0	0	0.0714285714285714	0.0238095238095238	0	0	0	0	0	0	0	0	0	0	0	0	0	0	0	0.00476190476190476
"Erythroxylum_sechellarum"	0	0	0	0	0	0	0	0	0	0	0	0.0166666666666667	0.0388888888888889	0	0	0.0444444444444444	0	0	0	0	0	0	0	0	0	0	0	0	0
"Syzygium_wrightii"	0	0	0	0	0	0	0	0	0	0	0	0	0.00555555555555556	0.0722222222222222	0	0	0.00555555555555556	0	0	0.0166666666666667	0	0	0	0	0	0	0	0	0
"Paragenipa_wrightii"	0	0	0	0	0	0	0	0	0	0	0	0.0294117647058824	0.0647058823529412	0	0	0.00588235294117647	0	0	0	0	0	0	0	0	0	0	0	0	0
"Diospyros_seychellarum"	0	0	0	0	0	0	0	0	0	0	0	0.00625	0.04375	0	0.01875	0	0	0	0.00625	0	0.00625	0.01875	0	0	0	0	0	0	0
"Memecylon_eleagni"	0	0	0	0	0	0	0	0	0	0	0	0.0454545454545455	0.0545454545454545	0	0	0	0	0	0	0	0	0	0	0	0	0	0	0	0
"Soulamea_terminaloides"	0	0	0	0	0	0	0	0	0	0	0	0	0	0	0.06	0	0	0	0.02	0	0.02	0	0	0	0	0	0	0	0
"Excoecaria_benthiamiana"	0	0	0	0	0	0	0	0	0	0	0	0.1	0	0	0	0	0	0	0	0	0	0	0	0	0	0	0	0	0
"Apis_mellifera"	0.0315217391304348	0.0206521739130435	0.0119565217391304	0.016304347826087	0.00326086956521739	0	0.00543478260869565	0.00108695652173913	0.00543478260869565	0	0.00434782608695652	0	0	0	0	0	0	0	0	0	0	0	0	0	0	0	0	0	0
"Lasioglossum_mahense"	0.0410958904109589	0	0.00821917808219178	0.00684931506849315	0.00958904109589041	0.00136986301369863	0.0150684931506849	0.00958904109589041	0.00821917808219178	0	0	0	0	0	0	0	0	0	0	0	0	0	0	0	0	0	0	0	0
"Nectarinia_dussumieri"	0	0.01875	0	0	0	0.08125	0	0	0	0	0	0	0	0	0	0	0	0	0	0	0	0	0	0	0	0	0	0	0
"Rhiparida_seychellensis"	0	0.0111111111111111	0.0222222222222222	0	0	0	0	0.0333333333333333	0	0.0333333333333333	0	0	0	0	0	0	0	0	0	0	0	0	0	0	0	0	0	0	0
"Unidentified_sp1_M_PL_107"	0	0	0	0	0.0888888888888889	0	0.0111111111111111	0	0	0	0	0	0	0	0	0	0	0	0	0	0	0	0	0	0	0	0	0	0
"Hemipyrellia_germana"	0.0142857142857143	0.0285714285714286	0.0428571428571429	0	0	0.0142857142857143	0	0	0	0	0	0	0	0	0	0	0	0	0	0	0	0	0	0	0	0	0	0	0
"Neophyllomyza_approximatonervis"	0.1	0	0	0	0	0	0	0	0	0	0	0	0	0	0	0	0	0	0	0	0	0	0	0	0	0	0	0	0
"Tricimba_seychellensis"	0.0666666666666667	0	0	0	0	0	0	0.0166666666666667	0	0.0166666666666667	0	0	0	0	0	0	0	0	0	0	0	0	0	0	0	0	0	0	0
"Phelsuma_sp1_M_PL_107"	0	0.04	0	0	0	0.06	0	0	0	0	0	0	0	0	0	0	0	0	0	0	0	0	0	0	0	0	0	0	0
"Unidentified_sp3_M_PL_107"	0.05	0	0	0	0	0	0	0.025	0	0.025	0	0	0	0	0	0	0	0	0	0	0	0	0	0	0	0	0	0	0
"Lygistorrhina_sp1_M_PL_107"	0	0	0	0	0	0	0	0.1	0	0	0	0	0	0	0	0	0	0	0	0	0	0	0	0	0	0	0	0	0
"Hemipyrellia_sp1_M_PL_107"	0	0	0.1	0	0	0	0	0	0	0	0	0	0	0	0	0	0	0	0	0	0	0	0	0	0	0	0	0	0
"Mabuya_sechellensis"	0	0.1	0	0	0	0	0	0	0	0	0	0	0	0	0	0	0	0	0	0	0	0	0	0	0	0	0	0	0
"Scaptodrosophila_sp1_M_PL_107"	0	0.1	0	0	0	0	0	0	0	0	0	0	0	0	0	0	0	0	0	0	0	0	0	0	0	0	0	0	0
"Dichaetomyia_fasciculifera"	0	0.1	0	0	0	0	0	0	0	0	0	0	0	0	0	0	0	0	0	0	0	0	0	0	0	0	0	0	0
"Melanostoma_annulipes"	0	0.1	0	0	0	0	0	0	0	0	0	0	0	0	0	0	0	0	0	0	0	0	0	0	0	0	0	0	0
"Unidentified_sp2_M_PL_107"	0	0	0.1	0	0	0	0	0	0	0	0	0	0	0	0	0	0	0	0	0	0	0	0	0	0	0	0	0	0
"Unidentified_sp4_M_PL_107"	0	0	0	0.1	0	0	0	0	0	0	0	0	0	0	0	0	0	0	0	0	0	0	0	0	0	0	0	0	0
