"Dracaena_reflexa"	"Stillingia_lineata"	"Myonima_violacea"	"Psiadia_terebinthina"	"Bertiera_zaluzania"	"Erythroxylum_macrocarpum"	"Homalanthus_populifolius"	"Croton_fothergillifolius"	"Molinaea_alternifolia"	"Olea_lancea"	"Psidium_cattleianum"	"Faujasiopsis_flexuosa"	"Claoxylon_linostachys"	"Aphloia_theiformis"	"Flagellaria_indica"	"Chassalia_coriacea"	"Antirhea_borbonica"	"Chaetocnema_sp1_M_PL_075"	"Stomorhina_lunata"	"Apis_mellifera"	"Technomyrmex_albipes"	"Dysauxes_florida"	"Allograpta_nasuta"	"Ophyra_capensis"	"Dioxyna_sororcula"	"Pachycerina_crinicornis"	"Ischiodon_aegyptius"	"Nacoleia_sp1_M_PL_075"	"Brachymyrmex_sp1_M_PL_075"	"Lygistorrhina_sp1_M_PL_075"	"Musca_domestica"	"Polistes_hebraeus"	"Melanostoma_bituberculatum"	"Panara_naso"	"Paragus_borbonicus"	"Chrysomya_megacephala"	"Fannia_pusio"	"Melanostoma_annulipes"	"Cerambycidae_sp1_M_PL_075"	"Episyrphus_sp1_M_PL_075"	"Eristalinus_flaveolus"	"Ornidia_obesa"	"Stomoxys_calcitrans"	"Agathidinae_sp1_M_PL_075"	"Cerambycidae_sp2_M_PL_075"	"Eumolpinae_sp1_M_PL_075"	"Eumolpinae_sp2_M_PL_075"	"Gelechioidea_sp1_M_PL_075"	"Henotesia_narcissus"	"Leptotes_pirithous"	"Mauritiborium_undulatus"	"Nacoleia_sp2_M_PL_075"	"Phorinia_sp1_M_PL_075"	"Stomoxys_niger"	"Syritta_sp1_M_PL_075"	"Villa_unifasciata"
"Dracaena_reflexa"	0	0	0	0	0	0	0	0	0	0	0	0	0	0	0	0	0	0	0.008	0.032	0	0.006	0.012	0	0	0.004	0.012	0.008	0	0	0	0	0	0	0	0.006	0	0.002	0	0.002	0.004	0	0	0	0	0	0	0	0.002	0	0	0	0	0.002	0	0
"Stillingia_lineata"	0	0	0	0	0	0	0	0	0	0	0	0	0	0	0	0	0	0.0361702127659575	0.00425531914893617	0	0.00851063829787234	0	0.0106382978723404	0.0212765957446809	0	0.00638297872340425	0	0	0	0	0.00212765957446809	0	0.00212765957446809	0	0	0	0.00425531914893617	0	0.00212765957446809	0	0	0	0	0	0	0	0	0	0	0	0	0	0	0	0.00212765957446809	0
"Myonima_violacea"	0	0	0	0	0	0	0	0	0	0	0	0	0	0	0	0	0	0	0	0.0121951219512195	0.0317073170731707	0.0292682926829268	0.0024390243902439	0	0	0	0	0	0.0121951219512195	0.0024390243902439	0	0.0024390243902439	0	0	0	0	0	0	0	0	0	0	0.00487804878048781	0	0	0	0	0	0	0.0024390243902439	0	0	0	0	0	0
"Psiadia_terebinthina"	0	0	0	0	0	0	0	0	0	0	0	0	0	0	0	0	0	0.0114285714285714	0.0314285714285714	0	0	0.02	0	0	0.0285714285714286	0.00285714285714286	0	0	0	0	0	0	0	0	0	0	0	0	0.00285714285714286	0	0	0.00285714285714286	0	0	0	0	0	0	0	0	0	0	0	0	0	0
"Bertiera_zaluzania"	0	0	0	0	0	0	0	0	0	0	0	0	0	0	0	0	0	0	0.00294117647058824	0.0470588235294118	0.0352941176470588	0.00294117647058824	0.00588235294117647	0	0	0.00294117647058824	0.00294117647058824	0	0	0	0	0	0	0	0	0	0	0	0	0	0	0	0	0	0	0	0	0	0	0	0	0	0	0	0	0
"Erythroxylum_macrocarpum"	0	0	0	0	0	0	0	0	0	0	0	0	0	0	0	0	0	0.0310344827586207	0.0206896551724138	0	0	0.00344827586206897	0.0103448275862069	0	0	0.00344827586206897	0.00344827586206897	0	0	0	0	0	0	0.00344827586206897	0	0	0	0	0	0.00344827586206897	0	0.00344827586206897	0	0	0	0	0.00344827586206897	0.00344827586206897	0	0	0.00344827586206897	0	0.00344827586206897	0	0	0.00344827586206897
"Homalanthus_populifolius"	0	0	0	0	0	0	0	0	0	0	0	0	0	0	0	0	0	0.0615384615384615	0.00769230769230769	0	0	0	0.00384615384615385	0	0.00384615384615385	0.00384615384615385	0	0	0	0	0.00769230769230769	0	0	0	0	0	0.00384615384615385	0.00769230769230769	0	0	0	0	0	0	0	0	0	0	0	0	0	0	0	0	0	0
"Croton_fothergillifolius"	0	0	0	0	0	0	0	0	0	0	0	0	0	0	0	0	0	0.04	0.008	0	0.004	0.004	0	0	0.008	0.016	0	0.008	0	0	0	0	0	0	0	0	0	0	0	0	0	0	0	0	0.004	0.004	0	0	0	0	0	0.004	0	0	0	0
"Molinaea_alternifolia"	0	0	0	0	0	0	0	0	0	0	0	0	0	0	0	0	0	0.008	0.024	0.012	0.004	0	0.004	0.024	0	0	0.004	0	0	0	0.008	0.008	0	0	0	0	0	0	0	0	0	0	0	0.004	0	0	0	0	0	0	0	0	0	0	0	0
"Olea_lancea"	0	0	0	0	0	0	0	0	0	0	0	0	0	0	0	0	0	0.0842105263157895	0.00526315789473684	0.00526315789473684	0	0	0.00526315789473684	0	0	0	0	0	0	0	0	0	0	0	0	0	0	0	0	0	0	0	0	0	0	0	0	0	0	0	0	0	0	0	0	0
"Psidium_cattleianum"	0	0	0	0	0	0	0	0	0	0	0	0	0	0	0	0	0	0.0666666666666667	0.00833333333333333	0	0	0	0.00833333333333333	0	0.00833333333333333	0	0	0	0	0	0	0.00833333333333333	0	0	0	0	0	0	0	0	0	0	0	0	0	0	0	0	0	0	0	0	0	0	0	0
"Faujasiopsis_flexuosa"	0	0	0	0	0	0	0	0	0	0	0	0	0	0	0	0	0	0.00909090909090909	0.0909090909090909	0	0	0	0	0	0	0	0	0	0	0	0	0	0	0	0	0	0	0	0	0	0	0	0	0	0	0	0	0	0	0	0	0	0	0	0	0
"Claoxylon_linostachys"	0	0	0	0	0	0	0	0	0	0	0	0	0	0	0	0	0	0	0	0	0	0	0	0	0.0111111111111111	0	0	0	0	0.0444444444444444	0	0	0	0	0.0444444444444444	0	0	0	0	0	0	0	0	0	0	0	0	0	0	0	0	0	0	0	0	0
"Aphloia_theiformis"	0	0	0	0	0	0	0	0	0	0	0	0	0	0	0	0	0	0	0.0428571428571429	0	0	0	0	0.0142857142857143	0	0	0	0	0	0	0	0.0142857142857143	0.0285714285714286	0	0	0	0	0	0	0	0	0	0	0	0	0	0	0	0	0	0	0	0	0	0	0
"Flagellaria_indica"	0	0	0	0	0	0	0	0	0	0	0	0	0	0	0	0	0	0.0857142857142857	0	0	0	0	0	0	0	0	0	0	0	0	0	0	0.0142857142857143	0	0	0	0	0	0	0	0	0	0	0	0	0	0	0	0	0	0	0	0	0	0	0
"Chassalia_coriacea"	0	0	0	0	0	0	0	0	0	0	0	0	0	0	0	0	0	0	0	0	0	0	0.0333333333333333	0	0	0.0166666666666667	0	0	0	0	0	0	0	0.05	0	0	0	0	0	0	0	0	0	0	0	0	0	0	0	0	0	0	0	0	0	0
"Antirhea_borbonica"	0	0	0	0	0	0	0	0	0	0	0	0	0	0	0	0	0	0.04	0	0	0	0	0	0	0	0	0	0.06	0	0	0	0	0	0	0	0	0	0	0	0	0	0	0	0	0	0	0	0	0	0	0	0	0	0	0	0
"Chaetocnema_sp1_M_PL_075"	0	0.0186813186813187	0	0.0043956043956044	0	0.00989010989010989	0.0175824175824176	0.010989010989011	0.0021978021978022	0.0175824175824176	0.00879120879120879	0.0010989010989011	0	0	0.00659340659340659	0	0.0021978021978022	0	0	0	0	0	0	0	0	0	0	0	0	0	0	0	0	0	0	0	0	0	0	0	0	0	0	0	0	0	0	0	0	0	0	0	0	0	0	0
"Stomorhina_lunata"	0.00816326530612245	0.00408163265306122	0	0.0224489795918367	0.00204081632653061	0.0122448979591837	0.00408163265306122	0.00408163265306122	0.0122448979591837	0.00204081632653061	0.00204081632653061	0.0204081632653061	0	0.00612244897959184	0	0	0	0	0	0	0	0	0	0	0	0	0	0	0	0	0	0	0	0	0	0	0	0	0	0	0	0	0	0	0	0	0	0	0	0	0	0	0	0	0	0
"Apis_mellifera"	0.0390243902439024	0	0.0121951219512195	0	0.0390243902439024	0	0	0	0.00731707317073171	0.0024390243902439	0	0	0	0	0	0	0	0	0	0	0	0	0	0	0	0	0	0	0	0	0	0	0	0	0	0	0	0	0	0	0	0	0	0	0	0	0	0	0	0	0	0	0	0	0	0
"Technomyrmex_albipes"	0	0.0129032258064516	0.0419354838709677	0	0.0387096774193548	0	0	0.0032258064516129	0.0032258064516129	0	0	0	0	0	0	0	0	0	0	0	0	0	0	0	0	0	0	0	0	0	0	0	0	0	0	0	0	0	0	0	0	0	0	0	0	0	0	0	0	0	0	0	0	0	0	0
"Dysauxes_florida"	0.012	0	0.048	0.028	0.004	0.004	0	0.004	0	0	0	0	0	0	0	0	0	0	0	0	0	0	0	0	0	0	0	0	0	0	0	0	0	0	0	0	0	0	0	0	0	0	0	0	0	0	0	0	0	0	0	0	0	0	0	0
"Allograpta_nasuta"	0.0260869565217391	0.0217391304347826	0.00434782608695652	0	0.00869565217391304	0.0130434782608696	0.00434782608695652	0	0.00434782608695652	0.00434782608695652	0.00434782608695652	0	0	0	0	0.00869565217391304	0	0	0	0	0	0	0	0	0	0	0	0	0	0	0	0	0	0	0	0	0	0	0	0	0	0	0	0	0	0	0	0	0	0	0	0	0	0	0	0
"Ophyra_capensis"	0	0.0588235294117647	0	0	0	0	0	0	0.0352941176470588	0	0	0	0	0.00588235294117647	0	0	0	0	0	0	0	0	0	0	0	0	0	0	0	0	0	0	0	0	0	0	0	0	0	0	0	0	0	0	0	0	0	0	0	0	0	0	0	0	0	0
"Dioxyna_sororcula"	0	0	0	0.0666666666666667	0	0	0.00666666666666667	0.0133333333333333	0	0	0.00666666666666667	0	0.00666666666666667	0	0	0	0	0	0	0	0	0	0	0	0	0	0	0	0	0	0	0	0	0	0	0	0	0	0	0	0	0	0	0	0	0	0	0	0	0	0	0	0	0	0	0
"Pachycerina_crinicornis"	0.0142857142857143	0.0214285714285714	0	0.00714285714285714	0.00714285714285714	0.00714285714285714	0.00714285714285714	0.0285714285714286	0	0	0	0	0	0	0	0.00714285714285714	0	0	0	0	0	0	0	0	0	0	0	0	0	0	0	0	0	0	0	0	0	0	0	0	0	0	0	0	0	0	0	0	0	0	0	0	0	0	0	0
"Ischiodon_aegyptius"	0.0666666666666667	0	0	0	0.0111111111111111	0.0111111111111111	0	0	0.0111111111111111	0	0	0	0	0	0	0	0	0	0	0	0	0	0	0	0	0	0	0	0	0	0	0	0	0	0	0	0	0	0	0	0	0	0	0	0	0	0	0	0	0	0	0	0	0	0	0
"Nacoleia_sp1_M_PL_075"	0.0444444444444444	0	0	0	0	0	0	0.0222222222222222	0	0	0	0	0	0	0	0	0.0333333333333333	0	0	0	0	0	0	0	0	0	0	0	0	0	0	0	0	0	0	0	0	0	0	0	0	0	0	0	0	0	0	0	0	0	0	0	0	0	0	0
"Brachymyrmex_sp1_M_PL_075"	0	0	0.1	0	0	0	0	0	0	0	0	0	0	0	0	0	0	0	0	0	0	0	0	0	0	0	0	0	0	0	0	0	0	0	0	0	0	0	0	0	0	0	0	0	0	0	0	0	0	0	0	0	0	0	0	0
"Lygistorrhina_sp1_M_PL_075"	0	0	0.02	0	0	0	0	0	0	0	0	0	0.08	0	0	0	0	0	0	0	0	0	0	0	0	0	0	0	0	0	0	0	0	0	0	0	0	0	0	0	0	0	0	0	0	0	0	0	0	0	0	0	0	0	0	0
"Musca_domestica"	0	0.02	0	0	0	0	0.04	0	0.04	0	0	0	0	0	0	0	0	0	0	0	0	0	0	0	0	0	0	0	0	0	0	0	0	0	0	0	0	0	0	0	0	0	0	0	0	0	0	0	0	0	0	0	0	0	0	0
"Polistes_hebraeus"	0	0	0.02	0	0	0	0	0	0.04	0	0.02	0	0	0.02	0	0	0	0	0	0	0	0	0	0	0	0	0	0	0	0	0	0	0	0	0	0	0	0	0	0	0	0	0	0	0	0	0	0	0	0	0	0	0	0	0	0
"Melanostoma_bituberculatum"	0	0.025	0	0	0	0	0	0	0	0	0	0	0	0.05	0.025	0	0	0	0	0	0	0	0	0	0	0	0	0	0	0	0	0	0	0	0	0	0	0	0	0	0	0	0	0	0	0	0	0	0	0	0	0	0	0	0	0
"Panara_naso"	0	0	0	0	0	0.025	0	0	0	0	0	0	0	0	0	0.075	0	0	0	0	0	0	0	0	0	0	0	0	0	0	0	0	0	0	0	0	0	0	0	0	0	0	0	0	0	0	0	0	0	0	0	0	0	0	0	0
"Paragus_borbonicus"	0	0	0	0	0	0	0	0	0	0	0	0	0.1	0	0	0	0	0	0	0	0	0	0	0	0	0	0	0	0	0	0	0	0	0	0	0	0	0	0	0	0	0	0	0	0	0	0	0	0	0	0	0	0	0	0	0
"Chrysomya_megacephala"	0.1	0	0	0	0	0	0	0	0	0	0	0	0	0	0	0	0	0	0	0	0	0	0	0	0	0	0	0	0	0	0	0	0	0	0	0	0	0	0	0	0	0	0	0	0	0	0	0	0	0	0	0	0	0	0	0
"Fannia_pusio"	0	0.0666666666666667	0	0	0	0	0.0333333333333333	0	0	0	0	0	0	0	0	0	0	0	0	0	0	0	0	0	0	0	0	0	0	0	0	0	0	0	0	0	0	0	0	0	0	0	0	0	0	0	0	0	0	0	0	0	0	0	0	0
"Melanostoma_annulipes"	0.0333333333333333	0	0	0	0	0	0.0666666666666667	0	0	0	0	0	0	0	0	0	0	0	0	0	0	0	0	0	0	0	0	0	0	0	0	0	0	0	0	0	0	0	0	0	0	0	0	0	0	0	0	0	0	0	0	0	0	0	0	0
"Cerambycidae_sp1_M_PL_075"	0	0.05	0	0.05	0	0	0	0	0	0	0	0	0	0	0	0	0	0	0	0	0	0	0	0	0	0	0	0	0	0	0	0	0	0	0	0	0	0	0	0	0	0	0	0	0	0	0	0	0	0	0	0	0	0	0	0
"Episyrphus_sp1_M_PL_075"	0.05	0	0	0	0	0.05	0	0	0	0	0	0	0	0	0	0	0	0	0	0	0	0	0	0	0	0	0	0	0	0	0	0	0	0	0	0	0	0	0	0	0	0	0	0	0	0	0	0	0	0	0	0	0	0	0	0
"Eristalinus_flaveolus"	0.1	0	0	0	0	0	0	0	0	0	0	0	0	0	0	0	0	0	0	0	0	0	0	0	0	0	0	0	0	0	0	0	0	0	0	0	0	0	0	0	0	0	0	0	0	0	0	0	0	0	0	0	0	0	0	0
"Ornidia_obesa"	0	0	0	0.05	0	0.05	0	0	0	0	0	0	0	0	0	0	0	0	0	0	0	0	0	0	0	0	0	0	0	0	0	0	0	0	0	0	0	0	0	0	0	0	0	0	0	0	0	0	0	0	0	0	0	0	0	0
"Stomoxys_calcitrans"	0	0	0.1	0	0	0	0	0	0	0	0	0	0	0	0	0	0	0	0	0	0	0	0	0	0	0	0	0	0	0	0	0	0	0	0	0	0	0	0	0	0	0	0	0	0	0	0	0	0	0	0	0	0	0	0	0
"Agathidinae_sp1_M_PL_075"	0	0	0	0	0	0	0	0	0.1	0	0	0	0	0	0	0	0	0	0	0	0	0	0	0	0	0	0	0	0	0	0	0	0	0	0	0	0	0	0	0	0	0	0	0	0	0	0	0	0	0	0	0	0	0	0	0
"Cerambycidae_sp2_M_PL_075"	0	0	0	0	0	0	0	0.1	0	0	0	0	0	0	0	0	0	0	0	0	0	0	0	0	0	0	0	0	0	0	0	0	0	0	0	0	0	0	0	0	0	0	0	0	0	0	0	0	0	0	0	0	0	0	0	0
"Eumolpinae_sp1_M_PL_075"	0	0	0	0	0	0	0	0.1	0	0	0	0	0	0	0	0	0	0	0	0	0	0	0	0	0	0	0	0	0	0	0	0	0	0	0	0	0	0	0	0	0	0	0	0	0	0	0	0	0	0	0	0	0	0	0	0
"Eumolpinae_sp2_M_PL_075"	0	0	0	0	0	0.1	0	0	0	0	0	0	0	0	0	0	0	0	0	0	0	0	0	0	0	0	0	0	0	0	0	0	0	0	0	0	0	0	0	0	0	0	0	0	0	0	0	0	0	0	0	0	0	0	0	0
"Gelechioidea_sp1_M_PL_075"	0	0	0	0	0	0.1	0	0	0	0	0	0	0	0	0	0	0	0	0	0	0	0	0	0	0	0	0	0	0	0	0	0	0	0	0	0	0	0	0	0	0	0	0	0	0	0	0	0	0	0	0	0	0	0	0	0
"Henotesia_narcissus"	0.1	0	0	0	0	0	0	0	0	0	0	0	0	0	0	0	0	0	0	0	0	0	0	0	0	0	0	0	0	0	0	0	0	0	0	0	0	0	0	0	0	0	0	0	0	0	0	0	0	0	0	0	0	0	0	0
"Leptotes_pirithous"	0	0	0.1	0	0	0	0	0	0	0	0	0	0	0	0	0	0	0	0	0	0	0	0	0	0	0	0	0	0	0	0	0	0	0	0	0	0	0	0	0	0	0	0	0	0	0	0	0	0	0	0	0	0	0	0	0
"Mauritiborium_undulatus"	0	0	0	0	0	0.1	0	0	0	0	0	0	0	0	0	0	0	0	0	0	0	0	0	0	0	0	0	0	0	0	0	0	0	0	0	0	0	0	0	0	0	0	0	0	0	0	0	0	0	0	0	0	0	0	0	0
"Nacoleia_sp2_M_PL_075"	0	0	0	0	0	0	0	0.1	0	0	0	0	0	0	0	0	0	0	0	0	0	0	0	0	0	0	0	0	0	0	0	0	0	0	0	0	0	0	0	0	0	0	0	0	0	0	0	0	0	0	0	0	0	0	0	0
"Phorinia_sp1_M_PL_075"	0	0	0	0	0	0.1	0	0	0	0	0	0	0	0	0	0	0	0	0	0	0	0	0	0	0	0	0	0	0	0	0	0	0	0	0	0	0	0	0	0	0	0	0	0	0	0	0	0	0	0	0	0	0	0	0	0
"Stomoxys_niger"	0.1	0	0	0	0	0	0	0	0	0	0	0	0	0	0	0	0	0	0	0	0	0	0	0	0	0	0	0	0	0	0	0	0	0	0	0	0	0	0	0	0	0	0	0	0	0	0	0	0	0	0	0	0	0	0	0
"Syritta_sp1_M_PL_075"	0	0.1	0	0	0	0	0	0	0	0	0	0	0	0	0	0	0	0	0	0	0	0	0	0	0	0	0	0	0	0	0	0	0	0	0	0	0	0	0	0	0	0	0	0	0	0	0	0	0	0	0	0	0	0	0	0
"Villa_unifasciata"	0	0	0	0	0	0.1	0	0	0	0	0	0	0	0	0	0	0	0	0	0	0	0	0	0	0	0	0	0	0	0	0	0	0	0	0	0	0	0	0	0	0	0	0	0	0	0	0	0	0	0	0	0	0	0	0	0
