"Syzygium_glomeratum"	"Stillingia_lineata"	"Badula_insularis"	"Aphloia_theiformis"	"Syzygium_petrinese"	"Diospyros_revaughanii"	"Pleurostylia_leucocarpa"	"Calophyllum_eputamen"	"Pandanus_rigidifolius"	"Turraea_rigida"	"Xyris_sp1_M_PL_071"	"Apis_mellifera"	"Stomorhina_lunata"	"Musca_domestica"	"Chrysomya_megacephala"	"Ophyra_capensis"	"Paragus_borbonicus"	"Eristalinus_flaveolus"	"Ornidia_obesa"	"Phelsuma_cepediana"	"Polistes_hebraeus"	"Phorinia_sp1_M_PL_071"	"Trirhithrum_sp1_M_PL_071"	"Sepsis_lateralis"	"Episyrphus_sp1_M_PL_071"	"Graphomya_maculata"	"Lygistorrhina_sp1_M_PL_071"	"Syritta_sp1_M_PL_071"	"Lecithoceridae_sp1_M_PL_071"	"Nacoleia_sp1_M_PL_071"	"Pachycerina_crinicornis"	"Paleorhiza_sp1_M_PL_071"	"Scolia_carniflex"	"Simulium_sp1_M_PL_071"	"Simulium_sp2_M_PL_071"	"Zizeeria_knysa"	"Zosterops_mauritianus"
"Syzygium_glomeratum"	0	0	0	0	0	0	0	0	0	0	0	0	0.0133333333333333	0.02	0.0233333333333333	0	0.00333333333333333	0.01	0	0	0	0.0166666666666667	0	0	0.01	0	0	0	0.00333333333333333	0	0	0	0	0	0	0	0
"Stillingia_lineata"	0	0	0	0	0	0	0	0	0	0	0	0	0	0.02	0.016	0.016	0	0	0	0	0	0	0.012	0.016	0	0.012	0	0	0	0	0.004	0	0	0	0.004	0	0
"Badula_insularis"	0	0	0	0	0	0	0	0	0	0	0	0.00476190476190476	0.0428571428571429	0.00476190476190476	0.00476190476190476	0	0	0.00476190476190476	0.0238095238095238	0	0	0.00476190476190476	0.00476190476190476	0	0	0	0	0	0	0	0	0	0	0	0	0.00476190476190476	0
"Aphloia_theiformis"	0	0	0	0	0	0	0	0	0	0	0	0.0166666666666667	0.0277777777777778	0.0111111111111111	0.00555555555555556	0.0111111111111111	0.00555555555555556	0.0111111111111111	0.00555555555555556	0	0	0	0	0	0	0	0	0	0	0	0	0	0.00555555555555556	0	0	0	0
"Syzygium_petrinese"	0	0	0	0	0	0	0	0	0	0	0	0.0294117647058824	0	0	0	0	0	0	0	0.0294117647058824	0.0352941176470588	0	0	0	0	0	0	0	0	0	0	0.00588235294117647	0	0	0	0	0
"Diospyros_revaughanii"	0	0	0	0	0	0	0	0	0	0	0	0.08125	0.00625	0	0	0	0	0	0.00625	0	0	0	0	0	0	0	0	0	0	0.00625	0	0	0	0	0	0	0
"Pleurostylia_leucocarpa"	0	0	0	0	0	0	0	0	0	0	0	0	0.00625	0.01875	0	0.00625	0.03125	0	0	0	0	0	0.00625	0	0	0	0.0125	0.0125	0	0	0	0	0	0.00625	0	0	0
"Calophyllum_eputamen"	0	0	0	0	0	0	0	0	0	0	0	0.0375	0.025	0	0	0.0125	0	0.0125	0	0	0.0125	0	0	0	0	0	0	0	0	0	0	0	0	0	0	0	0
"Pandanus_rigidifolius"	0	0	0	0	0	0	0	0	0	0	0	0.0333333333333333	0.0333333333333333	0	0	0	0	0	0	0.0333333333333333	0	0	0	0	0	0	0	0	0	0	0	0	0	0	0	0	0
"Turraea_rigida"	0	0	0	0	0	0	0	0	0	0	0	0	0	0	0	0	0	0	0	0	0	0	0	0	0	0	0	0	0	0	0	0	0	0	0	0	0.1
"Xyris_sp1_M_PL_071"	0	0	0	0	0	0	0	0	0	0	0	0	0	0	0	0	0.1	0	0	0	0	0	0	0	0	0	0	0	0	0	0	0	0	0	0	0	0
"Apis_mellifera"	0	0	0.0037037037037037	0.0111111111111111	0.0185185185185185	0.0481481481481481	0	0.0111111111111111	0.00740740740740741	0	0	0	0	0	0	0	0	0	0	0	0	0	0	0	0	0	0	0	0	0	0	0	0	0	0	0	0
"Stomorhina_lunata"	0.0166666666666667	0	0.0375	0.0208333333333333	0	0.00416666666666667	0.00416666666666667	0.00833333333333333	0.00833333333333333	0	0	0	0	0	0	0	0	0	0	0	0	0	0	0	0	0	0	0	0	0	0	0	0	0	0	0	0
"Musca_domestica"	0.0352941176470588	0.0294117647058824	0.00588235294117647	0.0117647058823529	0	0	0.0176470588235294	0	0	0	0	0	0	0	0	0	0	0	0	0	0	0	0	0	0	0	0	0	0	0	0	0	0	0	0	0	0
"Chrysomya_megacephala"	0.0538461538461538	0.0307692307692308	0.00769230769230769	0.00769230769230769	0	0	0	0	0	0	0	0	0	0	0	0	0	0	0	0	0	0	0	0	0	0	0	0	0	0	0	0	0	0	0	0	0
"Ophyra_capensis"	0	0.05	0	0.025	0	0	0.0125	0.0125	0	0	0	0	0	0	0	0	0	0	0	0	0	0	0	0	0	0	0	0	0	0	0	0	0	0	0	0	0
"Paragus_borbonicus"	0.0125	0	0	0.0125	0	0	0.0625	0	0	0	0.0125	0	0	0	0	0	0	0	0	0	0	0	0	0	0	0	0	0	0	0	0	0	0	0	0	0	0
"Eristalinus_flaveolus"	0.0428571428571429	0	0.0142857142857143	0.0285714285714286	0	0	0	0.0142857142857143	0	0	0	0	0	0	0	0	0	0	0	0	0	0	0	0	0	0	0	0	0	0	0	0	0	0	0	0	0
"Ornidia_obesa"	0	0	0.0714285714285714	0.0142857142857143	0	0.0142857142857143	0	0	0	0	0	0	0	0	0	0	0	0	0	0	0	0	0	0	0	0	0	0	0	0	0	0	0	0	0	0	0
"Phelsuma_cepediana"	0	0	0	0	0.0714285714285714	0	0	0	0.0285714285714286	0	0	0	0	0	0	0	0	0	0	0	0	0	0	0	0	0	0	0	0	0	0	0	0	0	0	0	0
"Polistes_hebraeus"	0	0	0	0	0.0857142857142857	0	0	0.0142857142857143	0	0	0	0	0	0	0	0	0	0	0	0	0	0	0	0	0	0	0	0	0	0	0	0	0	0	0	0	0
"Phorinia_sp1_M_PL_071"	0.0833333333333333	0	0.0166666666666667	0	0	0	0	0	0	0	0	0	0	0	0	0	0	0	0	0	0	0	0	0	0	0	0	0	0	0	0	0	0	0	0	0	0
"Trirhithrum_sp1_M_PL_071"	0	0.06	0.02	0	0	0	0.02	0	0	0	0	0	0	0	0	0	0	0	0	0	0	0	0	0	0	0	0	0	0	0	0	0	0	0	0	0	0
"Sepsis_lateralis"	0	0.1	0	0	0	0	0	0	0	0	0	0	0	0	0	0	0	0	0	0	0	0	0	0	0	0	0	0	0	0	0	0	0	0	0	0	0
"Episyrphus_sp1_M_PL_071"	0.1	0	0	0	0	0	0	0	0	0	0	0	0	0	0	0	0	0	0	0	0	0	0	0	0	0	0	0	0	0	0	0	0	0	0	0	0
"Graphomya_maculata"	0	0.1	0	0	0	0	0	0	0	0	0	0	0	0	0	0	0	0	0	0	0	0	0	0	0	0	0	0	0	0	0	0	0	0	0	0	0
"Lygistorrhina_sp1_M_PL_071"	0	0	0	0	0	0	0.1	0	0	0	0	0	0	0	0	0	0	0	0	0	0	0	0	0	0	0	0	0	0	0	0	0	0	0	0	0	0
"Syritta_sp1_M_PL_071"	0	0	0	0	0	0	0.1	0	0	0	0	0	0	0	0	0	0	0	0	0	0	0	0	0	0	0	0	0	0	0	0	0	0	0	0	0	0
"Lecithoceridae_sp1_M_PL_071"	0.1	0	0	0	0	0	0	0	0	0	0	0	0	0	0	0	0	0	0	0	0	0	0	0	0	0	0	0	0	0	0	0	0	0	0	0	0
"Nacoleia_sp1_M_PL_071"	0	0	0	0	0	0.1	0	0	0	0	0	0	0	0	0	0	0	0	0	0	0	0	0	0	0	0	0	0	0	0	0	0	0	0	0	0	0
"Pachycerina_crinicornis"	0	0.1	0	0	0	0	0	0	0	0	0	0	0	0	0	0	0	0	0	0	0	0	0	0	0	0	0	0	0	0	0	0	0	0	0	0	0
"Paleorhiza_sp1_M_PL_071"	0	0	0	0	0.1	0	0	0	0	0	0	0	0	0	0	0	0	0	0	0	0	0	0	0	0	0	0	0	0	0	0	0	0	0	0	0	0
"Scolia_carniflex"	0	0	0	0.1	0	0	0	0	0	0	0	0	0	0	0	0	0	0	0	0	0	0	0	0	0	0	0	0	0	0	0	0	0	0	0	0	0
"Simulium_sp1_M_PL_071"	0	0	0	0	0	0	0.1	0	0	0	0	0	0	0	0	0	0	0	0	0	0	0	0	0	0	0	0	0	0	0	0	0	0	0	0	0	0
"Simulium_sp2_M_PL_071"	0	0.1	0	0	0	0	0	0	0	0	0	0	0	0	0	0	0	0	0	0	0	0	0	0	0	0	0	0	0	0	0	0	0	0	0	0	0
"Zizeeria_knysa"	0	0	0.1	0	0	0	0	0	0	0	0	0	0	0	0	0	0	0	0	0	0	0	0	0	0	0	0	0	0	0	0	0	0	0	0	0	0
"Zosterops_mauritianus"	0	0	0	0	0	0	0	0	0	0.1	0	0	0	0	0	0	0	0	0	0	0	0	0	0	0	0	0	0	0	0	0	0	0	0	0	0	0
