"Pandanus_barklyi"	"Syzygium_coriaceum"	"Pittosporum_senacia"	"Aphloia_theiformis"	"Gaertnera_sp1_M_PL_067"	"Tabernaemontana_persicarifolia"	"Diospyros_revaughanii"	"Psiadia_terebinthina"	"Stillingia_lineata"	"Gaertnera_rotundifolia"	"Euodia_obtusifolia"	"Turraea_rigida"	"Gaertnera_petrinensis"	"Labourdonnaisia_callophylloides"	"Phyllanthus_phillyreifolius"	"Euodia_chapelieri"	"Ochna_mauritiana"	"Cordemoya_integrifolia"	"Smilax_anceps"	"Apis_mellifera"	"Nacoleia_sp1_M_PL_067"	"Technomyrmex_albipes"	"Villa_unifasciata"	"Phorinia_sp1_M_PL_067"	"Paragus_borbonicus"	"Pachycerina_crinicornis"	"Phelsuma_cepediana"	"Chrysomya_megacephala"	"Hippotion_eson"	"Nogodinidae_sp1_M_PL_067"	"Brachymyrmex_sp1_M_PL_067"	"Lecithoceridae_sp1_M_PL_067"	"Episyrphus_sp1_M_PL_067"	"Eristalinus_flaveolus"	"Ischiodon_aegyptius"	"Musca_domestica"	"Nacoleia_sp2_M_PL_067"	"Syritta_sp1_M_PL_067"	"Allograpta_nasuta"	"Cephonodes_trochilus"	"Fannia_pusio"	"Lygaeidae_sp1_M_PL_067"	"Melanagromyza_sojae"	"Pheidole_megacephala"	"Sarrothripinae_sp1_M_PL_067"	"Stomorhina_lunata"	"Zosterops_mauritianus"
"Pandanus_barklyi"	0	0	0	0	0	0	0	0	0	0	0	0	0	0	0	0	0	0	0	0.0915492957746479	0	0	0	0	0	0	0.0028169014084507	0	0	0	0	0	0.0028169014084507	0	0.0028169014084507	0	0	0	0	0	0	0	0	0	0	0	0
"Syzygium_coriaceum"	0	0	0	0	0	0	0	0	0	0	0	0	0	0	0	0	0	0	0	0	0	0	0.0340425531914894	0.025531914893617	0.0234042553191489	0.00638297872340425	0	0.00638297872340425	0	0	0	0	0	0.00212765957446809	0	0.00212765957446809	0	0	0	0	0	0	0	0	0	0	0
"Pittosporum_senacia"	0	0	0	0	0	0	0	0	0	0	0	0	0	0	0	0	0	0	0	0.0222222222222222	0.00222222222222222	0.0555555555555556	0.00666666666666667	0.00222222222222222	0	0.00666666666666667	0	0.00222222222222222	0	0	0	0	0	0.00222222222222222	0	0	0	0	0	0	0	0	0	0	0	0	0
"Aphloia_theiformis"	0	0	0	0	0	0	0	0	0	0	0	0	0	0	0	0	0	0	0	0.0121212121212121	0	0.0545454545454545	0.0272727272727273	0.00606060606060606	0	0	0	0	0	0	0	0	0	0	0	0	0	0	0	0	0	0	0	0	0	0	0
"Gaertnera_sp1_M_PL_067"	0	0	0	0	0	0	0	0	0	0	0	0	0	0	0	0	0	0	0	0	0.065	0	0.005	0	0	0	0	0	0.025	0	0	0	0	0	0	0	0	0	0	0.005	0	0	0	0	0	0	0
"Tabernaemontana_persicarifolia"	0	0	0	0	0	0	0	0	0	0	0	0	0	0	0	0	0	0	0	0	0.0842105263157895	0	0	0	0	0	0	0	0	0	0	0.0105263157894737	0	0	0	0	0	0	0	0	0	0	0	0	0.00526315789473684	0	0
"Diospyros_revaughanii"	0	0	0	0	0	0	0	0	0	0	0	0	0	0	0	0	0	0	0	0.0111111111111111	0.0777777777777778	0	0	0	0	0	0.00555555555555556	0	0	0	0	0.00555555555555556	0	0	0	0	0	0	0	0	0	0	0	0	0	0	0
"Psiadia_terebinthina"	0	0	0	0	0	0	0	0	0	0	0	0	0	0	0	0	0	0	0	0.00666666666666667	0.0133333333333333	0.00666666666666667	0.0266666666666667	0	0.00666666666666667	0	0	0	0	0.0333333333333333	0	0	0	0	0	0	0	0	0	0	0	0.00666666666666667	0	0	0	0	0
"Stillingia_lineata"	0	0	0	0	0	0	0	0	0	0	0	0	0	0	0	0	0	0	0	0	0	0	0	0.00666666666666667	0.00666666666666667	0.00666666666666667	0	0.00666666666666667	0	0	0.0266666666666667	0	0	0	0	0.00666666666666667	0	0.0133333333333333	0.00666666666666667	0	0.00666666666666667	0	0.00666666666666667	0	0	0.00666666666666667	0
"Gaertnera_rotundifolia"	0	0	0	0	0	0	0	0	0	0	0	0	0	0	0	0	0	0	0	0	0.1	0	0	0	0	0	0	0	0	0	0	0	0	0	0	0	0	0	0	0	0	0	0	0	0	0	0
"Euodia_obtusifolia"	0	0	0	0	0	0	0	0	0	0	0	0	0	0	0	0	0	0	0	0	0	0.0222222222222222	0.0666666666666667	0.0111111111111111	0	0	0	0	0	0	0	0	0	0	0	0	0	0	0	0	0	0	0	0	0	0	0
"Turraea_rigida"	0	0	0	0	0	0	0	0	0	0	0	0	0	0	0	0	0	0	0	0	0	0.075	0.025	0	0	0	0	0	0	0	0	0	0	0	0	0	0	0	0	0	0	0	0	0	0	0	0
"Gaertnera_petrinensis"	0	0	0	0	0	0	0	0	0	0	0	0	0	0	0	0	0	0	0	0.0166666666666667	0.05	0	0	0	0	0	0	0	0	0	0	0	0	0	0	0	0.0333333333333333	0	0	0	0	0	0	0	0	0	0
"Labourdonnaisia_callophylloides"	0	0	0	0	0	0	0	0	0	0	0	0	0	0	0	0	0	0	0	0.0166666666666667	0	0	0	0	0	0	0.0666666666666667	0	0	0	0	0	0	0	0	0	0	0	0	0	0	0	0	0	0	0	0.0166666666666667
"Phyllanthus_phillyreifolius"	0	0	0	0	0	0	0	0	0	0	0	0	0	0	0	0	0	0	0	0	0	0.075	0	0	0	0	0	0	0	0	0	0	0	0	0	0	0	0	0	0	0	0	0	0.025	0	0	0
"Euodia_chapelieri"	0	0	0	0	0	0	0	0	0	0	0	0	0	0	0	0	0	0	0	0	0	0	0.05	0	0.05	0	0	0	0	0	0	0	0	0	0	0	0	0	0	0	0	0	0	0	0	0	0
"Ochna_mauritiana"	0	0	0	0	0	0	0	0	0	0	0	0	0	0	0	0	0	0	0	0	0	0.05	0.05	0	0	0	0	0	0	0	0	0	0	0	0	0	0	0	0	0	0	0	0	0	0	0	0
"Cordemoya_integrifolia"	0	0	0	0	0	0	0	0	0	0	0	0	0	0	0	0	0	0	0	0.1	0	0	0	0	0	0	0	0	0	0	0	0	0	0	0	0	0	0	0	0	0	0	0	0	0	0	0
"Smilax_anceps"	0	0	0	0	0	0	0	0	0	0	0	0	0	0	0	0	0	0	0	0	0.1	0	0	0	0	0	0	0	0	0	0	0	0	0	0	0	0	0	0	0	0	0	0	0	0	0	0
"Apis_mellifera"	0.0764705882352941	0	0.0117647058823529	0.00470588235294118	0	0	0.00235294117647059	0.00117647058823529	0	0	0	0	0.00117647058823529	0.00117647058823529	0	0	0	0.00117647058823529	0	0	0	0	0	0	0	0	0	0	0	0	0	0	0	0	0	0	0	0	0	0	0	0	0	0	0	0	0
"Nacoleia_sp1_M_PL_067"	0	0	0.00161290322580645	0	0.0209677419354839	0.0258064516129032	0.0225806451612903	0.0032258064516129	0	0.0193548387096774	0	0	0.00483870967741936	0	0	0	0	0	0.00161290322580645	0	0	0	0	0	0	0	0	0	0	0	0	0	0	0	0	0	0	0	0	0	0	0	0	0	0	0	0
"Technomyrmex_albipes"	0	0	0.0446428571428572	0.0321428571428571	0	0	0	0.00178571428571429	0	0	0.00357142857142857	0.0107142857142857	0	0	0.00535714285714286	0	0.00178571428571429	0	0	0	0	0	0	0	0	0	0	0	0	0	0	0	0	0	0	0	0	0	0	0	0	0	0	0	0	0	0
"Villa_unifasciata"	0	0.0372093023255814	0.00697674418604651	0.0209302325581395	0.00232558139534884	0	0	0.00930232558139535	0	0	0.013953488372093	0.00465116279069767	0	0	0	0.00232558139534884	0.00232558139534884	0	0	0	0	0	0	0	0	0	0	0	0	0	0	0	0	0	0	0	0	0	0	0	0	0	0	0	0	0	0
"Phorinia_sp1_M_PL_067"	0	0.0705882352941177	0.00588235294117647	0.0117647058823529	0	0	0	0	0.00588235294117647	0	0.00588235294117647	0	0	0	0	0	0	0	0	0	0	0	0	0	0	0	0	0	0	0	0	0	0	0	0	0	0	0	0	0	0	0	0	0	0	0	0
"Paragus_borbonicus"	0	0.0785714285714286	0	0	0	0	0	0.00714285714285714	0.00714285714285714	0	0	0	0	0	0	0.00714285714285714	0	0	0	0	0	0	0	0	0	0	0	0	0	0	0	0	0	0	0	0	0	0	0	0	0	0	0	0	0	0	0
"Pachycerina_crinicornis"	0	0.0428571428571429	0.0428571428571429	0	0	0	0	0	0.0142857142857143	0	0	0	0	0	0	0	0	0	0	0	0	0	0	0	0	0	0	0	0	0	0	0	0	0	0	0	0	0	0	0	0	0	0	0	0	0	0
"Phelsuma_cepediana"	0.0285714285714286	0	0	0	0	0	0.0142857142857143	0	0	0	0	0	0	0.0571428571428571	0	0	0	0	0	0	0	0	0	0	0	0	0	0	0	0	0	0	0	0	0	0	0	0	0	0	0	0	0	0	0	0	0
"Chrysomya_megacephala"	0	0.06	0.02	0	0	0	0	0	0.02	0	0	0	0	0	0	0	0	0	0	0	0	0	0	0	0	0	0	0	0	0	0	0	0	0	0	0	0	0	0	0	0	0	0	0	0	0	0
"Hippotion_eson"	0	0	0	0	0.1	0	0	0	0	0	0	0	0	0	0	0	0	0	0	0	0	0	0	0	0	0	0	0	0	0	0	0	0	0	0	0	0	0	0	0	0	0	0	0	0	0	0
"Nogodinidae_sp1_M_PL_067"	0	0	0	0	0	0	0	0.1	0	0	0	0	0	0	0	0	0	0	0	0	0	0	0	0	0	0	0	0	0	0	0	0	0	0	0	0	0	0	0	0	0	0	0	0	0	0	0
"Brachymyrmex_sp1_M_PL_067"	0	0	0	0	0	0	0	0	0.1	0	0	0	0	0	0	0	0	0	0	0	0	0	0	0	0	0	0	0	0	0	0	0	0	0	0	0	0	0	0	0	0	0	0	0	0	0	0
"Lecithoceridae_sp1_M_PL_067"	0	0	0	0	0	0.0666666666666667	0.0333333333333333	0	0	0	0	0	0	0	0	0	0	0	0	0	0	0	0	0	0	0	0	0	0	0	0	0	0	0	0	0	0	0	0	0	0	0	0	0	0	0	0
"Episyrphus_sp1_M_PL_067"	0.1	0	0	0	0	0	0	0	0	0	0	0	0	0	0	0	0	0	0	0	0	0	0	0	0	0	0	0	0	0	0	0	0	0	0	0	0	0	0	0	0	0	0	0	0	0	0
"Eristalinus_flaveolus"	0	0.05	0.05	0	0	0	0	0	0	0	0	0	0	0	0	0	0	0	0	0	0	0	0	0	0	0	0	0	0	0	0	0	0	0	0	0	0	0	0	0	0	0	0	0	0	0	0
"Ischiodon_aegyptius"	0.1	0	0	0	0	0	0	0	0	0	0	0	0	0	0	0	0	0	0	0	0	0	0	0	0	0	0	0	0	0	0	0	0	0	0	0	0	0	0	0	0	0	0	0	0	0	0
"Musca_domestica"	0	0.05	0	0	0	0	0	0	0.05	0	0	0	0	0	0	0	0	0	0	0	0	0	0	0	0	0	0	0	0	0	0	0	0	0	0	0	0	0	0	0	0	0	0	0	0	0	0
"Nacoleia_sp2_M_PL_067"	0	0	0	0	0	0	0	0	0	0	0	0	0.1	0	0	0	0	0	0	0	0	0	0	0	0	0	0	0	0	0	0	0	0	0	0	0	0	0	0	0	0	0	0	0	0	0	0
"Syritta_sp1_M_PL_067"	0	0	0	0	0	0	0	0	0.1	0	0	0	0	0	0	0	0	0	0	0	0	0	0	0	0	0	0	0	0	0	0	0	0	0	0	0	0	0	0	0	0	0	0	0	0	0	0
"Allograpta_nasuta"	0	0	0	0	0	0	0	0	0.1	0	0	0	0	0	0	0	0	0	0	0	0	0	0	0	0	0	0	0	0	0	0	0	0	0	0	0	0	0	0	0	0	0	0	0	0	0	0
"Cephonodes_trochilus"	0	0	0	0	0.1	0	0	0	0	0	0	0	0	0	0	0	0	0	0	0	0	0	0	0	0	0	0	0	0	0	0	0	0	0	0	0	0	0	0	0	0	0	0	0	0	0	0
"Fannia_pusio"	0	0	0	0	0	0	0	0	0.1	0	0	0	0	0	0	0	0	0	0	0	0	0	0	0	0	0	0	0	0	0	0	0	0	0	0	0	0	0	0	0	0	0	0	0	0	0	0
"Lygaeidae_sp1_M_PL_067"	0	0	0	0	0	0	0	0.1	0	0	0	0	0	0	0	0	0	0	0	0	0	0	0	0	0	0	0	0	0	0	0	0	0	0	0	0	0	0	0	0	0	0	0	0	0	0	0
"Melanagromyza_sojae"	0	0	0	0	0	0	0	0	0.1	0	0	0	0	0	0	0	0	0	0	0	0	0	0	0	0	0	0	0	0	0	0	0	0	0	0	0	0	0	0	0	0	0	0	0	0	0	0
"Pheidole_megacephala"	0	0	0	0	0	0	0	0	0	0	0	0	0	0	0.1	0	0	0	0	0	0	0	0	0	0	0	0	0	0	0	0	0	0	0	0	0	0	0	0	0	0	0	0	0	0	0	0
"Sarrothripinae_sp1_M_PL_067"	0	0	0	0	0	0.1	0	0	0	0	0	0	0	0	0	0	0	0	0	0	0	0	0	0	0	0	0	0	0	0	0	0	0	0	0	0	0	0	0	0	0	0	0	0	0	0	0
"Stomorhina_lunata"	0	0	0	0	0	0	0	0	0.1	0	0	0	0	0	0	0	0	0	0	0	0	0	0	0	0	0	0	0	0	0	0	0	0	0	0	0	0	0	0	0	0	0	0	0	0	0	0
"Zosterops_mauritianus"	0	0	0	0	0	0	0	0	0	0	0	0	0	0.1	0	0	0	0	0	0	0	0	0	0	0	0	0	0	0	0	0	0	0	0	0	0	0	0	0	0	0	0	0	0	0	0	0
