"ID" "NRow" "NCol" "NLinks" "Connectance" "NComp" "LargeCompSize" "nLargeComp" "SA_NMod" "SA_Modularity" "FG_NMod" "FG_Modularity" "FG_PNull" "MS_congr" "MS_mean" "MS_sd" "MS_pval" "n_m6" "n_m6_mod" "mean_m6_mod" "sd_m6_mod" "p_m6_mod" "n_m6_sect" "mean_m6_sect" "sd_m6_sect" "p_m6_sect" "n_m6_ms" "mean_m6_ms" "sd_m6_ms" "p_m6_ms"
"1" "1_medioparana" 54 93 146 0.0291 22 66 1 7 0.605294 7 0.612136 0.17 0.928571428571429 0.731037670662671 0.024864468547696 0 42 5 0.126 0.498 0.003 27 10.662 8.443 0.065 4 0.09 0.621093854226216 0.01
"2" "10_littlecolorado" 11 20 50 0.2273 1 31 1 4 0.3976 4 0.3754 0.74 0.802083333333333 0.62196875 0.0558289061172732 0.003 59 6 0.442 0.969 0.006 8 5.251 5.298 0.225 0 0.07 0.355476632654857 1
"3" "11_lakemichigan" 45 109 234 0.0477 10 133 1 7 0.562434 8 0.558203 0 0.994505494505495 0.926817755928282 0.0164312445076408 0 426 170 2.868 4.144 0 231 334.121 76.071 0.872 109 2.73 4.68794930506599 0
"4" "12_lakesuperior" 36 164 379 0.0642 1 200 1 6 0.552419 8 0.547601 0 0.913334736251403 0.919647956200618 0.00526961929077139 0.894 1147 736 9.052 10.044 0 1110 855.223 145.922 0.011 733 8.92 7.80401347145341 0
"5" "13_guandu" 22 85 141 0.0754 2 104 1 9 0.636199 9 0.627167 0.04 1 0.874553279146416 0.00846416115560073 0 80 18 0.154 0.497 0 80 53.301 15.618 0.003 18 0.21 0.624338033278432 0
"6" "14_lebsko" 8 14 33 0.2946 1 22 1 4 0.416896 4 0.393021 0.1 0.958333333333333 0.677236111111111 0.0643437031997883 0 35 13 0.903 1.709 0.001 25 4.947 4.921 0.007 12 0.74 1.16878595391141 0
"7" "15_zarivar" 8 20 31 0.1938 3 21 1 5 0.426036 5 0.411243 0.61 0.92 0.66691 0.0712434384875374 0 14 0 0.008 0.089 1 3 1.37 1.774 0.226 0 0.01 0.1 1
"8" "16_stmary" 26 42 99 0.0907 3 64 1 10 0.521097 7 0.508981 0.11 0.966666666666667 0.787321702741703 0.0334048987258396 0 174 19 0.083 0.393 0 171 64.924 34.929 0.003 16 0.13 0.544114515576093 0
"9" "17_lakehuron" 79 280 960 0.0434 1 359 1 8 0.47351 10 0.47168 0 0.954454286655374 0.922547425842813 0.0123200314818412 0.001 10579 2839 96.172 52.667 0 9165 7562.955 1167.094 0.072 2469 66.55 44.3180367777994 0
"10" "18_lakestclair" 13 31 40 0.0993 7 27 1 3 0.474435 3 0.46195 0.58 1 0.772294949494949 0.0217275405716203 0 6 0 0.024 0.188 1 6 0.647 1.583 0.058 0 0.03 0.171446607997765 1
"11" "19_lakeerie" 91 274 1079 0.0433 3 360 1 9 0.439319 10 0.403618 0 0.994152046783626 0.976642588203185 0.0154511423627704 0 18395 3306 100.758 88.846 0 18164 16516.655 1343.426 0.049 3226 95.56 81.9375618407336 0
"12" "2_planicieparana" 65 307 472 0.0237 19 330 1 14 0.695362 16 0.69459 0 0.947285301940622 0.864586947862929 0.0124107937851242 0 596 352 0.395 1.198 0 579 359.75 113.544 0.002 347 0.6 1.58910431540932 0
"13" "20_lakeontario" 61 249 596 0.0392 1 310 1 10 0.563958 11 0.5579 0 0.889344734310716 0.579015446163167 0.0202720781940345 0 2129 530 5.103 5.816 0 737 266.006 94.821 0 342 2.87 4.11858316326468 0
"14" "21_devilslake" 6 21 31 0.246 1 27 1 4 0.519251 4 0.512487 0.12 1 0.658770238095238 0.0517418445318847 0 6 1 0.022 0.147 0.022 2 0.384 0.646 0.046 1 0.01 0.1 0.01
"15" "22_bengal" 37 49 77 0.0425 10 41 1 6 0.640095 7 0.637418 0.62 0.972222222222222 0.658351388888889 0.0587343095326764 0 1 1 0.005 0.071 0.005 1 0.081 0.273 0.081 1 0 0 0
"16" "23_hidvegi" 12 34 51 0.125 2 40 1 7 0.57656 7 0.563091 0.85 1 0.659468537414966 0.0519518172608788 0 9 0 0.018 0.133 1 3 1.04 1.298 0.158 0 0.01 0.1 1
"17" "24_riga" 52 95 469 0.0949 1 147 1 6 0.406036 6 0.383857 0 0.977212602212602 0.640704304954305 0.0266354070265318 0 6287 1598 132.391 84.503 0 5294 1084.774 404.377 0 1593 129.51 88.6417708270403 0
"18" "25_aluksnes" 48 22 247 0.2339 1 70 1 5 0.302841 5 0.266723 0 0.795726495726496 0.716346822742475 0.0187548286704144 0.002 3401 384 50.602 42.574 0 2048 1031.835 338.402 0.005 361 46.87 36.9721858327652 0
"19" "26_raznas" 48 86 490 0.1187 1 134 1 5 0.318334 6 0.303007 0 0.926206896551724 0.611483124657909 0.0288467156774693 0 11427 877 86.845 45.875 0 2880 1595.466 618.423 0.043 557 55.39 31.3432914543435 0
"20" "27_trespalos" 13 39 132 0.2604 1 52 1 5 0.282656 6 0.260991 1 0.981818181818182 0.884855 0.0178170648595856 0 1011 55 10.537 7.625 0 702 643.948 160.987 0.383 48 10.26 9.01919389889466 0.01
"21" "28_mekong" 52 125 280 0.0431 4 170 1 9 0.623228 10 0.618508 0 0.982222222222222 0.876662633996359 0.00719457704246759 0 303 118 0.415 0.906 0 285 177.612 42.155 0.002 117 0.42 0.818720361480665 0
"22" "29_tonkin" 80 212 523 0.0308 12 264 1 9 0.577915 13 0.537729 0 0.991769547325103 0.951231153884801 0.00955385504448832 0 2908 928 13.396 20.926 0 2873 2423.621 436.779 0.002 921 13.48 26.3206643863215 0
"23" "3_smallwood" 6 25 53 0.3533 2 28 1 4 0.286044 4 0.253556 0.7 1 0.798793560606061 0.0325522258946599 0 130 15 1.786 2.83 0.008 130 46.534 23.68 0.005 15 2.34 3.47928937362999 0.02
"24" "30_coyuca" 10 33 104 0.3152 1 43 1 5 0.274223 5 0.249723 0.96 0.9 0.862032727272727 0.0156234644169833 0 709 34 4.453 3.356 0 516 404.253 107.446 0.167 28 3.25 3.6745782414483 0
"25" "4_parsnip" 17 53 158 0.1754 1 70 1 4 0.425773 5 0.431662 0 0.955882352941176 0.957484749455338 0.00965597230452367 0.673 704 205 18.625 16.098 0 486 576.148 84.037 0.837 200 16.09 14.1207598444934 0
"26" "5_mcgregor" 14 51 114 0.1597 1 65 1 6 0.447753 6 0.434249 0.32 0.963450292397661 0.831829678362573 0.0256951698935147 0 296 61 2.481 3.846 0 203 164.04 55.237 0.266 49 2.82 4.40931062661956 0
"27" "6_woods" 31 144 384 0.086 1 175 1 7 0.474582 9 0.46874 0 0.849857039512212 0.846672963325673 0.00953001669563927 0.384 1914 325 7.249 7.423 0 963 784.572 221.263 0.202 210 2.85 3.39748867443724 0
"28" "7_coldlake" 10 40 91 0.2275 1 50 1 5 0.441251 5 0.423862 0 0.927272727272727 0.920651731601732 0.0192675151814135 0.465 237 80 2.519 3.689 0 162 160.213 47.15 0.521 77 2.07 4.30938604453211 0
"29" "8_aishihik" 7 29 78 0.3842 1 36 1 4 0.281394 5 0.246548 0.88 1 0.860373076923077 0.025163480385746 0 449 66 9.911 9.231 0.002 292 238.118 78.929 0.27 66 10.03 9.40175676685109 0
"30" "9_coastalrj" 39 339 678 0.0513 1 378 1 11 0.606865 14 0.598519 0 0.950575271430886 0.854900704970538 0.00733869322034536 0 2947 714 3.622 3.948 0 2055 1632.584 340.13 0.106 503 4.41 4.37184518287534 0
"31" "A_HP_001" 10 18 61 0.3389 1 28 1 5 0.314432 5 0.282585 0.21 0.95 0.832275555555556 0.0310495043616451 0.007 199 30 2.102 2.502 0 142 75.463 34.838 0.046 21 1.63 2.44393704559432 0
"32" "A_HP_002" 18 24 96 0.2222 2 40 1 5 0.304155 4 0.280554 0.86 0.92 0.923203214285714 0.0211293761655257 0.568 398 47 9.265 10.402 0.014 276 289.863 68.884 0.581 47 9.96 11.8269679849559 0.03
"33" "A_HP_003" 23 9 108 0.5217 2 30 1 4 0.172504 4 0.109398 0.99 0.946022727272727 0.839852272727273 0.0281055982433046 0.002 1279 66 23.052 12.02 0.007 817 634.464 130.388 0.087 55 17.74 9.25685113466199 0
"34" "A_HP_004" 6 21 52 0.4127 2 25 1 3 0.267589 3 0.230104 0.09 0.916666666666667 0.878404761904762 0.0202504933537466 0.091 158 31 4.129 6.406 0.004 30 76.061 40.341 0.8 3 0.39 1.07209791502173 0.07
"35" "A_HP_005" 7 13 51 0.5604 1 20 1 4 0.166859 5 0.110534 1 0.875 0.848333333333333 0.0426437000249566 0.658 276 12 2.961 2.546 0.001 213 110.432 60.654 0.091 12 1.8 2.41209075662211 0
"36" "A_HP_006" 16 37 123 0.2078 1 53 1 5 0.357195 5 0.353956 0.05 1 0.905252680652681 0.0148024016320369 0 450 74 3.329 3.734 0 375 286.725 71.21 0.122 74 3.52 3.86771145759245 0
"37" "A_HP_007" 8 17 43 0.3162 1 25 1 4 0.374256 4 0.347485 0.1 0.900793650793651 0.693666666666667 0.0489884906934165 0 61 18 0.61 1.184 0 28 9.591 7.514 0.034 13 0.35 0.78334945180064 0
"38" "A_HP_008" 8 24 37 0.1927 3 26 1 6 0.416896 6 0.386134 0.89 1 0.889154761904762 0.0223827907277992 0.003 15 0 0 0 1 15 8.378 5.143 0.149 0 0 0 1
"39" "A_HP_009" 14 22 97 0.3149 2 34 1 5 0.243164 4 0.213487 0.92 1 0.798828571428571 0.0227535109362675 0 694 41 3.845 4.142 0 407 279.094 100.922 0.115 41 3.59 3.57345714394282 0
"40" "A_HP_010" 18 31 88 0.1577 1 49 1 4 0.500387 4 0.472947 0 0.983333333333333 0.662739215686274 0.0432262849551176 0 109 81 2.35 2.657 0 90 18.296 10.159 0 81 2.19 2.67685553505518 0
"41" "A_HP_011" 4 19 43 0.5658 1 23 1 4 0.232558 4 0.190373 1 0.958333333333333 0.688473214285714 0.0502938888655057 0 112 0 0 0 1 27 10.235 7.422 0.059 0 0 0 1
"42" "A_HP_012" 7 23 63 0.3913 1 30 1 4 0.246662 4 0.22449 0.8 0.916666666666667 0.808722222222222 0.0279717949048517 0.006 270 6 3.388 3.994 0.256 256 87.624 50.824 0 6 1.93 2.71641103091724 0.1
"43" "A_HP_013" 11 22 103 0.4256 1 33 1 4 0.22217 5 0.176925 0.96 0.975 0.846138461538462 0.0292094941853902 0 831 101 20.183 13.212 0.001 578 451.488 114.408 0.138 76 18.89 14.1377744594638 0.01
"44" "A_HP_014" 11 19 68 0.3254 1 30 1 4 0.29282 4 0.260272 0.7 0.9375 0.668349305555555 0.0381078397449045 0 232 20 2.26 2.451 0 96 41.614 26.826 0.041 15 1.51 2.02257461687031 0
"45" "A_HP_015" 3 7 12 0.5714 1 10 1 3 0.25 3 0.208333 0.85 0.916666666666667 0.71225 0.0725789584191259 0.085 6 0 0 0 1 0 0 0 1 0 0 0 1
"46" "A_HP_016" 6 21 52 0.4127 2 25 1 3 0.267589 3 0.230104 0.15 0.916666666666667 0.87831746031746 0.0207537999843161 0.096 158 31 3.746 5.718 0.002 30 75.613 39.062 0.816 3 0.35 0.770346898114313 0.06
"47" "A_HP_017" 5 9 19 0.4222 1 14 1 4 0.288089 4 0.263158 0.8 0.8125 0.6963625 0.072316350144682 0.11 15 0 0 0 1 0 0 0 1 0 0 0 1
"48" "A_HP_018" 15 21 127 0.4032 1 36 1 4 0.216256 4 0.195827 0.33 0.9 0.889350324675325 0.00931480643517137 0.139 1205 104 14.241 8.734 0 1172 766.613 160.176 0 102 12.41 9.79290095379858 0
"49" "A_HP_019" 9 18 36 0.2222 1 27 1 6 0.429012 6 0.404321 0.79 1 0.856777777777778 0.0222782649241777 0 28 1 0.051 0.32 0.038 28 13.122 8.1 0.076 1 0.15 0.557320429022713 0.09
"50" "A_HP_020" 16 17 105 0.386 2 31 1 3 0.206084 4 0.16323 0.94 0.891774891774892 0.745816183816184 0.0202857462486986 0.001 934 100 34.859 16.29 0.005 363 276.387 109.828 0.207 53 26.88 16.7833972795267 0.09
"51" "A_HP_021" 9 15 57 0.4222 1 24 1 5 0.227147 3 0.188673 0.97 1 0.917633333333333 0.0264635869175676 0.007 222 10 1.207 1.63 0.001 185 148.702 45.993 0.286 10 1.06 1.25384257868411 0
"52" "A_HP_022" 16 18 68 0.2361 1 34 1 5 0.32872 4 0.312824 0.82 0.95 0.735586666666667 0.0334317073574565 0 175 20 1.546 2.314 0 130 42.527 25.212 0.003 15 1.38 1.96833519359469 0
"53" "A_HP_023" 9 8 41 0.5694 1 17 1 3 0.22903 3 0.198394 0.17 1 0.656150793650794 0.072530257494792 0 93 14 2.255 2.108 0 41 9.872 5.359 0 14 2.34 2.54344076185999 0.01
"54" "A_HP_024" 7 20 39 0.2786 2 25 1 4 0.350416 5 0.326524 0.51 1 0.803073015873016 0.0288499910963483 0 54 1 0.258 0.735 0.172 29 14.865 12.677 0.174 1 0.17 0.513553671720273 0.13
"55" "A_HP_025" 18 40 107 0.1486 4 52 1 6 0.401072 6 0.384985 0.21 0.925925925925926 0.923389092389092 0.0137469827449777 0.581 249 20 1.043 1.865 0.001 157 163.706 50.808 0.542 17 0.68 1.45560567420846 0
"56" "A_HP_026" 15 18 142 0.5259 1 33 1 4 0.167873 5 0.09455 1 0.9375 0.939443181818182 0.00927523976900313 0.661 2341 89 30.314 14.009 0.005 2135 1806.386 245.857 0.129 86 26.91 14.220553484803 0.01
"57" "A_HP_027" 17 30 108 0.2118 3 43 1 5 0.308028 5 0.272294 0.84 0.886713286713287 0.662828531468531 0.0575844240219724 0 626 64 6.635 6.399 0 114 71.467 41.485 0.124 18 1.88 3.16636362186319 0.01
"58" "A_HP_028" 4 15 19 0.3167 2 16 1 3 0.380623 3 0.358131 0.67 1 0.820872222222222 0.0373625795581639 0.005 3 0 0 0 1 3 0.696 1.166 0.191 0 0 0 1
"59" "A_HP_029" 15 34 79 0.1549 1 49 1 5 0.476046 5 0.473882 0.01 0.883333333333333 0.80370119047619 0.0257481839481873 0.001 73 23 0.722 1.336 0 72 28.302 14.693 0.002 23 0.48 0.979383438287538 0
"60" "A_HP_030" 14 15 51 0.2429 2 27 1 5 0.3252 4 0.288 0.94 1 0.819926666666667 0.0164289067086739 0 118 5 0.34 0.693 0 110 50.505 23.622 0.009 5 0.34 0.57243057891483 0
"61" "A_HP_031" 25 31 174 0.2245 3 50 1 4 0.263114 5 0.231436 0.56 0.903846153846154 0.840772294494721 0.0142269114378265 0 1567 142 26.928 18.618 0.002 1499 796.112 233.62 0 135 21.52 16.0293165761672 0
"62" "A_HP_032" 14 13 32 0.1758 4 21 1 4 0.429251 4 0.421522 0.17 1 0.779652083333333 0.0534072521966011 0 23 22 0.37 0.843 0 22 6.864 6.309 0.08 22 0.35 0.821122660899347 0
"63" "A_HP_033" 22 25 198 0.36 1 47 1 6 0.184496 6 0.154793 1 1 0.915272222222222 0.0304104952960335 0 3879 133 41.579 28.433 0.013 3858 2620.348 547.119 0 133 43.97 28.0628641345523 0
"64" "A_HP_034" 9 8 35 0.4861 1 17 1 4 0.206531 5 0.158776 0.99 0.9375 0.831204166666667 0.0250305254496908 0.015 103 3 0.631 0.917 0.088 60 46.474 21.35 0.26 3 0.52 0.834605090186764 0.07
"65" "A_HP_035" 6 7 15 0.3571 1 13 1 4 0.364444 4 0.335556 0.76 0.875 0.702333333333333 0.0818951642591927 0.021 3 0 0.004 0.063 1 1 0.282 0.509 0.254 0 0 0 1
"66" "A_HP_036" 8 13 30 0.2885 1 21 1 3 0.423333 3 0.422778 0.03 1 0.692142857142857 0.0394825505377633 0.001 23 7 0.514 0.922 0.001 23 3.919 3.666 0 7 0.57 0.912926253009707 0
"67" "A_HP_037" 17 21 90 0.2521 1 38 1 5 0.336173 5 0.303704 0.17 0.884090909090909 0.761412878787879 0.0504508508299765 0.003 388 72 6.995 7.995 0.002 294 112.312 62.609 0.004 63 6.43 12.9195294970151 0.02
"68" "A_HP_038" 10 20 52 0.26 2 28 1 4 0.364475 5 0.35198 0.16 1 0.674548295454545 0.0523192070417744 0 110 26 2.044 2.609 0 66 16.627 12.132 0.004 26 2.08 2.28159079715372 0
"69" "A_HP_039" 6 11 29 0.4394 1 17 1 4 0.281807 4 0.242568 0.75 1 0.73475 0.0496981630184397 0.001 36 1 0.075 0.267 0.074 20 8.765 6.109 0.063 1 0.04 0.196946385566932 0.04
"70" "A_HP_040" 8 18 28 0.1944 3 22 1 4 0.408284 4 0.383876 0.85 1 0.78405 0.035306745651656 0 10 0 0.02 0.178 1 10 2.563 3.519 0.111 0 0 0 1
"71" "A_HP_041" 11 10 50 0.4545 1 21 1 3 0.2368 4 0.1954 0.7 0.849206349206349 0.625115079365079 0.0656400394917201 0.001 194 13 4.757 3.582 0.024 43 18.625 8.436 0.02 11 3.61 4.14118267399471 0.06
"72" "A_HP_042" 21 32 84 0.125 4 46 1 5 0.436406 4 0.400703 0.82 0.941414141414141 0.621954545454545 0.0452022782043352 0 104 15 0.746 1.402 0 68 11.603 7.053 0 12 0.47 0.858175184018185 0
"73" "A_HP_043" 9 29 73 0.2797 2 36 1 5 0.291281 5 0.26765 0.91 0.945454545454545 0.805863636363636 0.025274342756626 0 262 23 2.075 3.192 0.001 112 67.87 43.275 0.142 3 0.37 0.917341349506906 0.06
"74" "A_HP_044" 27 26 197 0.2806 1 53 1 5 0.233966 6 0.200405 0.91 1 0.962220833333333 0.0241150337097638 0.001 3016 171 52.52 26.141 0.001 3016 2568.373 336.709 0.013 171 51.59 23.2783312776218 0
"75" "A_HP_045" 7 16 57 0.5089 1 23 1 4 0.204986 4 0.164358 0.94 1 0.788736904761905 0.0193494191692599 0 278 10 2.048 2.112 0.015 126 85.234 43.43 0.167 10 1.88 1.86558410167005 0
"76" "A_HP_046" 17 39 202 0.3047 1 56 1 4 0.246422 4 0.230664 0.05 0.890625 0.838218907828283 0.0151792393630681 0 3384 746 79.071 45.929 0 3364 1769.602 441.919 0 742 52.14 44.0853213162335 0
"77" "A_HP_047" 11 26 100 0.3497 2 33 1 4 0.212456 4 0.206611 0.5 0.792857142857143 0.789480952380952 0.017694498358046 0.419 703 67 8.665 6.013 0 241 221.663 78.575 0.371 52 6.49 8.89159744087108 0
"78" "A_HP_048" 12 14 71 0.4226 1 26 1 3 0.260067 2 0.194803 0.69 0.851851851851852 0.846898148148148 0.00384507335636981 0.266 432 48 10.805 6.289 0.002 285 205.618 87.265 0.222 32 6 4.9195548784438 0
"79" "A_HP_049" 5 19 39 0.4105 1 24 1 3 0.350427 3 0.324458 0.09 1 0.691587878787879 0.0378198284124545 0 56 18 1.711 3.076 0.003 27 8.531 8.574 0.041 18 2.2 3.8898988587511 0.01
"80" "A_HP_050" 27 35 226 0.2392 2 60 1 6 0.265837 5 0.232089 0.19 0.981481481481482 0.818705654761905 0.0162985412178729 0 4302 596 27.086 20.591 0 4231 1902.443 546.038 0 590 27.44 20.5044070158273 0
"81" "A_HP_051" 13 26 107 0.3166 1 39 1 4 0.24893 5 0.204035 1 0.867788461538462 0.826099519230769 0.0224917147501179 0.004 898 137 13.625 13.055 0 417 443.25 137.359 0.538 62 7.77 9.14181755904307 0
"82" "A_PH_004" 52 22 184 0.1608 1 74 1 5 0.422909 5 0.366996 0 0.923288770053476 0.601223523469994 0.0373652595121232 0 789 275 6.268 7.111 0 487 93.344 46.262 0 266 5.12 5.14689275684903 0
"83" "A_PH_005" 54 24 173 0.1335 1 78 1 5 0.419192 6 0.397307 0.03 0.946428571428571 0.71802876984127 0.0146883046866246 0 550 110 4.205 5.579 0 285 177.428 73.671 0.086 102 4.8 6.41336987326578 0
"84" "A_PH_006" 6 88 116 0.2197 1 94 1 5 0.392539 5 0.376672 0.95 1 0.868414693877551 0.0492932555694525 0 212 0 0.109 0.63 1 211 71.703 86.9 0.04 0 0.2 0.840874965182522 1
"85" "A_PH_007" 5 64 95 0.2969 1 69 1 3 0.328753 3 0.308199 1 1 0.659696209587514 0.0335558228029527 0 139 5 1.052 2.053 0.063 17 7.414 7.441 0.119 5 1.13 2.15394868775813 0.05
"86" "abe" 10 4 22 0.55 1 14 1 2 0.309917 2 0.305785 0.01 1 0.617104166666667 0.077815526799426 0 33 30 3.731 3.629 0 30 3.413 3.321 0 30 3.7 3.76989671106799 0
"87" "bac15" 25 12 146 0.4867 1 37 1 3 0.200225 3 0.192531 0 0.861111111111111 0.808916666666667 0.0104238797181995 0.001 2221 567 77.948 40.226 0 2190 1047.712 245.396 0 561 69.37 40.0632467153342 0
"88" "barrangou" 7 6 25 0.5952 1 13 1 2 0.2144 2 0.2072 0.14 0.75 0.769583333333333 0.00932522568003819 1 40 15 3.537 2.591 0.004 30 12.67 6.434 0.031 12 2.17 2.29208122972035 0.02
"89" "basker" 16 8 65 0.5078 1 24 1 4 0.175385 3 0.153728 0.85 0.916666666666667 0.834889880952381 0.016096960463338 0.002 477 20 4.18 3.29 0 409 148.979 83.047 0.005 20 2.96 3.84266321788166 0
"90" "braunbreton" 17 3 30 0.5882 1 20 1 3 0.175556 3 0.126667 0.97 1 0.879833333333333 0.0644486774657852 0.022 66 0 0 0 1 55 18.524 27.222 0.319 0 0 0 1
"91" "campbell" 5 5 14 0.56 1 10 1 4 0.22449 3 0.196429 0.83 0.916666666666667 0.836875 0.0718644285673763 0.268 10 0 0 0 1 7 3.608 2.542 0.157 0 0 0 1
"92" "capparelli" 16 8 54 0.4219 1 24 1 4 0.256516 3 0.235425 0.35 1 0.712425 0.0455253965210086 0 224 28 2.731 3.718 0 122 50.768 29.853 0.027 28 2.7 3.27062221862594 0
"93" "caso" 9 4 17 0.4722 2 11 1 2 0.1875 2 0.179688 0.24 1 0.7600625 0.0531728755894248 0.011 21 15 3.645 5.382 0.077 15 3.785 5.416 0.077 15 3.6 5.41602560309064 0.08
"94" "ceyssens" 4 12 29 0.6042 1 16 1 2 0.214031 2 0.192628 0.06 1 0.699372727272727 0.0386233018448166 0 75 37 7.185 12.664 0.009 37 7.771 13.273 0.013 37 8.57 13.8317852364864 0
"95" "comeau2005" 23 13 152 0.5084 1 36 1 4 0.173996 4 0.142313 0.84 0.916666666666667 0.888981691919192 0.024410328158135 0.01 2206 128 38.303 14.385 0 1876 1413.104 239.578 0.029 113 21.94 12.0343112168768 0
"96" "comeau2006" 17 16 118 0.4338 1 33 1 4 0.218472 4 0.204503 0.05 0.881313131313131 0.849752904040404 0.0179777531000429 0.024 1104 99 17.109 9.922 0 893 553 153.647 0.01 47 5.58 4.14918758020863 0
"97" "depaola" 5 17 39 0.4588 1 22 1 3 0.291913 3 0.260026 0.42 1 0.631475 0.0732853107958553 0 88 13 2.751 2.114 0.003 14 8.781 4.846 0.13 13 3.07 2.20309699369691 0
"98" "doi" 11 9 41 0.4141 3 13 1 3 0.101852 3 0.052855 0.9 1 0.714566666666667 0.0611591493781901 0.003 176 1 0.562 0.496 0.562 27 24.981 8.059 0.397 1 0.58 0.496044963748858 0.58
"99" "DON" 45 46 273 0.1319 1 91 1 4 0.415758 3 0.408868 0 0.982954545454545 0.623534090909091 0.0510318372830342 0 1901 1166 94.552 47.445 0 1670 183.805 91.47 0 1060 69.4 34.8949361033455 0
"100" "duplessis" 12 12 37 0.2569 3 15 1 2 0.3 2 0.28 0 1 0.615794642857143 0.0826342516079078 0 70 36 6.215 3.947 0.001 36 6.371 4.077 0 36 6.6 3.83761289440099 0
"101" "ESKI" 14 13 52 0.2857 1 27 1 5 0.329142 5 0.268861 0.99 0.95 0.816364285714286 0.0242567173648231 0.002 89 11 0.344 0.813 0 64 34.897 23.726 0.166 11 0.34 0.855404683011013 0
"102" "FARIA" 14 8 35 0.3125 1 22 1 5 0.374694 4 0.353878 0.14 0.966666666666667 0.76116 0.0517695861061411 0 40 6 0.231 0.581 0 8 8.423 7.432 0.454 3 0.13 0.441645225322889 0.01
"103" "gamage" 4 5 9 0.45 2 7 1 3 0.21875 3 0.148438 1 1 0.792666666666667 0.121677738879408 0.19 2 0 0 0 1 0 0.3 0.458 1 0 0 0 1
"104" "goodridge" 49 2 60 0.6122 1 51 1 2 0.316667 2 0.299861 0.84 1 0.613773387096774 0.0212070751390111 0 55 0 0 0 1 0 0 0 1 0 0 0 1
"105" "GOR" 84 18 235 0.1554 1 102 1 3 0.459756 4 0.443323 0 0.977777777777778 0.560415177304964 0.0292330071652391 0 1260 479 51.069 37.436 0 1113 153.301 61.001 0 463 46.92 34.6406312490597 0
"106" "hansen" 17 10 111 0.6529 1 27 1 3 0.161513 2 0.142196 0 0.851851851851852 0.821295156695157 0.0278392159074338 0.126 1517 225 64.665 23.908 0 1412 702.642 151.949 0.001 196 53.84 23.019850897726 0
"107" "Herb_Basset&Sam" 10 36 94 0.2611 1 46 1 5 0.367927 5 0.329448 0.64 0.981818181818182 0.749294172494173 0.0250373125734304 0 297 48 2.153 2.412 0 211 94.073 44.241 0.009 38 2.12 2.4382474249039 0
"108" "Herb_Bluthgen2006" 38 12 54 0.1184 4 43 1 6 0.5296 5 0.5188 0.76 0.925925925925926 0.698259722222222 0.0424162740103766 0 13 1 0.022 0.183 0.018 2 1.694 2.125 0.347 0 0 0 1
"109" "Herb_Bodner2009" 45 59 76 0.0286 28 19 1 4 0.574074 4 0.564815 0.46 1 0.724541666666667 0.0496795390303184 0 0 0 0 0 1 0 0 0 1 0 0 0 1
"110" "Herb_Coley2006" 37 45 83 0.0498 9 61 1 8 0.705714 8 0.697347 0 0.96875 0.764624219877345 0.0178888652917422 0 11 9 0.013 0.113 0 11 3.484 2.249 0.002 9 0.01 0.1 0
"111" "Herb_CuevasReyes" 29 29 29 0.0345 29 2 29 NA NA NA NA NA NA NA NA NA NA NA NA NA NA NA NA NA NA NA NA NA NA
"112" "Herb_Dawah1995" 10 17 19 0.1118 8 8 1 3 0.367347 3 0.357143 0.82 1 0.700416666666667 0.136668309559858 0.026 0 0 0 0 1 0 0 0 1 0 0 0 1
"113" "Herb_Futuyma1979" 18 57 440 0.4288 1 75 1 5 0.180563 4 0.161643 0.01 0.98 0.878558974358974 0.0232881163592942 0 18202 1904 376.843 127.033 0 17688 11901.89 1550.271 0 1904 377.77 114.726011334691 0
"114" "Herb_Hen&Mem_P100" 32 26 74 0.0889 3 54 1 8 0.495563 7 0.496142 0.99 1 0.709565104166667 0.0379926510773159 0 69 2 0.289 1.226 0.045 26 12.341 10.327 0.113 2 0.18 0.716049769727826 0.02
"115" "Herb_Hen&Mem_P199" 22 23 47 0.0929 5 37 1 6 0.518659 5 0.509735 0.99 1 0.866735064935065 0.0297966255813497 0 21 0 0.12 0.62 1 16 11.699 7.365 0.402 0 0.13 0.48523658709391 1
"116" "Herb_Hen&Mem_P200" 32 27 69 0.0799 5 51 1 8 0.51432 8 0.505562 1 1 0.942085416666667 0.0142127987607611 0 33 1 0.041 0.231 0.036 33 26.143 7.675 0.24 1 0.1 0.389249472080761 0.08
"117" "Herb_Hen&Mem_P299" 26 25 53 0.0815 5 43 1 7 0.551853 9 0.542691 1 1 0.680105952380952 0.046045727704339 0 9 0 0.057 0.275 1 0 1.243 1.583 1 0 0.1 0.627645914460848 1
"118" "Herb_Janzen1980" 95 110 160 0.0153 55 19 1 4 0.512397 4 0.494835 0.05 1 0.7939 0.0294169465722485 0.003 5 2 0.043 0.203 0 5 1.785 1.366 0.029 2 0.04 0.196946385566932 0
"119" "Herb_Jermy2003" 51 27 66 0.0479 17 16 1 4 0.404321 4 0.387346 0.63 0.791666666666667 0.7028125 0.0572075720516965 0.096 2 0 0 0 1 0 0.051 0.22 1 0 0 0 1
"120" "Herb_Loye1992" 42 34 76 0.0532 10 53 1 6 0.631634 7 0.636837 0.07 1 0.64493253968254 0.0443270930615478 0 13 11 0.092 0.46 0 13 1.756 2.243 0 11 0.09 0.451596494604856 0
"121" "Herb_Memmott1994" 54 92 103 0.0207 45 12 1 4 0.372781 4 0.346154 0.9 1 0.751145833333333 0.0822258506651098 0.007 2 0 0.013 0.113 1 0 0.287 0.501 1 0 0.01 0.1 1
"122" "Herb_Muller1999" 26 25 47 0.0723 13 14 1 2 0.24 2 0.23875 0.7 1 0.696525 0.0658056209966501 0.005 28 28 2.541 7.064 0.015 28 2.233 6.627 0.01 28 3.71 8.29176907200353 0.02
"123" "Herb_Nakagawa2003_96" 20 29 109 0.1879 1 49 1 6 0.334231 6 0.312095 0.83 0.909722222222222 0.714197811447811 0.0308268618782123 0 473 28 1.771 3.058 0.002 265 78.052 64.11 0.016 26 1.45 2.53211693284812 0
"124" "Herb_Nakagawa2003_98" 13 37 91 0.1892 1 50 1 6 0.396933 6 0.370789 0.83 0.858134920634921 0.80161626984127 0.0143680862615265 0.003 189 12 0.564 1.172 0.001 104 61.648 30.812 0.103 4 0.2 0.492365963917331 0
"125" "Herb_Novotny2005" 30 29 48 0.0552 14 13 1 4 0.357143 4 0.329082 0.97 1 0.7082125 0.105925357091798 0.004 3 0 0.033 0.21 1 0 0.274 0.658 1 0 0.03 0.171446607997765 1
"126" "Herb_Novotny2012" 38 544 1832 0.0886 1 582 1 5 0.436927 7 0.441304 0 0.84875065452439 0.585350749073728 0.0124572268573263 0 73287 25574 1749.862 483.831 0 20754 9159.026 1050.357 0 8290 627.7 242.28122485903 0
"127" "Herb_Pearse&Alterm" 759 900 5219 0.0076 12 1637 1 13 0.552863 19 0.512735 0 0.929079439887874 0.938829247919127 0.00543769379240949 0.961 113222 53475 686.033 371.356 0 111806 88109.207 9531.004 0 53155 615.36 330.573683163073 0
"128" "Herb_Prado&Lewin" 81 35 163 0.0575 2 113 1 6 0.626365 8 0.618688 0 1 0.849180050505051 0.0171006509374099 0 108 46 0.584 1.294 0 106 52.605 23.829 0 46 0.69 1.53540702990274 0
"129" "Herb_Rathcke1976_70" 7 10 22 0.3143 2 15 1 4 0.340136 4 0.309524 0.53 0.9375 0.684895833333333 0.0820444172868314 0.004 10 1 0.043 0.203 0.043 5 0.871 1.155 0.017 0 0 0 1
"130" "Herb_Rathcke1976_71" 7 11 21 0.2727 2 16 1 4 0.395 4 0.38625 0.32 0.875 0.702566666666667 0.0875815459663765 0.026 5 2 0.06 0.246 0.002 4 0.526 0.829 0.015 2 0.05 0.21904291355759 0
"131" "Herb_Stary&Hav" 101 92 146 0.0157 52 42 1 6 0.622449 5 0.617914 0.84 1 0.773400252525253 0.0454689534672853 0 1 0 0.012 0.109 1 1 0.303 0.46 0.303 0 0 0 1
"132" "Herb_Tavakilian1997" 302 353 1002 0.0094 37 559 1 12 0.749479 24 0.753566 0 0.952358250699212 0.948155986595693 0.00418319421638571 0.165 1356 1137 1.485 2.195 0 1355 1091.423 108.618 0 1136 1.08 1.49531254122996 0
"133" "Herb_Tscharnatke2001" 10 16 19 0.1187 8 9 1 4 0.333333 3 0.32716 0.75 1 0.823875 0.0808294053409263 0.076 1 0 0 0 1 1 0.157 0.364 0.157 0 0 0 1
"134" "Herb_Ueckert&Hans" 40 14 152 0.2714 1 54 1 3 0.344529 3 0.30512 0 0.962962962962963 0.59791975308642 0.0471843468132892 0 1521 478 44.458 31.883 0 809 142.828 87.865 0 476 43.98 28.0659324743819 0
"135" "holmfeldt" 22 46 418 0.413 2 66 1 4 0.186912 3 0.160945 0 0.808712121212121 0.596283482142857 0.0405052537247552 0 16933 2267 392.4 115.669 0 4291 1964.668 231.575 0 1056 228.86 81.0005636593432 0
"136" "IZ_PA_COLpen" 5 6 7 0.2333 4 4 1 2 0.222222 2 0.166667 1 1 0.7615 0.249860321340104 0.523 0 0 0 0 1 0 0 0 1 0 0 0 1
"137" "IZ_PA_DIM10" 9 8 9 0.125 8 3 1 NA NA NA NA NA NA NA NA NA NA NA NA NA NA NA NA NA NA NA NA NA NA
"138" "IZ_PA_DIM100" 7 9 11 0.1746 5 4 2 NA NA NA NA NA NA NA NA NA NA NA NA NA NA NA NA NA NA NA NA NA NA
"139" "IZ_PA_FLO" 8 13 17 0.1635 5 8 1 3 0.25 2 0.25 0.86 0.833333333333333 0.728277777777778 0.117346966019112 0.322 1 0 0 0 1 0 0 0 1 0 0 0 1
"140" "IZ_PA_PA10" 7 8 9 0.1607 6 4 1 NA NA NA NA NA NA NA NA NA NA NA NA NA NA NA NA NA NA NA NA NA NA
"141" "IZ_PA_PAcamp" 9 12 16 0.1481 6 5 2 NA NA NA NA NA NA NA NA NA NA NA NA NA NA NA NA NA NA NA NA NA NA
"142" "IZ_PA_POW" 8 10 12 0.15 6 5 1 2 0.25 2 0.21875 1 1 0.73525 0.162006739624263 0.163 0 0 0 0 1 0 0 0 1 0 0 0 1
"143" "KAIS09_CONT" 58 100 534 0.0921 1 158 1 6 0.308214 9 0.276982 0.99 0.934408184408184 0.936875990675991 0.00490943759439659 0.714 9801 819 42.015 28.996 0 9036 7147.24 1097.174 0.036 776 32.68 22.7142459636451 0
"144" "KAIS09_REST" 73 135 744 0.0755 1 208 1 7 0.315987 9 0.296915 0.21 0.918051858424529 0.913946761313221 0.0191884464041075 0.706 13908 1047 53.826 34.98 0 12688 9145.057 1607.443 0.005 904 42.47 39.2712542980411 0
"145" "kankila" 31 12 346 0.9301 1 43 1 2 0.043369 3 0.016644 1 0.966666666666667 0.648805128205128 0.0248382247913083 0 24173 8264 6787.978 548.983 0.011 6635 5489.611 420.594 0.009 6635 5494.37 463.206820639408 0.02
"146" "krylov" 10 10 73 0.73 1 20 1 3 0.1231 3 0.106305 0.19 1 0.904694444444444 0.0534961919432493 0.014 738 192 78.062 31.141 0.002 636 470.493 74.332 0.048 192 72.03 27.5854796381844 0
"147" "kudva" 11 3 33 1 1 14 1 7 0 1 0 1 0.904761904761905 0.86702380952381 0.0526382353652848 0.261 165 0 0 0 1 30 30 0 1 0 0 0 1
"148" "langley" 33 9 99 0.3333 1 42 1 3 0.309458 3 0.309254 0.05 0.788888888888889 0.809738888888889 0.00678023744185377 1 357 80 9.441 6.4 0 150 171.032 48.795 0.642 47 6.36 5.76215447922253 0
"149" "M_AF_001" 10 26 80 0.3077 1 36 1 5 0.289531 5 0.273828 0.7 0.905555555555556 0.734430555555556 0.0323954855567835 0.002 292 21 1.894 2.483 0.001 164 95.572 44.347 0.078 13 0.97 1.72594579546662 0
"150" "M_AF_002_01" 6 5 10 0.3333 1 11 1 4 0.44 4 0.41 0.81 1 0.745270833333333 0.101911846609413 0.01 0 0 0 0 1 0 0 0 1 0 0 0 1
"151" "M_AF_002_02" 2 4 4 0.5 2 3 2 NA NA NA NA NA NA NA NA NA NA NA NA NA NA NA NA NA NA NA NA NA NA
"152" "M_AF_002_03" 3 2 4 0.6667 1 5 1 2 0.25 2 0.21875 1 1 0.731833333333333 0.161034205523802 0.156 0 0 0 0 1 0 0 0 1 0 0 0 1
"153" "M_AF_002_04" 4 5 8 0.4 1 9 1 3 0.4375 3 0.367188 0.89 1 0.752555555555556 0.0679365031104386 0.033 0 0 0 0 1 0 0 0 1 0 0 0 1
"154" "M_AF_002_05" 3 4 6 0.5 1 7 1 2 0.333333 3 0.319444 0.74 1 0.675125 0.114771651146557 0.042 0 0 0 0 1 0 0 0 1 0 0 0 1
"155" "M_AF_002_06" 4 4 7 0.4375 1 8 1 3 0.367347 2 0.357143 0.93 1 0.718833333333333 0.142718084996676 0.056 0 0 0 0 1 0 0 0 1 0 0 0 1
"156" "M_AF_002_07" 2 3 3 0.5 2 3 1 NA NA NA NA NA NA NA NA NA NA NA NA NA NA NA NA NA NA NA NA NA NA
"157" "M_AF_002_08" 5 3 7 0.4667 1 8 1 3 0.408163 3 0.377551 0.32 1 0.756333333333333 0.109585285785943 0.067 0 0 0 0 1 0 0 0 1 0 0 0 1
"158" "M_AF_002_09" 4 4 7 0.4375 1 8 1 3 0.387755 3 0.357143 0.84 1 0.738 0.107311060995408 0.049 0 0 0 0 1 0 0 0 1 0 0 0 1
"159" "M_AF_002_10" 4 5 6 0.3 3 5 1 2 0.25 2 0.21875 1 1 0.7335 0.162929317893668 0.166 0 0 0 0 1 0 0 0 1 0 0 0 1
"160" "M_AF_002_11" 4 4 4 0.25 4 2 4 NA NA NA NA NA NA NA NA NA NA NA NA NA NA NA NA NA NA NA NA NA NA
"161" "M_AF_002_12" 4 4 7 0.4375 1 8 1 3 0.387755 3 0.357143 0.86 1 0.736444444444444 0.101983928681747 0.037 0 0 0 0 1 0 0 0 1 0 0 0 1
"162" "M_AF_002_13" 4 4 6 0.375 2 6 1 2 0.32 3 0.26 1 1 0.704 0.105174751699549 0.112 0 0 0 0 1 0 0 0 1 0 0 0 1
"163" "M_AF_002_14" 5 5 8 0.32 2 8 1 3 0.367347 2 0.357143 0.84 1 0.7055 0.147478246417903 0.052 0 0 0 0 1 0 0 0 1 0 0 0 1
"164" "M_AF_002_15" 4 5 7 0.35 2 7 1 3 0.333333 3 0.319444 0.78 1 0.739333333333333 0.138971013424389 0.06 0 0 0 0 1 0 0 0 1 0 0 0 1
"165" "M_AF_002_16" 4 3 4 0.3333 3 3 1 NA NA NA NA NA NA NA NA NA NA NA NA NA NA NA NA NA NA NA NA NA NA
"166" "M_PA_001" 16 8 19 0.1484 6 9 1 2 0.375 2 0.367188 0.69 1 0.663525 0.110882795641927 0.012 0 0 0 0 1 0 0 0 1 0 0 0 1
"167" "M_PA_002" 6 4 13 0.5417 1 10 1 3 0.248521 2 0.221893 0.4 1 0.748388888888889 0.0617240322115199 0.03 7 0 0 0 1 3 0.782 1.069 0.162 0 0 0 1
"168" "M_PA_003" 24 15 45 0.125 4 28 1 4 0.580716 4 0.563915 0 0.964285714285714 0.727248511904762 0.0267957869091447 0 13 11 0.103 0.358 0 13 3.425 2.088 0 11 0.13 0.544114515576093 0
"169" "M_PA_004" 41 48 284 0.1443 1 89 1 5 0.305173 8 0.268746 0.95 0.879871794871795 0.695251581196581 0.0244114189803474 0 2982 441 33.383 21.077 0 1933 651.675 307.115 0 339 17.96 14.982090318211 0
"170" "M_PL_001" 84 101 361 0.0426 4 177 1 8 0.50909 8 0.503002 0 0.940238747320791 0.827100456851385 0.034204929656481 0 842 297 3.964 3.881 0 479 393.51 119.803 0.263 161 2.03 2.47188228283671 0
"171" "M_PL_002" 43 64 196 0.0712 2 103 1 6 0.507396 8 0.499946 0 0.912236399078504 0.903511678185362 0.00721726707756922 0.111 220 84 1.12 1.64 0 146 141.437 30.165 0.48 58 0.58 0.818720361480665 0
"172" "M_PL_003" 36 25 81 0.09 1 61 1 7 0.587563 7 0.578189 0.09 0.947409733124019 0.665520550877694 0.0422900936599179 0 18 11 0.088 0.361 0 9 2.704 2.219 0.016 5 0.02 0.14070529413629 0
"173" "M_PL_004" 12 102 167 0.1364 2 112 1 5 0.478952 6 0.472982 0.69 0.761708619374523 0.587695886874377 0.0294666831386518 0 282 12 1.764 2.799 0.014 118 40.088 25.432 0.008 12 1.39 3.03812475389047 0.02
"174" "M_PL_005" 96 275 923 0.035 6 361 1 10 0.423537 14 0.401694 0.05 0.9875 0.96936651882777 0.00859853493558878 0 10584 930 20.469 17.07 0 8666 9465.248 900.464 0.806 749 18.32 15.8737951901042 0
"175" "M_PL_006" 17 61 146 0.1408 1 78 1 5 0.399465 7 0.371716 0.99 0.98 0.935291895424837 0.0218536237163608 0 537 57 3.88 5.233 0 389 372.142 118.943 0.563 36 2.27 3.38402366445865 0
"176" "M_PL_007" 16 36 85 0.1476 2 50 1 6 0.423753 6 0.407384 0.78 1 0.879733297258297 0.00946255884745533 0 129 7 0.339 0.817 0 72 75.985 29.917 0.625 7 0.23 0.617178329908861 0
"177" "M_PL_008" 11 38 106 0.2536 1 49 1 5 0.35858 5 0.330011 0.41 0.753787878787879 0.659939393939394 0.0338664328384006 0.014 238 34 1.361 1.684 0 101 38.969 18.149 0.004 8 0.19 0.525991127935317 0
"178" "M_PL_009" 24 118 242 0.0855 1 142 1 7 0.507923 8 0.495706 0.62 0.90690737833595 0.85310002252406 0.0161712739007618 0 436 53 1.764 2.628 0 372 183.202 69.99 0.005 45 0.45 0.967919772950572 0
"179" "M_PL_010" 31 76 456 0.1935 1 107 1 6 0.249091 6 0.22594 0.94 0.858946608946609 0.849850309820898 0.00869605543326567 0.158 7363 334 35.838 19.188 0 4358 4143.883 793.283 0.401 200 20.56 12.8206903484212 0
"180" "M_PL_011" 14 13 52 0.2857 1 27 1 5 0.329142 5 0.268861 0.99 0.95 0.815447142857143 0.0241921225080501 0 89 11 0.385 0.867 0 64 35.271 23.505 0.16 11 0.35 0.770346898114313 0
"181" "M_PL_012" 29 55 145 0.0909 1 84 1 6 0.458026 7 0.439738 0.96 0.948412698412698 0.867928780284043 0.0128722282300877 0 371 56 1.675 2.63 0 216 216.104 72.362 0.491 52 2.05 3.6745782414483 0
"182" "M_PL_013" 9 56 103 0.2044 1 65 1 6 0.444622 6 0.415732 0.94 0.981481481481482 0.81526531986532 0.0126909179662324 0 203 7 0.311 0.906 0.001 134 78.49 39.615 0.09 7 0.44 1.13990961895842 0.01
"183" "M_PL_014" 29 81 179 0.0762 2 108 1 7 0.492299 8 0.484677 0.44 0.946066145756548 0.794297244336331 0.0131950958773294 0 291 20 0.762 1.658 0 218 85.943 66.419 0.021 15 0.7 1.86135608217409 0.01
"184" "M_PL_015" 131 666 2933 0.0336 2 793 1 6 0.44156 8 0.406397 0 0.986871158741544 0.984609061487948 0.0121304589227166 0.832 46862 15524 606.368 156.927 0 35899 40291.156 2515.284 0.951 14895 550.25 114.70686178871 0
"185" "M_PL_016" 26 179 412 0.0885 1 205 1 7 0.468576 8 0.457624 0.01 0.863149778946743 0.586308476831782 0.0256914668850399 0 1661 231 7.129 6.661 0 638 241.814 92.015 0 124 4.17 5.03132610990805 0
"186" "M_PL_017" 25 79 299 0.1514 1 104 1 5 0.339851 5 0.308626 0.35 0.909151138716356 0.807896574440053 0.0061962842107922 0 2800 277 20.063 16.652 0 1088 1162.892 372.456 0.572 183 13.36 14.7480661290033 0
"187" "M_PL_018" 39 105 383 0.0935 1 144 1 6 0.378985 9 0.364458 0.21 0.896338867603235 0.896380241182827 0.00369427108352469 0.491 1767 182 8.104 6.67 0 1353 1042.109 234.962 0.097 149 5.86 5.295357219377 0
"188" "M_PL_019" 40 85 264 0.0776 2 123 1 7 0.411673 9 0.411485 0.79 0.95078031212485 0.942493218866494 0.00551622571791571 0.042 835 80 1.864 2.479 0 587 643.681 105.783 0.718 71 1.38 1.94250697124446 0
"189" "M_PL_020" 20 91 190 0.1044 2 109 1 5 0.464965 6 0.451569 0.09 0.933333333333333 0.934210956318867 0.00732296101739721 0.551 537 84 2.624 4.136 0 466 376.634 118.041 0.282 73 1.57 2.81502103621686 0
"190" "M_PL_021" 91 677 1193 0.0194 2 766 1 12 0.628991 15 0.618354 0 0.927694938334651 0.560256155909971 0.0136083913180954 0 2799 596 2.802 5.185 0 1468 357.513 126.338 0 379 1.44 2.35839356385235 0
"191" "M_PL_022" 21 45 83 0.0878 1 66 1 8 0.624764 8 0.621716 0.01 0.988636363636364 0.857942094363969 0.0228067098719306 0 28 13 0.046 0.249 0 25 12.166 5.695 0.013 11 0.01 0.1 0
"192" "M_PL_023" 23 72 125 0.0755 3 90 1 8 0.572091 9 0.559359 0.18 0.964285714285714 0.887293968837535 0.0178770076000567 0 98 8 0.175 0.601 0 94 45.838 29.354 0.004 7 0.07 0.256432399976243 0
"193" "M_PL_024" 11 18 38 0.1919 3 22 1 4 0.379247 4 0.35629 0.52 1 0.823348214285714 0.0274910920974602 0 29 3 0.407 0.804 0.045 23 13.015 7.622 0.149 3 0.39 0.777135376842023 0.06
"194" "M_PL_025" 13 44 143 0.25 1 57 1 6 0.312534 4 0.297692 0.21 1 0.894321047008547 0.0108186250009994 0 888 36 4.62 5.36 0.002 638 594.314 147.308 0.44 36 4.42 4.75708934012165 0
"195" "M_PL_026" 105 54 204 0.036 4 150 1 8 0.563004 9 0.554229 1 0.832575464396285 0.632069657010777 0.0311233108140826 0 143 22 0.134 0.781 0 72 8.891 9.805 0.001 21 0.08 0.50612411142092 0
"196" "M_PL_027" 18 60 120 0.1111 2 75 1 6 0.556162 8 0.528404 0.03 0.898268398268398 0.611440484953643 0.0360274848261014 0 86 61 0.527 1.204 0 75 9.828 6.021 0 61 0.51 0.915577865767204 0
"197" "M_PL_028" 41 139 374 0.0656 1 180 1 8 0.477759 7 0.461301 0.03 0.916942970822281 0.877830086293017 0.0223111441193493 0.001 1055 183 3.429 4.055 0 934 605.506 155.497 0.015 147 1.81 2.20511343302907 0
"198" "M_PL_029" 49 118 346 0.0598 1 167 1 7 0.481648 8 0.468801 0.01 0.976121761836047 0.772447929980073 0.0137638831489166 0 921 181 2.644 3.612 0 772 405.534 185.896 0.004 170 2.63 4.04683440319328 0
"199" "M_PL_030" 28 53 109 0.0735 5 70 1 8 0.558769 8 0.54578 0.27 0.859722222222222 0.691523363095238 0.0228275695891342 0 23 6 0.038 0.196 0 18 4.442 3.199 0 4 0.03 0.171446607997765 0
"200" "M_PL_031" 48 49 156 0.0663 3 91 1 8 0.595092 8 0.573883 0 0.84210927960928 0.695246071910546 0.0213598852568426 0 259 143 0.596 1.37 0 230 52.46 34.515 0 124 0.6 1.76383420737639 0
"201" "M_PL_032" 7 33 65 0.2814 1 40 1 5 0.35716 5 0.329349 0.76 0.866666666666667 0.633508333333333 0.050909276047973 0 159 0 0.126 0.496 1 14 13.775 10.524 0.4 0 0.07 0.355476632654857 1
"202" "M_PL_033" 13 34 141 0.319 1 47 1 5 0.266435 4 0.238997 0.6 0.909090909090909 0.874477950937951 0.0235674290604682 0.004 897 126 8.968 6.925 0 817 497.29 121.205 0.003 124 6.53 6.18642208241712 0
"203" "M_PL_034" 26 128 312 0.0938 2 151 1 8 0.443319 8 0.420645 0.13 0.924968671679198 0.84304013578749 0.0100259120187419 0 1498 141 3.344 6.496 0 611 317.084 150.585 0.04 44 0.3 0.674199862463242 0
"204" "M_PL_035" 61 36 178 0.0811 1 97 1 6 0.481221 8 0.483651 0.03 0.994623655913978 0.886024887992832 0.0127874539757115 0 303 60 1.378 2.396 0 277 186.35 52.295 0.014 54 1.06 1.48269478935614 0
"205" "M_PL_036" 10 12 30 0.25 1 22 1 4 0.444444 4 0.419444 0.2 0.775 0.698460416666667 0.0547679753506185 0.122 12 6 0.175 0.45 0 6 1.897 1.784 0.047 5 0.16 0.486587789373795 0
"206" "M_PL_037" 10 40 72 0.18 1 50 1 5 0.501157 6 0.479167 0.58 1 0.762534797979798 0.0117741142591198 0 53 6 0.232 0.566 0.001 42 18.404 9.963 0.009 6 0.29 0.756053015083044 0
"207" "M_PL_038" 8 42 79 0.2351 1 50 1 4 0.439994 6 0.408108 0.76 0.836111111111111 0.642977777777778 0.0335598990221653 0 95 40 0.857 1.687 0 68 14.013 11.511 0 31 0.58 1.79325334957378 0
"208" "M_PL_039" 17 51 129 0.1488 1 68 1 6 0.461451 6 0.46085 0 0.988888888888889 0.926594722222222 0.0205371240621858 0 319 175 9.205 11.288 0 306 238.288 51.855 0.053 169 8.2 8.15506287560375 0
"209" "M_PL_040" 29 43 114 0.0914 2 70 1 6 0.54554 6 0.53438 0 0.909259259259259 0.636148182957394 0.0317567738085357 0 99 44 0.406 1.072 0 85 12.207 9.386 0 44 0.25 0.609271795844942 0
"210" "M_PL_041" 31 43 145 0.1088 3 70 1 5 0.406524 6 0.398137 0.41 0.935555555555556 0.827959731379731 0.00888285693571118 0 411 59 2.713 3.706 0 371 182.433 77.996 0.003 53 2.25 2.72798812166021 0
"211" "M_PL_042" 12 6 25 0.3472 2 16 1 3 0.3125 3 0.288194 0.19 1 0.814126984126984 0.032996106801435 0.007 35 10 0.59 1.3 0.001 30 8.755 9.057 0.064 10 0.45 1.07661084384791 0
"212" "M_PL_043" 28 82 250 0.1089 1 110 1 7 0.404208 8 0.391816 0.36 0.911544011544012 0.85634399255715 0.0221152684352036 0 751 93 3.394 3.585 0 488 349.099 106.122 0.091 54 2.03 3.12194901568966 0
"213" "M_PL_044" 110 609 1125 0.0168 4 712 1 13 0.619743 19 0.619361 0 0.916821273166541 0.901613928567682 0.00665150865508884 0.003 1651 513 1.924 3.083 0 1483 800.336 235.59 0 510 1.46 2.44296557652391 0
"214" "M_PL_045" 17 26 63 0.1425 2 41 1 5 0.456035 6 0.441597 0.67 0.798888888888889 0.631350555555556 0.0448714102240227 0.001 56 8 0.276 0.79 0.001 6 6.773 5.346 0.478 1 0.06 0.342893215995531 0.04
"215" "M_PL_046" 16 44 278 0.3949 1 60 1 3 0.216798 3 0.189088 0 0.856666666666667 0.850298888888889 0.00984855721740244 0.276 6329 858 206.386 60.018 0 3536 3417.868 645.92 0.425 473 127.59 55.2017594142093 0
"216" "M_PL_047" 19 186 425 0.1203 1 205 1 7 0.419006 6 0.41076 0 0.860272080860316 0.630122998150309 0.0104200952768612 0 3245 216 10.696 11.932 0 1751 609.883 239.645 0 182 8.44 10.0486895472077 0
"217" "M_PL_048" 30 236 671 0.0948 1 266 1 6 0.384323 8 0.376496 0 0.946793516560958 0.729752107983136 0.015332009156129 0 8621 1043 55.427 33.626 0 6219 2895.715 862.709 0 879 44.81 28.7070522430438 0
"218" "M_PL_049" 37 225 590 0.0709 1 262 1 7 0.446639 8 0.421442 0.14 0.929256735071457 0.926133818774893 0.00818159018345154 0.383 3887 736 16.531 17.03 0 2191 2290.857 474.536 0.582 425 9.12 11.4858542775385 0
"219" "M_PL_050" 14 35 86 0.1755 1 49 1 4 0.426176 5 0.4255 0.08 1 0.643446103238866 0.0355673022262871 0 138 31 2.453 2.937 0 96 24.108 14.618 0 31 2.98 3.04172997028356 0
"220" "M_PL_051" 14 90 164 0.1302 1 104 1 6 0.490965 7 0.485332 0.14 0.885970209339775 0.626155678609108 0.0266945430511553 0 325 22 0.81 1.81 0 166 39.21 24.632 0.002 19 0.52 1.07759552765039 0
"221" "M_PL_052" 15 39 92 0.1573 2 52 1 6 0.408646 6 0.397235 0.87 0.873015873015873 0.645242328042328 0.0390514273764032 0 135 9 0.634 1.238 0.004 49 18.482 11.929 0.029 4 0.31 0.761378335452861 0.01
"222" "M_PL_053" 99 294 589 0.0202 8 364 1 10 0.634205 11 0.642327 0 0.941106821106821 0.725678370840344 0.00914807711331406 0 412 119 0.694 1.373 0 383 148.036 48.647 0 112 0.7 1.38898989531707 0
"223" "M_PL_054" 113 318 773 0.0215 8 414 1 9 0.546585 11 0.541841 0 0.937165000724323 0.92751667437853 0.00470624305055379 0.015 1640 307 4.415 5.677 0 1100 1293.473 186.016 0.849 249 4.79 6.30102605080548 0
"224" "M_PL_055" 64 195 431 0.0345 3 253 1 11 0.561353 11 0.54207 0.64 0.985449002217295 0.968315519828196 0.0110509878655896 0 564 159 0.799 1.54 0 415 481.572 64.867 0.846 123 0.86 1.79235187742956 0
"225" "M_PL_056" 91 365 871 0.0262 1 456 1 9 0.548026 11 0.532003 0 0.932415699281371 0.934490152839217 0.0044694146325134 0.689 2173 579 5.549 5.715 0 1975 1623.478 241.391 0.055 482 3.38 3.45177453996455 0
"226" "M_PL_057" 114 883 1920 0.0191 1 997 1 11 0.544604 12 0.539805 0 0.988235736610176 0.952287061253611 0.0092763149351119 0 14421 1890 44.919 31.955 0 13598 10804.287 1599.241 0.013 1757 29.33 21.8526077310344 0
"227" "M_PL_058" 32 81 319 0.1231 2 111 1 6 0.341403 7 0.306624 0.91 0.890001271294177 0.815414606110687 0.0238923003990668 0 2692 279 17.773 12.852 0 1481 1254.147 355.747 0.266 174 13.32 12.4809997009596 0
"228" "M_PL_059" 13 13 71 0.4201 1 26 1 3 0.230113 5 0.169014 1 0.861111111111111 0.823538888888889 0.0325221197755381 0.027 461 67 19.238 10.379 0.001 328 177.447 85.375 0.067 58 7.47 7.79465628919368 0
"229" "M_PL_060_01" 11 39 95 0.2214 1 50 1 6 0.359114 7 0.329529 0.99 0.865277777777778 0.750175320512821 0.0227452875941172 0 272 22 1.197 2.073 0 142 61.843 33.496 0.026 18 0.92 1.54841071992406 0
"230" "M_PL_060_02" 12 38 107 0.2346 1 50 1 5 0.336623 6 0.315399 0.8 0.981818181818182 0.918420454545455 0.0229924479481606 0 402 44 3.491 3.666 0 321 242.684 70.228 0.146 38 2.38 3.20599186499028 0
"231" "M_PL_060_03" 13 45 130 0.2222 1 58 1 5 0.340296 6 0.332663 0.23 0.924444444444444 0.793806587301587 0.013741769398159 0 622 59 4.518 4.513 0 402 267.149 94.346 0.09 56 2.96 3.31180929524645 0
"232" "M_PL_060_04" 21 46 134 0.1387 1 67 1 6 0.399421 7 0.371241 0.99 0.905820105820106 0.762857753357753 0.0105703619936464 0 291 25 1.1 1.771 0 79 89.056 42.689 0.539 8 0.57 1.11241842284041 0
"233" "M_PL_060_05" 33 54 144 0.0808 2 85 1 6 0.491418 9 0.474815 0.83 0.911764705882353 0.810687552371376 0.0100176228270747 0 170 26 0.717 1.222 0 92 71.023 30.036 0.265 17 0.5 1.02985730108887 0
"234" "M_PL_060_06" 26 45 96 0.0821 2 69 1 6 0.566205 8 0.550194 0.62 0.910582010582011 0.65006164021164 0.0264967809409731 0 43 7 0.168 0.551 0 10 7.382 6.395 0.277 4 0.12 0.356186309210063 0
"235" "M_PL_060_07" 29 39 108 0.0955 1 68 1 7 0.459448 7 0.457776 0.97 0.857467532467532 0.628032351576994 0.0410619130759474 0 123 19 0.398 1.287 0 57 13.295 10.168 0.005 6 0.16 0.506921785850339 0
"236" "M_PL_060_08" 19 28 72 0.1353 1 47 1 5 0.51331 5 0.501254 0.01 1 0.634730714285714 0.0407125036363535 0 70 23 0.435 0.949 0 54 8.735 6.087 0 23 0.41 0.911154224158578 0
"237" "M_PL_060_09" 18 40 78 0.1083 2 56 1 6 0.522179 7 0.512228 0.85 0.893518518518518 0.771477861952862 0.014891682977089 0 45 3 0.114 0.386 0.006 31 16.555 9.684 0.109 2 0.06 0.342893215995531 0.01
"238" "M_PL_060_10" 14 25 51 0.1457 3 35 1 5 0.483965 5 0.476676 0.2 0.977777777777778 0.648696666666667 0.0546375162809021 0 23 8 0.263 0.8 0.001 19 2.354 2.391 0 7 0.13 0.393251147037697 0
"239" "M_PL_060_11" 14 20 43 0.1536 1 34 1 5 0.547864 5 0.538399 0.1 0.942857142857143 0.646313095238095 0.0505832055997836 0 10 4 0.025 0.156 0 8 1.009 1.18 0 4 0.07 0.355476632654857 0
"240" "M_PL_060_12" 11 26 60 0.2098 2 35 1 4 0.399885 5 0.372163 0.73 0.86875 0.648589583333333 0.0454428660794521 0 81 11 0.945 1.519 0.001 24 9.048 6.23 0.037 9 0.77 1.27805881845647 0
"241" "M_PL_060_13" 7 31 48 0.2212 2 36 1 5 0.449072 5 0.431417 0.8 0.875 0.650520952380952 0.0530927209209753 0 22 0 0.124 0.549 1 4 2.629 2.775 0.259 0 0.32 1.00383104538402 1
"242" "M_PL_060_14" 11 37 99 0.2432 1 48 1 5 0.335782 6 0.30752 0.93 0.986666666666667 0.878994458874459 0.0285785633751133 0 346 50 4.958 4.96 0 202 213.312 59.922 0.555 37 4.07 4.25275905688996 0
"243" "M_PL_060_15" 14 37 131 0.2529 1 51 1 5 0.319678 5 0.298788 0.43 0.884615384615385 0.69955452991453 0.0236687581402502 0 507 53 3.543 3.454 0 123 126.703 56.226 0.475 30 3.06 3.95126881552309 0
"244" "M_PL_060_16" 17 39 114 0.1719 1 56 1 6 0.375115 6 0.364343 0.74 0.848484848484849 0.822382365319865 0.0116585127299792 0.006 296 22 1.128 1.724 0 233 131.285 49.043 0.019 7 0.3 0.594588390010563 0
"245" "M_PL_060_17" 17 35 100 0.1681 1 52 1 4 0.4016 5 0.3941 0.31 0.854166666666667 0.679220833333333 0.0190398079572614 0 173 45 2.867 3.249 0 90 36.857 18.75 0.01 36 2.28 2.48258581387076 0
"246" "M_PL_060_18" 20 28 75 0.1339 1 48 1 7 0.460444 6 0.453422 0.53 0.936507936507937 0.749114538239538 0.025954791270447 0 89 8 0.233 0.635 0 60 24.113 15.073 0.024 8 0.08 0.272659924344291 0
"247" "M_PL_060_19" 18 13 41 0.1752 1 31 1 6 0.449732 5 0.433968 0.98 0.827777777777778 0.674994841269841 0.0523804119613047 0.006 12 0 0.008 0.118 1 6 1.307 1.632 0.037 0 0 0 1
"248" "M_PL_060_20" 12 18 37 0.1713 1 30 1 5 0.493061 6 0.475895 0.86 0.95 0.707184285714286 0.0423982332128041 0 10 1 0.041 0.213 0.039 9 1.9 2.207 0.028 1 0.04 0.196946385566932 0.04
"249" "M_PL_060_21" 6 22 32 0.2424 1 28 1 4 0.490234 4 0.483887 0.49 1 0.728282061688312 0.059859481898451 0 6 1 0.054 0.226 0.054 4 0.732 1.049 0.023 1 0.02 0.14070529413629 0.02
"250" "M_PL_060_22" 13 31 64 0.1588 1 44 1 5 0.463867 6 0.453735 0.67 0.865909090909091 0.648961363636364 0.0451719926473518 0 47 7 0.33 0.78 0 11 4.553 3.883 0.064 3 0.09 0.378593889720018 0.01
"251" "M_PL_060_23" 12 27 57 0.1759 1 39 1 5 0.460142 6 0.445522 0.65 0.966666666666667 0.671057142857143 0.0590673505394101 0 34 12 0.451 0.929 0 13 4.39 3.389 0.032 12 0.43 0.94553709818304 0
"252" "M_PL_060_24" 14 24 46 0.1369 2 36 1 5 0.551605 6 0.530617 0.4 0.914285714285714 0.650114718614719 0.050184425184541 0 8 5 0.054 0.247 0 8 1.049 1.202 0 5 0.03 0.171446607997765 0
"253" "M_PL_061_01" 5 12 17 0.2833 1 17 1 3 0.529412 3 0.524221 0.03 1 0.683357142857143 0.0593445994312711 0 1 1 0.012 0.109 0.012 1 0.147 0.354 0.147 1 0.02 0.14070529413629 0.02
"254" "M_PL_061_02" 5 17 27 0.3176 1 22 1 4 0.390947 4 0.371056 0.86 0.804166666666667 0.6862 0.0497855511278232 0.037 12 0 0.023 0.15 1 0 0.333 0.849 1 0 0.01 0.1 1
"255" "M_PL_061_03" 6 14 24 0.2857 1 20 1 5 0.451389 5 0.415799 0.77 0.933333333333333 0.776026666666667 0.0404648685078939 0.004 5 0 0.004 0.063 1 1 1.669 1.394 0.752 0 0.02 0.14070529413629 1
"256" "M_PL_061_04" 8 14 29 0.2589 2 20 1 5 0.369898 4 0.352679 0.65 0.95 0.684145238095238 0.0783722658065247 0 23 1 0.037 0.189 0.037 10 1.803 2.71 0.042 1 0.02 0.14070529413629 0.02
"257" "M_PL_061_05" 12 22 51 0.1932 1 34 1 5 0.430604 6 0.381968 1 0.955555555555556 0.804122222222222 0.0230338761031926 0 48 5 0.308 0.81 0.01 33 15.279 9.569 0.056 5 0.24 0.605029425780768 0
"258" "M_PL_061_06" 11 24 58 0.2197 1 35 1 6 0.387634 5 0.360731 0.97 0.854497354497355 0.674206349206349 0.0507441904266773 0.001 91 9 0.459 1.014 0 18 9.495 6.035 0.086 0 0.05 0.21904291355759 1
"259" "M_PL_061_07" 9 23 62 0.2995 2 30 1 5 0.294276 4 0.276539 0.78 0.96 0.71032126984127 0.0416022282399067 0 170 7 0.867 1.214 0.001 81 37.206 20.752 0.032 7 1.34 1.62194545861045 0
"260" "M_PL_061_08" 6 19 35 0.307 1 25 1 4 0.401633 4 0.385714 0.48 0.96875 0.844857638888889 0.0284641335056732 0.001 29 5 0.326 0.85 0.008 12 14.141 7.282 0.551 1 0.09 0.378593889720018 0.07
"261" "M_PL_061_09" 6 10 15 0.25 1 16 1 3 0.52 3 0.517778 0.68 1 0.654535714285714 0.0704228727615689 0 0 0 0 0 1 0 0 0 1 0 0 0 1
"262" "M_PL_061_10" 5 14 20 0.2857 1 19 1 5 0.51 5 0.48875 0.59 0.933333333333333 0.74642 0.0549148767469488 0.002 2 0 0 0 1 1 0.286 0.526 0.25 0 0 0 1
"263" "M_PL_061_11" 6 12 17 0.2361 2 16 1 3 0.496094 3 0.490234 0.36 1 0.672603174603175 0.0733128131402401 0 1 1 0.029 0.168 0.029 1 0.098 0.297 0.098 1 0.04 0.196946385566932 0.04
"264" "M_PL_061_12" 7 12 24 0.2857 1 19 1 4 0.411458 4 0.384549 0.8 0.958333333333333 0.752225 0.0382701483800992 0 13 1 0.09 0.297 0.088 2 3.842 4.129 0.461 0 0.02 0.14070529413629 1
"265" "M_PL_061_13" 7 19 39 0.2932 1 26 1 4 0.384615 4 0.366535 0.52 0.964285714285714 0.662492207792208 0.0557039652885006 0 45 9 0.28 0.791 0.001 24 5.314 7.131 0.042 9 0.13 0.48523658709391 0
"266" "M_PL_061_14" 6 11 18 0.2727 2 15 1 4 0.415225 4 0.389273 0.69 1 0.820095833333333 0.0370591629511782 0.007 4 1 0.027 0.162 0.027 4 1.499 1.291 0.087 1 0 0 0
"267" "M_PL_061_15" 6 18 33 0.3056 1 24 1 4 0.412305 3 0.39348 0.54 0.958333333333333 0.642114583333333 0.0676857115837694 0 17 5 0.173 0.525 0.001 16 1.88 2.277 0.003 5 0.2 0.53181602347831 0
"268" "M_PL_061_16" 8 19 41 0.2697 1 27 1 4 0.417014 3 0.405711 0.1 0.892857142857143 0.652869047619048 0.0794572778850089 0.001 39 14 0.509 1.322 0.001 21 3.277 3.481 0.003 13 0.41 0.964993327029841 0
"269" "M_PL_061_17" 9 13 19 0.1624 4 12 1 4 0.444444 4 0.416667 0.22 1 0.80175 0.0556405131179913 0.035 1 0 0 0 1 0 0.282 0.45 1 0 0 0 1
"270" "M_PL_061_18" 11 18 35 0.1768 1 29 1 5 0.560816 5 0.541633 0.06 0.971428571428571 0.666413333333333 0.0501972461620397 0 13 4 0.039 0.236 0 2 1.844 2.812 0.288 1 0.01 0.1 0.01
"271" "M_PL_061_19" 11 21 44 0.1905 1 32 1 5 0.470558 5 0.450155 0.6 0.95 0.75872619047619 0.0280977137266372 0 29 5 0.093 0.472 0.003 24 9.769 7.316 0.031 5 0.09 0.287623491264661 0
"272" "M_PL_061_20" 11 14 25 0.1623 3 19 1 4 0.482993 4 0.461451 0.57 1 0.717466666666667 0.0536619111831002 0.001 4 0 0.011 0.104 1 4 0.717 1.224 0.05 0 0 0 1
"273" "M_PL_061_21" 11 18 43 0.2172 1 29 1 6 0.442401 5 0.419416 0.45 0.948412698412698 0.782610317460318 0.0286625900435307 0 39 4 0.115 0.39 0.001 20 10.457 6.835 0.115 2 0.04 0.196946385566932 0
"274" "M_PL_061_22" 10 18 28 0.1556 3 16 1 4 0.41358 4 0.401235 0.78 1 0.7154375 0.0652470183690024 0 6 0 0.071 0.257 1 3 0.861 1.397 0.197 0 0.1 0.301511344577764 1
"275" "M_PL_061_23" 10 26 45 0.1731 2 34 1 5 0.532025 5 0.521436 0.04 0.96 0.647984285714286 0.0510395614274678 0 16 3 0.037 0.244 0.004 16 1.795 2.393 0 3 0.05 0.21904291355759 0
"276" "M_PL_061_24" 11 18 46 0.2323 1 29 1 4 0.461248 4 0.450614 0.01 0.96875 0.696052083333333 0.0407447678585584 0 46 16 0.517 1.099 0 33 9.357 8.517 0.003 14 0.61 1.03372426622667 0
"277" "M_PL_061_25" 5 11 21 0.3818 1 16 1 4 0.369615 4 0.352608 0.28 1 0.778545833333333 0.0431349567754948 0.002 12 1 0.062 0.287 0.054 4 3.718 2.995 0.462 1 0.12 0.32659863237109 0.12
"278" "M_PL_061_26" 7 13 28 0.3077 1 20 1 5 0.352041 4 0.339286 0.91 0.95 0.696266666666667 0.068493131676575 0 15 0 0.041 0.24 1 6 1.581 1.761 0.039 0 0.01 0.1 1
"279" "M_PL_061_27" 6 13 21 0.2692 1 19 1 4 0.46712 4 0.447846 0.76 0.8875 0.662320833333333 0.068950842240897 0.004 2 0 0.009 0.094 1 0 0.26 0.524 1 0 0 0 1
"280" "M_PL_061_28" 8 19 36 0.2368 1 27 1 4 0.474537 4 0.462577 0.07 0.958333333333333 0.720369841269841 0.0328954745869812 0 20 4 0.122 0.44 0.001 6 4.014 3.184 0.298 1 0.12 0.432983541805861 0.09
"281" "M_PL_061_29" 8 18 39 0.2708 1 26 1 4 0.409599 4 0.362262 0.81 1 0.743584821428571 0.0292316662580002 0 44 7 0.42 0.917 0.002 37 13.907 10.337 0.033 7 0.44 0.967345634071698 0
"282" "M_PL_061_30" 7 13 30 0.3297 1 20 1 4 0.375556 5 0.322778 0.76 0.9375 0.7256125 0.0439120924759413 0.002 22 3 0.147 0.438 0.011 14 5.541 5.003 0.092 3 0.14 0.42687494916219 0.01
"283" "M_PL_061_31" 5 19 35 0.3684 1 24 1 5 0.368163 4 0.342449 0.5 1 0.68608 0.0578288663020276 0 37 0 0 0 1 8 4.239 3.235 0.156 0 0 0 1
"284" "M_PL_061_32" 6 18 28 0.2593 2 22 1 4 0.462277 4 0.444444 0.15 0.892857142857143 0.67047380952381 0.062854847906703 0.008 11 3 0.078 0.29 0.002 2 0.891 1.051 0.161 0 0 0 1
"285" "M_PL_061_33" 2 6 6 0.5 2 6 1 NA NA NA NA NA NA NA NA NA NA NA NA NA NA NA NA NA NA NA NA NA NA
"286" "M_PL_061_34" 3 7 9 0.4286 1 10 1 3 0.407407 3 0.388889 0.74 1 0.702311111111111 0.108323806864204 0.013 0 0 0 0 1 0 0 0 1 0 0 0 1
"287" "M_PL_061_35" 9 13 19 0.1624 4 16 1 4 0.503906 4 0.482422 0.49 0.875 0.690929166666667 0.0754631169895319 0.021 1 0 0.001 0.032 1 0 0.089 0.285 1 0 0 0 1
"288" "M_PL_061_36" 7 17 31 0.2605 1 24 1 5 0.443288 5 0.432362 0.49 0.96 0.74535 0.042874028840496 0 10 1 0.025 0.156 0.025 1 2.355 2.333 0.727 0 0 0 1
"289" "M_PL_061_37" 11 19 43 0.2057 1 30 1 4 0.445105 4 0.424283 0.69 1 0.637293650793651 0.0501201504107582 0 28 2 0.3 0.677 0.035 11 2.995 2.731 0.022 2 0.31 0.691872003109584 0.05
"290" "M_PL_061_38" 10 23 49 0.213 1 33 1 6 0.446897 5 0.422116 0.58 0.928571428571429 0.802618849206349 0.024188480127505 0 35 5 0.093 0.358 0 21 13.168 7.151 0.17 4 0.07 0.355476632654857 0
"291" "M_PL_061_39" 7 23 46 0.2857 1 30 1 5 0.387524 5 0.362713 0.9 0.835 0.67357 0.0524915275112133 0.005 60 2 0.312 0.768 0.045 15 9.437 7.674 0.215 2 0.38 0.788554488807325 0.07
"292" "M_PL_061_40" 9 26 58 0.2479 2 33 1 5 0.366882 4 0.33795 0.8 0.874285714285714 0.65353 0.0534832948511426 0 95 7 0.566 0.94 0.001 34 9.951 5.274 0 4 0.48 0.893070970066633 0
"293" "M_PL_061_41" 4 9 11 0.3056 2 10 1 3 0.45679 3 0.438272 0.49 1 0.71925 0.0895631844134289 0.006 0 0 0 0 1 0 0 0 1 0 0 0 1
"294" "M_PL_061_42" 6 11 16 0.2424 3 13 1 4 0.408163 4 0.385204 0.38 1 0.706125 0.0991575131835913 0 2 0 0 0 1 0 0.143 0.35 1 0 0 0 1
"295" "M_PL_061_43" 9 16 26 0.1806 2 23 1 5 0.5568 5 0.5312 0.35 1 0.68614 0.0618905643298247 0 4 3 0.023 0.15 0 3 0.393 0.745 0.038 3 0.01 0.1 0
"296" "M_PL_061_44" 10 11 23 0.2091 2 19 1 4 0.433884 4 0.416322 0.89 0.9 0.713083333333333 0.0500101480081061 0.004 6 0 0.047 0.274 1 3 1.239 1.581 0.262 0 0.02 0.14070529413629 1
"297" "M_PL_061_45" 11 23 50 0.1976 1 34 1 5 0.484 5 0.4672 0.08 0.91 0.667959761904762 0.0421365712919717 0 34 10 0.171 0.49 0 16 4.661 3.867 0.022 7 0.1 0.301511344577764 0
"298" "M_PL_061_46" 13 21 45 0.1648 1 34 1 6 0.499259 6 0.476049 0.77 0.9375 0.742610714285714 0.0448316946076468 0 20 6 0.093 0.323 0 18 5.029 4.375 0.003 4 0.05 0.21904291355759 0
"299" "M_PL_061_47" 9 26 57 0.2436 2 33 1 5 0.374362 5 0.355867 0.5 1 0.72118 0.0322198288744912 0 103 5 0.491 1.08 0.015 46 25.406 16.207 0.117 5 0.66 1.22449742318795 0.02
"300" "M_PL_061_48" 9 14 32 0.254 1 23 1 5 0.436523 5 0.411133 0.43 0.95 0.870943333333333 0.0156513960889394 0.013 14 2 0.038 0.211 0.002 14 7.844 3.631 0.015 2 0.04 0.196946385566932 0
"301" "M_PL_062" 456 1044 15255 0.032 1 1500 1 3 0.306837 8 0.264468 0 0.981420320822495 0.980703757896693 0.000251773216803751 0.005 565969 213251 20687.284 1274.032 0 495938 530642.368 15062.99 0.975 NA NA NA NA
"302" "M_PL_063" 55 9 123 0.2485 1 64 1 4 0.328971 4 0.309439 0.91 1 0.640241666666667 0.0307033426398757 0 605 42 2.945 5.474 0.001 181 147 69.93 0.332 42 3.3 7.45830159126477 0.01
"303" "M_PL_064" 14 8 32 0.2857 1 22 1 5 0.387695 4 0.365723 0.47 0.9 0.72613 0.0514331456209755 0.004 28 1 0.064 0.268 0.06 9 4.976 4.983 0.201 1 0.05 0.21904291355759 0.05
"304" "M_PL_065" 21 5 44 0.419 1 26 1 5 0.307851 4 0.274535 0.76 0.9 0.710351666666667 0.0511728877379364 0.001 72 0 0 0 1 14 15.871 10.394 0.525 0 0 0 1
"305" "M_PL_066" 31 5 73 0.471 1 36 1 5 0.232877 4 0.196191 0.94 0.983333333333333 0.764922619047619 0.0307829012173777 0 348 0 0 0 1 98 62.582 53.064 0.177 0 0 0 1
"306" "M_PL_067" 31 5 59 0.3806 1 36 1 3 0.32347 4 0.289141 0.92 1 0.613679258241758 0.0471747852681713 0 149 17 4.073 5.054 0.033 43 23.113 15.903 0.112 17 4.62 6.20651335943201 0.03
"307" "M_PL_068" 31 9 83 0.2975 1 40 1 4 0.311076 4 0.284657 0.72 0.928571428571429 0.948174603174603 0.00965916128089631 1 258 22 2.507 3.485 0.003 258 188.259 53.766 0.037 22 2.05 2.81186159982416 0
"308" "M_PL_069_01" 18 6 29 0.2685 1 24 1 4 0.444709 4 0.431034 0.73 1 0.677096031746032 0.0544643660827089 0 9 0 0.05 0.268 1 3 0.943 1.421 0.186 0 0.04 0.196946385566932 1
"309" "M_PL_069_02" 10 4 16 0.4 1 14 1 3 0.402344 3 0.345703 0.8 1 0.709266666666667 0.085282487486194 0.001 6 6 0.212 0.705 0.003 6 1.056 1.542 0.044 6 0.28 0.865500380757229 0.01
"310" "M_PL_069_03" 7 4 15 0.5357 1 11 1 4 0.235556 4 0.206667 0.91 1 0.7216875 0.11057828441456 0.007 12 0 0 0 1 0 0.749 0.895 1 0 0 0 1
"311" "M_PL_070" 8 8 41 0.6406 1 16 1 3 0.228435 3 0.175788 0.06 1 0.762907142857143 0.0401339800451949 0.001 159 22 4.494 3.174 0 52 45.318 18.28 0.353 22 4.49 3.31965374852574 0
"312" "M_PL_071" 44 8 89 0.2528 1 52 1 5 0.348567 6 0.313218 1 0.966666666666667 0.952981666666667 0.022993003168166 0.492 235 6 0.98 2.603 0.074 235 169.82 67.889 0.109 6 0.26 1.56101495084694 0.01
"313" "M_PL_072_01" 39 67 188 0.0719 4 99 1 7 0.475809 9 0.462178 0.2 0.866479925303455 0.829275968720822 0.0102589877590566 0 299 54 0.719 1.271 0 189 142.694 48.061 0.182 30 0.32 0.763828739597001 0
"314" "M_PL_072_02" 33 63 171 0.0823 2 94 1 5 0.482734 7 0.47282 0.08 0.916190476190476 0.911902857142857 0.0102495978934818 0.383 331 109 1.937 2.924 0 258 211.462 65.198 0.285 107 1.53 2.97957694780296 0
"315" "M_PL_072_03" 38 79 241 0.0803 2 115 1 6 0.441823 7 0.420972 0.36 0.935606060606061 0.894700612785907 0.0113287744752266 0 683 109 2.781 3.608 0 488 426.177 111.003 0.323 98 2.06 2.89834505199157 0
"316" "M_PL_072_04" 25 69 192 0.1113 2 92 1 4 0.411447 6 0.400674 0.16 0.799107142857143 0.577352002164502 0.0295933235955521 0 668 114 8.149 7.524 0 361 76.773 35.344 0 99 4.29 5.54557790887788 0
"317" "M_PL_072_05" 17 67 138 0.1212 2 82 1 6 0.425436 7 0.410784 0.99 0.878027065527066 0.754179179235797 0.0144129462490844 0 344 4 1.295 3.042 0.094 179 82.407 64.531 0.112 3 0.23 1.25412450850316 0.02
"318" "M_SD_001" 7 21 50 0.3401 1 28 1 5 0.3248 5 0.2898 0.89 0.975 0.76724 0.0285365664457622 0 93 2 0.16 0.452 0.013 72 33.321 16.83 0.02 2 0.1 0.301511344577764 0
"319" "M_SD_002" 31 9 119 0.4265 1 40 1 4 0.220888 4 0.197973 0.72 0.883333333333333 0.827739583333333 0.024603561967259 0 1107 70 17.882 12.338 0.008 681 558.184 146.083 0.196 40 4.92 4.06184512981303 0
"320" "M_SD_003" 25 16 68 0.17 1 41 1 5 0.401817 5 0.378785 0.93 0.85 0.804616666666667 0.0135105563005482 0.007 90 6 0.466 0.947 0.005 45 31.315 18.752 0.243 5 0.25 0.625630994607957 0
"321" "M_SD_004" 34 20 95 0.1397 2 52 1 5 0.388977 7 0.350272 1 0.876923076923077 0.721816758241758 0.0299305387677275 0 239 24 1.007 1.91 0 26 57.871 38.538 0.789 4 0.51 0.858645868372245 0
"322" "M_SD_005" 25 13 49 0.1508 2 34 1 5 0.496219 5 0.484641 0.2 1 0.881741666666667 0.0155656020385238 0 23 5 0.081 0.335 0 23 14.127 5.36 0.073 5 0.1 0.389249472080761 0
"323" "M_SD_006" 21 15 51 0.1619 2 34 1 4 0.4536 5 0.4248 0.65 0.90625 0.635982638888889 0.0503539767281171 0 43 10 0.461 1.157 0.003 29 4.878 4.362 0.001 9 0.4 1.28707639888456 0.01
"324" "M_SD_007" 72 7 143 0.2837 1 79 1 6 0.33454 6 0.311433 0.91 0.964285714285714 0.729288756613757 0.0385927719360919 0 917 1 1.134 4.425 0.198 434 316.842 168.767 0.268 0 0.32 1.29396423225043 1
"325" "M_SD_008" 16 10 110 0.6875 1 26 1 3 0.126033 3 0.10376 0.69 0.9 0.886998941798942 0.00898055074475382 0.078 1432 101 41.074 14.089 0 770 783.249 135.019 0.52 55 19.79 7.86154815503533 0
"326" "M_SD_009" 7 18 38 0.3016 1 25 1 3 0.393352 3 0.390928 0.11 1 0.662342592592593 0.0392109070084407 0 42 10 0.817 1.34 0 35 8.644 7.488 0.006 10 0.7 1 0
"327" "M_SD_010" 50 14 234 0.3343 1 64 1 5 0.273395 4 0.248311 0.01 0.803846153846154 0.653602294197031 0.0362218485998231 0 2801 409 37.019 25.854 0 1619 518.122 171.673 0 377 33.57 29.5290492138631 0
"328" "M_SD_011" 11 14 47 0.3052 1 25 1 4 0.355364 4 0.320281 0.35 0.875 0.667611111111111 0.0613409218739878 0.002 62 14 1.503 1.961 0.001 27 7.108 4.674 0.001 13 1.48 1.66654545013742 0
"329" "M_SD_012" 35 29 146 0.1438 1 64 1 6 0.386376 6 0.363788 0.22 0.986111111111111 0.90355148046398 0.0135484904988948 0 512 48 2.336 3.368 0.001 498 336.948 82.831 0.005 47 1.99 2.40997506169251 0
"330" "M_SD_013" 36 19 197 0.288 1 55 1 4 0.367389 4 0.337125 0 0.952380952380952 0.928112952836637 0.0248278225854986 0.016 1956 939 53.295 26.792 0 1816 1468.324 193.849 0.036 849 42.76 31.1597772323827 0
"331" "M_SD_014" 16 17 121 0.4449 1 33 1 3 0.236186 3 0.187521 0.17 0.824074074074074 0.816703703703704 0.00960225569465512 0.405 1219 185 31.705 15.386 0 677 518.127 164.223 0.169 128 22.8 17.2175620935266 0
"332" "M_SD_015" 5 27 86 0.637 1 32 1 3 0.182396 3 0.159749 0.12 0.871794871794872 0.844608391608392 0.0133952134633442 0.011 659 64 16.557 9.707 0 405 288.914 94.64 0.165 36 7.02 6.84308985677368 0
"333" "M_SD_016" 24 61 500 0.3415 1 85 1 4 0.20606 4 0.18877 0 0.866935483870968 0.916890640273705 0.0159105951486132 0.998 21303 3338 691.521 219.955 0 18971 14979.051 1781.166 0.012 3236 638.49 203.898741704521 0
"334" "M_SD_017" 16 8 72 0.5625 1 24 1 3 0.201389 3 0.190104 0.09 0.905555555555556 0.669855555555556 0.0507838041552597 0 367 91 14.438 8.694 0 162 54.263 22.425 0.002 83 11.51 6.44713545348285 0
"335" "M_SD_018" 29 32 66 0.0711 5 53 1 7 0.618366 9 0.619147 0.31 0.957142857142857 0.645969047619048 0.0493794820058909 0 12 2 0.059 0.282 0.004 5 1.613 1.87 0.089 2 0.04 0.196946385566932 0
"336" "M_SD_019" 169 40 666 0.0985 1 209 1 5 0.399857 6 0.386054 0 0.948260073260073 0.859383536693192 0.0136534841338616 0 9004 2158 116.645 71.105 0 7577 5883.039 880.091 0.014 2013 93.2 64.7913512123277 0
"337" "M_SD_020" 25 33 150 0.1818 1 58 1 5 0.328489 5 0.305222 0.36 0.875784215784216 0.685219400599401 0.0191599682187874 0 854 55 4.046 4.357 0 526 176.53 89.47 0.003 51 1.65 2.26245151742239 0
"338" "M_SD_021" 18 28 129 0.256 1 46 1 4 0.291208 4 0.257767 0.7 0.891826923076923 0.787789734162896 0.0186306867830853 0 783 111 15.949 13.438 0 535 312.679 107.614 0.029 103 14.22 13.4063003430808 0
"339" "M_SD_022" 207 110 1121 0.0492 1 317 1 7 0.382201 7 0.363419 0 0.905839117023328 0.933272161992914 0.00860407620040146 0.995 14651 2275 83.223 47.024 0 13732 10891.404 1501.962 0.012 2126 64.59 42.6834945508297 0
"340" "M_SD_023" 15 8 38 0.3167 1 23 1 4 0.32964 5 0.272507 1 0.866071428571429 0.662080357142857 0.0547308801460655 0.003 57 4 0.415 0.858 0.009 15 8.829 7.846 0.186 2 0.28 0.667877687949378 0.04
"341" "M_SD_024" 12 7 40 0.4762 1 19 1 3 0.25 4 0.226562 0.4 0.944444444444444 0.740595238095238 0.021649676774095 0 80 11 1.713 1.714 0.002 48 23.759 11.06 0.028 8 1.63 2.26370126879485 0.03
"342" "M_SD_025" 7 6 22 0.5238 1 13 1 3 0.258264 3 0.205579 0.6 0.85 0.72165 0.0585518311245613 0.081 22 2 0.327 0.57 0.026 6 4.307 3.26 0.278 2 0.18 0.386122919665369 0
"343" "M_SD_026" 3 3 6 0.6667 1 6 1 3 0.222222 3 0.166667 1 0.833333333333333 0.723333333333333 0.1568160002187 0.67 1 0 0 0 1 0 0 0 1 0 0 0 1
"344" "M_SD_027" 12 4 31 0.6458 1 16 1 3 0.176899 4 0.135796 0.95 0.833333333333333 0.648305555555556 0.0832919808049496 0.048 79 1 1.213 1.38 0.638 4 8.847 5.855 0.802 1 1.08 1.38301383678084 0.57
"345" "M_SD_028" 8 5 26 0.65 1 13 1 4 0.16568 3 0.112426 1 0.9 0.860375 0.0440540403005233 0.277 62 1 0.769 1.03 0.475 25 28.071 10.752 0.698 0 0 0 1
"346" "M_SD_029" 4 5 10 0.5 1 9 1 3 0.3 3 0.265 0.5 1 0.751 0.0686105758234 0.033 3 0 0 0 1 1 0.279 0.769 0.149 0 0 0 1
"347" "M_SD_030" 5 4 11 0.55 1 9 1 3 0.280992 3 0.231405 0.34 1 0.734444444444444 0.0970180339868406 0.02 6 1 0.1 0.3 0.1 3 0.888 1.37 0.296 1 0.13 0.337997668989631 0.13
"348" "M_SD_031" 41 8 76 0.2317 1 49 1 5 0.421399 5 0.388764 0.6 0.921804511278196 0.681746153261943 0.0382983322629408 0 159 55 1.272 4.075 0 76 31.309 24.425 0.049 36 0.73 2.68122917688695 0
"349" "M_SD_032" 4 19 33 0.4342 1 23 1 4 0.352617 4 0.320018 0.73 0.895833333333333 0.651172916666667 0.0704109429776023 0.002 34 0 0 0 1 7 2.776 1.952 0.05 0 0 0 1
"350" "M_SD_033" 13 11 53 0.3706 1 24 1 4 0.254895 5 0.219473 0.84 0.875 0.800513888888889 0.0374588380187982 0.028 181 18 3.417 3.884 0.007 116 64.967 34.554 0.086 17 3.35 3.84911113968622 0.01
"351" "M_SD_034" 33 88 419 0.1443 1 121 1 6 0.310274 8 0.261311 0.97 0.994791666666667 0.917349085006108 0.0123174566059586 0 7437 926 56.469 35.019 0 7093 5450.218 863.662 0.01 914 53.23 39.1507975588614 0
"352" "mclaughlin" 5 6 18 0.6 1 11 1 3 0.191358 3 0.162037 0.7 1 0.764777777777778 0.078670457560285 0.018 30 6 1.158 2.011 0.106 18 5.976 5.588 0.087 6 1.08 2.02349832086549 0.11
"353" "meyer" 24 26 314 0.5032 1 50 1 2 0.220151 4 0.122997 0.59 0.860576923076923 0.561778846153846 0.0465776439120628 0 12051 3136 1277.619 204.939 0 3735 771.893 214.262 0 2277 495.1 147.225004738332 0
"354" "middelboe" 11 24 202 0.7652 1 35 1 3 0.08406 3 0.063756 0.67 0.898550724637681 0.635995445134576 0.0385412795565491 0 7726 2524 1302.9 345.667 0.002 459 272.019 62.304 0 4 6.57 3.85404156226115 0.69
"355" "miklic" 18 14 70 0.2778 3 28 1 3 0.378028 4 0.357807 0 1 0.786337301587302 0.028764201114599 0 331 321 19.125 15.327 0 327 119.562 50.989 0 321 19.16 15.1475703955746 0
"356" "mizoguchi" 7 4 21 0.75 1 11 1 2 0.14966 4 0.078231 1 0.8 0.818083333333333 0.0119290412123719 1 41 7 2.903 1.476 0.021 22 14.687 4.997 0.19 6 1.72 1.46390925368696 0.05
"357" "owensmith" 22 5 88 0.8 1 27 1 3 0.100981 4 0.054558 0.98 0.888888888888889 0.887933333333333 0.0392693652006592 0.657 1094 88 47.232 11.036 0 577 543.306 66.023 0.362 78 35.36 12.2487022606767 0.01
"358" "pantucek" 88 4 322 0.9148 1 92 1 3 0.05347 3 0.026383 0.4 0.904761904761905 0.934595618612742 0.0279181789134251 0.877 16952 45 33.363 9.189 0.262 7912 7703.043 618.07 0.267 45 34.35 9.09253773290177 0.29
"359" "PAS" 24 6 45 0.3125 1 30 1 4 0.389136 4 0.368642 0.17 0.9375 0.692897023809524 0.0421740045858987 0 45 6 0.611 1.215 0.016 20 8.371 6.807 0.077 6 0.74 1.53491354673792 0.03
"360" "paterson" 93 5 267 0.5742 1 98 1 4 0.183254 3 0.165257 0.04 1 0.805969671052632 0.0157373789220825 0 6443 190 38.064 41.906 0.003 4618 2534.68 963.979 0.003 190 37.94 39.0482271096146 0
"361" "Pol_Junker2013" 53 248 530 0.0403 3 296 1 9 0.539285 12 0.538048 0 0.911292236768025 0.898753382393526 0.00434938207979426 0.001 1723 186 2.774 3.707 0 1403 1247.757 245.593 0.302 159 2.38 3.91263170624158 0
"362" "Pol_Weiner2011" 82 517 1813 0.0428 1 599 1 5 0.373489 7 0.350523 0 0.968229166666667 0.969106090646806 0.001908427116686 0.695 59545 7578 527.126 249.736 0 54278 45980.408 8603.196 0.148 6767 397.16 232.34295097697 0
"363" "poullain" 24 23 107 0.1938 1 47 1 5 0.375491 5 0.337104 0.51 0.909090909090909 0.872900454545455 0.00645078706589142 0 157 33 0.809 1.184 0 107 89.262 20.867 0.219 31 0.51 0.958692291139816 0
"364" "quiberoni" 20 11 89 0.4045 1 31 1 3 0.376215 3 0.371481 0 0.928571428571429 0.816563492063492 0.0422417304553138 0.002 582 480 38.595 20.09 0 516 266.629 80.495 0.002 446 30.95 18.2376982199958 0
"365" "radloffanddutoit" 18 4 48 0.6667 1 22 1 3 0.182726 4 0.123915 0.99 1 0.820287037037037 0.0336825227909025 0.001 222 21 4.982 4.286 0.012 87 75.983 26.477 0.3 21 5.6 4.3391569259803 0.01
"366" "rybniker" 15 14 70 0.3333 1 29 1 3 0.333469 3 0.324898 0 1 0.746732142857143 0.0259257246031955 0 346 190 11.307 16.216 0 256 91.664 69.798 0.034 190 9.94 13.9659181111329 0
"367" "SANT10" 49 25 187 0.1527 1 74 1 6 0.322657 7 0.296834 0.98 0.916666666666667 0.918910353535354 0.00297414812229137 0.814 1160 45 3.127 3.53 0 859 829.035 172.339 0.442 31 2.39 3.58418242230549 0
"368" "seed" 10 6 31 0.5167 1 16 1 4 0.228928 5 0.182622 0.82 1 0.734708333333333 0.0536609337904187 0.001 72 2 0.193 0.4 0.002 26 15.729 9.531 0.15 2 0.27 0.446196043338474 0
"369" "stenholm" 24 22 348 0.6591 1 46 1 2 0.183413 3 0.143179 0 0.820075757575758 0.65219696969697 0.00386408316014451 0 18036 4213 2070.44 181.613 0 6094 2787.644 631.046 0 2268 1113.19 356.032988342202 0
"370" "STI" 31 31 182 0.1894 1 62 1 5 0.30736 5 0.281442 0.42 0.865789473684211 0.822697723475355 0.0160907406846984 0.004 1335 114 11.731 12.016 0 675 595.499 212.742 0.364 57 3.17 3.09465162609116 0
"371" "sullivan" 20 44 148 0.1682 3 60 1 6 0.380841 6 0.36414 0 1 0.866438888888889 0.0186851809688772 0 924 313 12.951 13.913 0 917 526.058 154.204 0 313 14.02 14.3737836551708 0
"372" "suttle" 6 7 11 0.2619 3 9 1 3 0.333333 3 0.308642 0.86 1 0.707166666666667 0.120027346764722 0.014 1 0 0.017 0.129 1 0 0.073 0.26 1 0 0.02 0.14070529413629 1
"373" "synott" 16 16 207 0.8086 1 32 1 4 0.084203 2 0.060445 0.45 1 0.90947380952381 0.029291512096331 0 7725 568 304.136 84.652 0 5509 5149.931 490.352 0.227 568 306.66 85.5452175309891 0
"374" "wang" 8 7 11 0.1964 4 9 1 2 0.375 2 0.367188 0.75 1 0.652375 0.133932528899059 0.053 0 0 0 0 1 0 0 0 1 0 0 0 1
"375" "wichels" 59 22 318 0.245 1 81 1 4 0.217278 5 0.202479 0.15 0.982142857142857 0.738211562560247 0.0125805259996228 0 9682 745 110.788 71.36 0 6251 2355.85 1335.456 0.003 628 122.58 74.3274464308393 0
"376" "zinno" 17 27 49 0.1068 3 40 1 6 0.661838 6 0.657764 0 1 0.655531746031746 0.0452342025212354 0 12 9 0.053 0.261 0 12 1.233 1.389 0 9 0.04 0.196946385566932 0
