"Microtus_oeconomus"	"Sorex_arcticus"	"Clethrionomys_rutilus"	"Sorex_caecutiens"	"Sorex_roboratus"	"Neomys_fodiens"	"Lemmus_sibiricus"	"Clethrionomys_rufocanus"	"Arvicola_terrestris"	"Microtus_middendorffi"	"Sorex_minutus"	"Corrodopsylla_birulai"	"Peromyscopsylla_bidentata"	"Megabothris_rectangulatus"	"Amphipsylla_sibirica"	"Amalaraeus_penicilliger"	"Catallagia_dacenkoi"	"Megabothris_calcarifer"	"Catallagia_ioffi"	"Rhadinopsylla_integella"	"Amphalius_runatus"
"Microtus_oeconomus"	1.00213826634165	0.00106475133041967	0.00185283027235862	0.00106310017183335	0.000775230742642308	0.000485966145087295	0.000504454904785473	0.00142499507477379	0.000485966145087295	0.000160638195966752	0.000144810776402906	0.0144810776402906	0.0143934714595523	0.014441373817411	0.0144574376370077	0.0143857651353027	0.0143825070705143	0.0143427299516287	4.42814423255098e-05	4.84336843417784e-05	3.3023171726382e-05
"Sorex_arcticus"	0.00106475133041967	1.00225800674078	0.000778296981119534	0.00154099434140568	0.00125314913164191	0.000486067774574029	0.000146112835512189	0.00178211701626884	0.000486067774574029	0.00016073112334957	0.00014471505136038	0.014471505136038	0.0143922604881886	0.0144497279891263	0.0144658011014613	5.59113660723873e-05	0.0144062049425197	2.63292615934172e-05	3.33949910050681e-05	0.0143687177465246	0.0143402479875717
"Clethrionomys_rutilus"	0.00185283027235862	0.000778296981119534	1.00256843990412	0.000776582066751645	0.000488659734550864	0.000485862238895202	0.000504712208696323	0.00185438072448477	0.000485862238895202	0.000160603788883831	0.000144779942253165	0.0144779942253165	0.0143961166100391	0.0144382806206564	0.0144543409995448	0.0143972906577263	8.34835203854827e-05	0.0143488752882354	0.0143455860434006	3.38347574385857e-05	3.42982873577673e-05
"Sorex_caecutiens"	0.00124028353380558	0.00179782673163996	0.000906012411210253	1.00179576617308	0.00146039680018712	0.000566319219998173	0.000169975108871554	0.00124223457216209	0.000566319219998173	0.000187268422640417	0.000168607907415586	0.0168607907415586	0.0167684686447032	0.0168354311953735	0.0168541580376375	5.46880582386872e-05	0.0167847335462611	3.06613706430833e-05	2.84709665978869e-05	0.0167514872779119	4.12111711754542e-05
"Sorex_roboratus"	0.00108532303969923	0.00175440878429867	0.00068412362837121	0.00175247616022455	1.00175061339568	0.000678603076793882	0.000203263338128443	0.0010871599079732	0.000678603076793882	0.000224398116797145	0.000202037576245944	0.0202037576245944	9.31382270301091e-05	0.0201733907000634	0.0201958305117431	4.90304752999506e-05	0.0201183773002528	2.52778095438634e-05	2.33626935406823e-05	0.0200892831865503	3.86524814825032e-05
"Neomys_fodiens"	0.00113392100520369	0.00113415814067273	0.00113367855742214	0.00113263843999635	0.0011310051279898	1.00112731999979	0.000337218151618178	0.0011353403500237	0.00112731999978981	0.000372778350421278	0.000335631978082621	0.0335631978082621	8.16656003271195e-05	0.0335127737028729	0.033550051537915	6.34469414222883e-05	8.80902949237421e-05	3.23942794660832e-05	3.03871623384696e-05	5.76996690455361e-05	3.03940135277638e-05
"Lemmus_sibiricus"	0.00176559216674915	0.000511394924292663	0.00176649273043713	0.000509925326614661	0.000508158345321107	0.000505827227427267	1.00175671290814	0.00176690494275441	0.000505827227427267	1.47090152108951e-06	0.000502703400321853	0.0502703400321853	8.83490646777071e-05	0.000132234046745947	0.000132381136898056	0.0501603803128657	7.32766211493131e-05	5.04583556740898e-05	4.73219222192463e-05	2.59675641256093e-05	2.93919535600396e-05
"Clethrionomys_rufocanus"	0.00124687069042707	0.00155935238923524	0.00162258313392417	0.00093167592912157	0.000679474942483248	0.000425752631258886	0.000441726235688603	1.0025002191656	0.000425752631258886	0.000140734397547457	0.000126867954467475	0.0126867954467475	0.0126100493319161	0.0126520223395163	0.0126660957792711	0.0125943312488451	0.0126004590717097	4.0992197490732e-05	0.012554432498626	5.13938937050517e-05	0.0125535292022733
"Arvicola_terrestris"	0.00113392100520369	0.00113415814067273	0.00113367855742214	0.00113263843999635	0.0011310051279898	0.00112731999978981	0.000337218151618178	0.0011353403500237	1.00112731999979	0.000372778350421278	0.000335631978082621	0.0335631978082621	8.16656003271195e-05	0.0335127737028729	0.033550051537915	6.34469414222883e-05	8.80902949237421e-05	3.23942794660832e-05	3.03871623384696e-05	5.76996690455361e-05	3.03940135277638e-05
"Microtus_middendorffi"	0.00112446737176726	0.00112511786344699	0.00112422652218682	0.0011236105358425	0.00112199058398573	0.00111833505126383	2.94180304217902e-06	0.00112587518037965	0.00111833505126383	1.001114326953	1.7831848323812e-06	0.00017831848323812	8.09975928388027e-05	0.000177993074602773	0.100289425769903	4.63447283919129e-05	8.73770256301341e-05	3.21241984850583e-05	3.01338186431288e-05	5.72397662787133e-05	3.01465520897026e-05
"Sorex_minutus"	0.00101367543482034	0.00101300535952266	0.00101345959577216	0.00101164744449352	0.00101018788122972	0.00100689593424786	0.00100540680064371	0.0010149436357398	0.00100689593424786	1.7831848323812e-06	1.00100310889546	0.100310889546009	7.29781631899513e-05	0.00016030831643107	0.000160486634914308	9.191620734454e-05	7.87039265892291e-05	2.89590718656071e-05	2.71647896720641e-05	5.1536053502191e-05	2.71583005827855e-05
"Corrodopsylla_birulai"	0.0101367543482034	0.0101300535952266	0.0101345959577216	0.0101164744449352	0.0101018788122972	0.0100689593424786	0.0100540680064371	0.010149436357398	0.0100689593424786	1.7831848323812e-05	0.0100310889546009	1.00310889546009	0.000729781631899513	0.0016030831643107	0.00160486634914308	0.000919162073445399	0.000787039265892291	0.000289590718656071	0.000271647896720641	0.00051536053502191	0.000271583005827855
"Peromyscopsylla_bidentata"	0.0201508600433733	0.020149164683464	0.0201545632540547	0.0201221623736439	9.31382270301091e-05	4.89993601962717e-05	3.53396258710829e-05	0.0201760789310657	4.89993601962717e-05	1.61995185677605e-05	1.45956326379903e-05	0.00145956326379903	1.00145120733069	0.00145633671924167	0.00145795667109845	0.000829759729323704	0.00116514776302781	0.000575791761391828	0.000540123318839103	0.000625077347198438	0.000540046196402093
"Megabothris_rectangulatus"	0.0126362020902346	0.0126435119904855	0.0126334955430744	0.0126265733965301	0.0126083691875396	0.0125672901385773	3.30585116864868e-05	0.0126520223395163	0.0125672901385773	2.22491343253466e-05	2.00385395538837e-05	0.00200385395538837	0.000910210449526045	1.00200019717585	0.00200242208928119	0.000520798885304122	0.000981899325518632	0.000360995680475843	0.00033862878700216	0.00064323187355704	0.000338771879108033
"Amphipsylla_sibirica"	0.0112446737176726	0.0112511786344699	0.0112422652218682	0.011236105358425	0.0112199058398573	0.0111833505126383	2.94180304217902e-05	0.0112587518037965	0.0111833505126383	0.0111432695299892	1.7831848323812e-05	0.0017831848323812	0.000809975928388027	0.00177993074602773	1.00289425769903	0.000463447283919129	0.000873770256301341	0.000321241984850583	0.000301338186431288	0.000572397662787133	0.000301465520897026
"Amalaraeus_penicilliger"	0.0251750889867797	9.78448906266777e-05	0.025195258651021	8.20320873580308e-05	6.12880941249382e-05	4.75852060667163e-05	0.0250801901564328	0.0251886624976903	4.75852060667163e-05	1.15861820979782e-05	2.2979051836135e-05	0.0022979051836135	0.00103719966165463	0.00104159777060824	0.00104275638881804	1.00228844418387	0.000678493157093971	0.000719576394825724	0.000674790547664286	3.99074749027563e-06	0.000316256065372938
"Catallagia_dacenkoi"	0.0201355098987201	0.0201686869195276	0.000116876928539676	0.0201416802555133	0.0201183773002528	5.28541769542453e-05	2.93106484597252e-05	0.0201607345147355	5.28541769542453e-05	1.74754051260268e-05	1.57407853178458e-05	0.00157407853178458	0.00116514776302781	0.00157103892082981	0.00157278646134241	0.000542794525675177	1.00156584563862	0.000289319811817997	0.000253678851841904	0.00102618631578067	0.000540133280284588
"Megabothris_calcarifer"	0.0501995548307006	9.21524155769604e-05	0.050221063508824	9.198411192925e-05	6.31945238596586e-05	4.85914191991248e-05	5.04583556740898e-05	0.000163968789962928	4.85914191991248e-05	1.60620992425291e-05	1.44795359328036e-05	0.00144795359328036	0.00143947940347957	0.00144398272190337	0.00144558893182762	0.00143915278965145	0.000723299529544991	1.00143458026199	0.000719493374286308	4.1134220890182e-06	3.36607295420746e-06
"Catallagia_ioffi"	0.000154985048139284	0.000116882468517739	0.0502095511519023	8.54128997936608e-05	5.84067338517056e-05	4.55807435077044e-05	4.73219222192463e-05	0.0502177299945041	4.55807435077044e-05	1.50669093215644e-05	1.3582394836032e-05	0.0013582394836032	0.00135030829709776	0.00135451514800864	0.00135602183894079	0.00134958109532857	0.000634197129604759	0.000719493374286308	1.0013450009271	4.26143255718187e-06	0.000629391374481555
"Rhadinopsylla_integella"	0.000113011930130816	0.0335270080752241	7.89477673566999e-05	0.0335029745558237	0.0334821386442504	5.76996690455361e-05	1.73117094170729e-05	0.000137050383213471	5.76996690455361e-05	1.90799220929044e-05	1.71786845007303e-05	0.00171786845007303	0.00104179557866406	0.00171528499615211	0.0017171929883614	5.32099665370083e-06	0.00171031052630112	2.7422813926788e-06	2.84095503812124e-06	1.00170698294037	0.000480670388007656
"Amphalius_runatus"	0.000115581101042337	0.050190867956501	0.000120044005752185	0.000123633513526363	9.66312037062579e-05	4.55910202916457e-05	2.93919535600396e-05	0.0502141168090933	4.55910202916457e-05	1.50732760448513e-05	1.35791502913927e-05	0.00135791502913927	0.00135011549100523	0.00135508751643213	0.00135659484403662	0.000632512130745876	0.00135033320071147	3.36607295420746e-06	0.000629391374481555	0.000721005582011483	1.00134468885949
