"Ficus_sp1_M_SD_017"	"Pseudospondias_longifolia"	"Elaeis_guineensis"	"Tetrapleura_tetraptera"	"Berlinia_bracteosa"	"Pycnanthus_angolensis"	"Unidentified_sp1_M_SD_017"	"Xylopia_sp1_M_SD_017"	"Detarium_macrocarpum"	"Duboscia_macrocarpa"	"Pentadesma_butyracea"	"Milicia_excelsa"	"Ongokea_gore"	"Pentaclethra_sp1_M_SD_017"	"Unidentified_sp2_M_SD_017"	"Marantochloa_sp1_M_SD_017"	"Mandrillus_sphinx"	"Cercocebus_albigena"	"Cercopithecus_nictitans"	"Cercopithecus_cephus"	"Gorilla_gorilla"	"Cercopithecus_pogonias"	"Pan_troglodytes"	"Colobus_satanas"
"Ficus_sp1_M_SD_017"	1.00109862087821	0.00109862087821106	0.00093843273285141	0.000733821065999797	0.000613393604045885	0.000818005270897498	0.000761850411002366	0.000732775766978323	0.00055619344512928	0.000617496499778926	0.000436811282196841	0.000422706710072122	0.000252696687567663	0.000252696687567663	0.000486272573186648	0.000280615607313562	0.0144512954344694	0.0144346319251505	0.0144424101932214	0.0144283199695523	0.0144169330823685	0.0143882578431491	0.0143959876111161	5.22649510736795e-05
"Pseudospondias_longifolia"	0.00109862087821106	1.00109862087821	0.00093843273285141	0.000733821065999797	0.000613393604045885	0.000818005270897498	0.000761850411002366	0.000732775766978323	0.00055619344512928	0.000617496499778926	0.000436811282196841	0.000422706710072122	0.000252696687567663	0.000252696687567663	0.000486272573186648	0.000280615607313562	0.0144512954344694	0.0144346319251505	0.0144424101932214	0.0144283199695523	0.0144169330823685	0.0143882578431491	0.0143959876111161	5.22649510736795e-05
"Elaeis_guineensis"	0.00109483818832664	0.00109483818832664	1.00109363448519	0.000855111873518482	0.000714896411252571	0.000953419022927158	0.000702165258831319	0.000853986781766785	0.000462517555405035	0.00053401304249168	0.000323427184890821	0.0003071026184876	0.000294286727683517	0.000294286727683517	0.000381066868825771	0.000141419165399487	0.0168258554719093	0.0168240791032499	0.0168248015856928	0.0168145648317432	0.000108333282021782	0.0167808729080592	0.0167753392398399	5.62545875848644e-05
"Tetrapleura_tetraptera"	0.000856124576999763	0.000856124576999763	0.000855111873518482	1.00118936523189	0.00104916355810662	0.000714910199735438	0.00046338064965889	0.000854048952036724	0.000462317728177133	0.000295341734065702	0.000657432334247026	0.000307032231653294	0.0006285823889556	0.0006285823889556	0.000142277298746082	0.000141214377264325	0.0168242008539652	0.0168370878851582	0.0168250602137633	0.0168148258060415	9.11433133152797e-05	0.0167775644414877	7.44045037230331e-05	0.0167658139926468
"Berlinia_bracteosa"	0.000858751045664239	0.000858751045664239	0.000857875693503085	0.00125899626972794	1.0012578432705	0.000856722694275751	0.000387921677480532	0.000856897304329493	0.00038694328830694	0.000186418305761056	0.000787889254478054	0.000367638099718079	0.000586663529824759	0.000586663529824759	3.00674056207989e-06	2.02835138848787e-06	0.000138359907280064	0.0201752721718874	0.0201686300593743	0.0201563754560504	7.87816945038603e-05	0.0201192462089311	6.84872421514416e-05	0.0201049482699224
"Pycnanthus_angolensis"	0.0011452073792565	0.0011452073792565	0.00114410282751259	0.000857892239682526	0.000856722694275751	1.00114293328211	0.000674463208487447	0.000856822700005565	0.000387183080980422	0.00047282387587223	0.000387083075250608	0.000367722563919246	0.000185508736298259	0.000185508736298259	0.000289554224657707	2.27409715068239e-06	0.000140345448813003	0.0201596616335976	0.0201683197056897	0.0201560622868924	9.94096569516629e-05	0.0201232163688169	0.0201096089254917	5.34769838480396e-05
"Unidentified_sp1_M_SD_017"	0.00106659057540331	0.00106659057540331	0.000842598310597583	0.000556056779590669	0.000387921677480532	0.000674463208487447	1.00106419540395	0.000555184603366573	0.00077678169671952	0.000680705726679707	0.000609518770833479	0.00040839046970057	0.000170171930867063	0.000170171930867063	0.000679541074146876	0.000392127366915866	0.0201762122532164	0.000128111778611406	0.0201556907598211	0.0201420777441644	0.0201593038325156	8.61363243965899e-05	0.0201189595061707	4.36088112047629e-05
"Xylopia_sp1_M_SD_017"	0.00102588607376965	0.00102588607376965	0.00102478413812014	0.00102485874244407	0.000856897304329493	0.000856822700005565	0.000555184603366573	1.00102351057107	0.000553911036317729	0.000353635320403678	0.000387297769575924	0.000367719475103118	0.000352607989078094	0.000352607989078094	0.000170336940812931	0.000169063373764087	0.0201553725737492	0.0201628217549821	0.0201651075849148	0.020152850269078	9.91742084559704e-05	0.0201182163568633	8.91496934191011e-05	6.74085686385954e-05
"Detarium_macrocarpum"	0.000973338528976239	0.000973338528976239	0.000693776333107552	0.000693476592265699	0.000483679110383675	0.000483978851225528	0.0009709771208994	0.000692388795397161	1.00096958958319	0.000491906745116711	0.000760879898175523	0.000509483503273211	0.000212044808406171	0.000212044808406171	0.000490747215461102	0.000489359677750711	0.0251756978258429	0.000127548262116915	0.0251637955523807	0.0251468127689382	0.0251605976281818	8.41314894861455e-05	9.71276397273763e-05	5.43898434269013e-05
"Duboscia_macrocarpa"	0.00108061887461312	0.00108061887461312	0.00080101956373752	0.000443012601098553	0.000233022882201321	0.000591029844840288	0.000850882158349633	0.000442044150504597	0.000491906745116711	1.00107720215024	0.000282885476813434	0.000509421552648363	0.000439595876726763	0.000439595876726763	0.000848564443005755	0.000489589029772832	0.0251987662676679	0.0251501477959132	0.000130298799090663	0.000113318080669051	0.025163937978804	7.69306319538049e-05	0.0251282789263046	4.8422529697789e-05
"Pentadesma_butyracea"	0.000764419743844472	0.000764419743844472	0.000485140777336231	0.000986148501370539	0.000984861568097568	0.00048385384406326	0.000761898463541849	0.000484122211969905	0.000760879898175523	0.000282885476813434	1.0012616192543	0.000509381784041911	0.000504614234339501	0.000504614234339501	0.000281584465147538	0.000280565899781212	0.000154431992756526	0.000143111283248602	0.0251681986454551	0.0251512192526537	0.0251351069857417	8.54188045709029e-05	7.12995756428019e-05	0.0251013144700317
"Milicia_excelsa"	0.000986315656834951	0.000986315656834951	0.0006142052369752	0.000614064463306588	0.000612730166196798	0.000612870939865411	0.000680650782834284	0.000612865791838531	0.000679311337697614	0.000679228736864484	0.000679175712055882	1.00098109165396	0.00030697754333612	0.00030697754333612	0.00037478416210621	0.00037344471696954	0.000160115653174772	0.0334889032234101	0.0334990325273333	0.000132996138868042	0.0334899377873775	8.54209469675194e-05	9.37611595668744e-05	5.99335734028508e-05
"Ongokea_gore"	0.000589625604324547	0.000589625604324547	0.000588573455367034	0.0012571647779112	0.000977772549707931	0.000309181227163765	0.000283619884778438	0.000587679981796824	0.000282726411208227	0.000586127835635684	0.000672818979119335	0.000306977543336121	1.00125366700922	0.00125366700922234	0.000281337850730992	0.000280444377160782	0.0335270673843923	0.0335268983395161	0.000124895042130814	0.000114662457352943	9.46934061761036e-05	8.51014248991852e-05	6.25431499147306e-05	0.0334742398057188
"Pentaclethra_sp1_M_SD_017"	0.000589625604324547	0.000589625604324547	0.000588573455367034	0.0012571647779112	0.000977772549707931	0.000309181227163765	0.000283619884778438	0.000587679981796824	0.000282726411208227	0.000586127835635684	0.000672818979119335	0.000306977543336121	0.00125366700922234	1.00125366700922	0.000281337850730992	0.000280444377160782	0.0335270673843923	0.0335268983395161	0.000124895042130814	0.000114662457352943	9.46934061761036e-05	8.51014248991852e-05	6.25431499147306e-05	0.0334742398057188
"Unidentified_sp2_M_SD_017"	0.00113463600410218	0.00113463600410218	0.000762133737651542	0.000284554597492164	5.01123427013315e-06	0.000482590374429511	0.00113256845691146	0.000283894901354886	0.000654329620614803	0.00113141925734101	0.000375445953530051	0.00037478416210621	0.000281337850730992	0.000281337850730992	1.00113028446597	0.000652045629672668	0.0335452035866437	0.000124827050885061	0.000126181471227986	0.000113688665824446	0.0335252039805573	6.52929073325956e-05	0.033476718540766	3.29848068639228e-05
"Marantochloa_sp1_M_SD_017"	0.000982154625597466	0.000982154625597466	0.00042425749619846	0.000423643131792974	5.07087847121967e-06	5.68524287670598e-06	0.000980318417289665	0.000422658434410218	0.000978719355501423	0.000979178059545665	0.000561131799562424	0.000560167075454311	0.000420666565741172	0.000420666565741172	0.000978068444509002	1.00097646938272	0.0502286703986105	0.000122057654032906	0.000127636412050576	0.000108964176202099	0.0502107416459105	5.08615289797096e-05	0.000111934325176933	4.92348691377794e-05
"Mandrillus_sphinx"	0.00842992233677383	0.00842992233677383	0.00841292773595467	0.00841210042698262	5.76499613666933e-05	5.84772703387514e-05	0.00840675510550683	0.00839807190572882	0.00839189927528097	0.00839958875588929	5.1477330918842e-05	4.0028913293693e-05	0.00838176684609808	0.00838176684609808	0.00838630089666093	0.00837144506643508	1.00253405587391	0.00146166451511902	0.00107210985708039	0.0010707755599706	0.00152951407372376	0.000691556042705464	0.00103990811580991	0.000701426062689887
"Cercocebus_albigena"	0.00918567486145942	0.00918567486145942	0.00917677041995452	0.00918386611917718	0.00917057825994883	0.00916348256072616	5.82326266415481e-05	0.0091649189795373	4.63811862243327e-05	0.009145508289423	5.20404666358555e-05	0.00913333724274821	0.00914369954714075	0.00914369954714075	3.40437411504711e-05	2.21923007332557e-05	0.00159454310740257	1.00226110030998	0.00142650782678694	0.00112206325202866	0.000801399735441084	0.00111843805817433	0.000829600829205075	0.000947356981993876
"Cercopithecus_nictitans"	0.00919062466841362	0.00919062466841362	0.00917716450128697	0.0091773055711436	0.00916755911789741	0.00916741804804079	0.0091616776181005	0.00916595799314308	0.00915047110995662	4.73813814875139e-05	0.00915207223471095	0.0091360997801818	3.40622842174946e-05	3.40622842174946e-05	3.44131285167236e-05	2.3206620372832e-05	0.00116957438954224	0.00142650782678694	1.00206384960928	0.00175931294994122	0.0012114150413982	0.00111851581396252	0.00078445557007241	0.000567378900025948
"Cercopithecus_cephus"	0.0100998239786866	0.0100998239786866	0.0100887388990459	0.0100888954836249	0.0100781877280252	0.0100780311434462	0.0100710388720822	0.010076425134539	0.0100587251075753	4.53272322676205e-05	0.0100604877010615	3.98988416604127e-05	3.43987372058829e-05	3.43987372058829e-05	3.41065997473338e-05	2.17928352404198e-05	0.00128493067196471	0.00123426957723153	0.00193524424493535	1.00193391428355	0.000997657167664247	0.0012295131858891	0.000861963515483982	0.000623517454294515
"Gorilla_gorilla"	0.0112131701751755	0.0112131701751755	7.22221880145212e-05	6.07622088768531e-05	4.37676080577002e-05	5.52275871953683e-05	0.0111996132402865	5.50967824755391e-05	0.0111824878347475	0.011183972435024	0.0111711586603296	0.0111633125957925	3.15644687253679e-05	3.15644687253679e-05	0.0111750679935191	0.0111579425879801	0.00203935209829835	0.000979488565539103	0.00148061838393114	0.00110850796407139	1.00268531884449	0.000325674536888728	0.00119877838772875	0.0002832713200657
"Cercopithecus_pogonias"	0.0143882578431491	0.0143882578431491	0.014383605349765	0.0143807695212752	0.0143708901492365	0.0143737259777264	6.15259459975642e-05	0.0143701545406167	4.8075136849226e-05	4.396036111646e-05	4.88107454690874e-05	3.6608977271794e-05	3.64720392425079e-05	3.64720392425079e-05	2.79826745711124e-05	1.45318654227742e-05	0.00118552464463794	0.00175754551998823	0.0017576677076554	0.001756447408413	0.000418724404571222	1.00175279474244	0.000941556640383676	0.000530749032925545
"Pan_troglodytes"	0.0143959876111161	0.0143959876111161	0.0143788622055771	6.3775288905457e-05	4.89194586796011e-05	0.0143640063753512	0.0143706853615505	6.3678352442215e-05	5.55015084156436e-05	0.0143590165293169	4.07426146530296e-05	4.01833541000891e-05	2.68042071063131e-05	2.68042071063131e-05	0.0143471650888997	3.1981235764838e-05	0.0017826996271027	0.00130365844589369	0.00123271589582807	0.0012313764506914	0.00154128649850839	0.000941556640383676	1.00206286971944	4.84682316209626e-06
"Colobus_satanas"	7.31709315031514e-05	7.31709315031514e-05	6.75055051018374e-05	0.0201189767911762	0.0201049482699224	5.34769838480396e-05	4.36088112047629e-05	6.74085686385954e-05	4.3511874741521e-05	3.87380237582312e-05	0.0200810515760253	3.59601440417105e-05	0.0200845438834313	0.0200845438834313	1.97908841183537e-05	1.96939476551118e-05	0.00168342255045573	0.00208418536038653	0.00124823358005709	0.00124703490858903	0.000509888376118261	0.000743048646095763	6.78555242693476e-06	1.00257841112688
