"Marmota_caudata"	"Microtus_juldaschi"	"Apodemus_uralensis"	"Alticola_argentatus"	"Cricetulus_migratorius"	"Dryomys_nitedula"	"Rattus_turkestanicus"	"Citellophilus_lebedewi"	"Rhadinopsylla_li"	"Amphipsylla_phaiomydis"	"Oropsylla_silantiewi"	"Callopsylla_caspia"	"Pectinoctenus_nemorosa"	"Frontopsylla_elata"	"Leptopsylla_nana"	"Ceratophyllus_sinicus"	"Amphipsylla_montana"	"Neopsylla_pleskei"	"Amphipsylla_anceps"	"Ceratophyllus_sciurorum"	"Frontopsylla_ambigua"	"Nosopsyllus_simla"	"Frontopsylla_ornata"	"Amphipsylla_primaris"	"Frontopsylla_protera"	"Neopsylla_meridiana"	"Callopsylla_lagomys"	"Rhadinopsylla_altifrons"	"Paraneopsylla_ioffi"	"Leptopsylla_taschenbergi"
"Marmota_caudata"	2.01233859132894	0.900882285620975	1.05973312886799	0.507920128210283	0.538600298498455	0.0360709170218977	0.207612545188306	0.410100301167563	0.258729247456578	0.202163066532013	0.258729247456578	0.202163066532013	0.15809576938214	0.416825016838717	0.202163066532013	0.318339235955402	0.202163066532013	0.202163066532013	0.202163066532013	0.0801575933819949	0.416825016838717	0.0934256453347375	0.151371053710985	0.0917610652121606	0.107303756561111	0.0917610652121606	0.0476937680622869	0.151371053710985	0.411764881290139	0.0596099884988244
"Microtus_juldaschi"	0.370951529373343	2.27408565070151	1.05072075704152	0.614999866170977	0.791696642282179	0.0910533552678311	0.0696500938994822	0.291964760211981	0.0476937680622869	0.305770978766792	0.0476937680622869	0.305770978766792	0.240995798943704	0.288689567005991	0.305770978766792	0.106796810645873	0.305770978766792	0.305770978766792	0.305770978766792	0.202340789484069	0.288689567005991	0.031342542254767	0.244270992149694	0.185167949566109	0.179495812326607	0.185167949566109	0.120392769743021	0.244270992149694	0.13813935290064	0.0591030425835857
"Apodemus_uralensis"	0.463633243879746	1.11639080435662	2.17424507959866	0.617905515815413	0.72764568344232	0.0446997801052329	0.118637787538858	0.300548963636933	0.0596099884988244	0.30272952671965	0.0596099884988244	0.30272952671965	0.243194879892551	0.302804868391376	0.30272952671965	0.181911274226249	0.30272952671965	0.30272952671965	0.30272952671965	0.0993328446782953	0.302804868391376	0.0533870043924861	0.240938975138109	0.118637689410685	0.18140432831101	0.118637689410685	0.0591030425835857	0.240938975138109	0.235298278618735	0.122301285727424
"Alticola_argentatus"	0.395048988607997	1.16166641387851	1.09849869478296	1.72865839090291	0.759349400077081	0.046512594920494	0.0734234115668931	0.236211138298701	0.0507920128210282	0.358284964567964	0.0507920128210282	0.358284964567964	0.29615637728893	0.346948390109958	0.358284964567964	0.112582564402569	0.358284964567964	0.358284964567964	0.358284964567964	0.103361322045542	0.346948390109958	0.0330405352051019	0.185419125477673	0.123628573896132	0.123290538198639	0.123628573896132	0.0614999866170976	0.185419125477673	0.145623099607671	0.0617905515815412
"Cricetulus_migratorius"	0.342745644499017	1.22353117443609	1.05839372137065	0.621285872790339	1.9006453646394	0.0489896317989737	0.0675664852023733	0.323884471816011	0.0440672971498736	0.341945761945171	0.0440672971498736	0.341945761945171	0.18643841392922	0.230505711079094	0.341945761945171	0.103601943976972	0.341945761945171	0.341945761945171	0.341945761945171	0.108865848442164	0.230505711079094	0.030404918341068	0.279817174666137	0.220282527839038	0.124309826650186	0.220282527839038	0.0647751798230873	0.279817174666137	0.13400686231804	0.0595346468270989
"Dryomys_nitedula"	0.252496419153284	1.54790703955313	0.715196481683726	0.418613354284446	0.53888594978871	1.74264976282936	0.0474088874441853	0.198732315774542	0.0324638253197079	0.208129825883278	0.0324638253197079	0.208129825883278	0.164039157264202	0.19650298258391	0.208129825883279	0.0726936274144175	0.208129825883278	0.208129825883278	0.208129825883278	1.65033280628748	0.19650298258391	0.0213339993498834	0.166268490454834	0.126038688360124	0.122177821835758	0.126038688360124	0.0819480197410479	0.166268490454834	0.0940276267643009	0.0402298020947096
"Rattus_turkestanicus"	0.72664390815907	0.592025798145598	0.949102300310864	0.330405352051019	0.371615668613053	0.0237044437220927	2.26966042373515	0.208560110323059	0.0934256453347375	0.148175000193423	0.0934256453347375	0.148175000193423	0.117770081852355	0.211195727187093	0.148175000193423	0.146812649727224	0.148175000193423	0.148175000193423	0.148175000193423	0.0526765416046504	0.211195727187093	1.02134719068082	0.115134464988321	0.061747460595835	0.0847295466472531	0.061747460595835	0.031342542254767	0.115134464988321	1.16815984040804	0.0533870043924861
"Citellophilus_lebedewi"	0.717675527043234	1.24085023090092	1.20219585454773	0.531475061172077	0.89068229749403	0.0496830789436355	0.104280055161529	1.29846216178731	0.0922725677627016	0.259337100141816	0.0922725677627016	0.259337100141816	0.186463093983213	0.278735661745915	0.259337100141816	0.159896084581012	0.259337100141816	0.259337100141816	0.259337100141816	0.110406842096968	0.278735661745915	0.0469260248226882	0.206189594024608	0.138566077206298	0.133315587866006	0.138566077206298	0.0656920710476957	0.206189594024608	0.2068221094037	0.06762351681831
"Rhadinopsylla_li"	1.81110473219604	0.810794057058878	0.953759815981191	0.457128115389254	0.484740268648609	0.0324638253197079	0.186851290669475	0.369090271050806	1.23285632271092	0.181946759878812	0.23285632271092	0.181946759878812	0.142286192443926	0.375142515154845	0.181946759878812	0.286505312359862	0.181946759878812	0.181946759878812	0.181946759878812	0.0721418340437954	0.375142515154845	0.0840830808012638	0.136233948339886	0.0825849586909445	0.0965733809050002	0.0825849586909445	0.0429243912560582	0.136233948339886	0.370588393161126	0.053648989648942
"Amphipsylla_phaiomydis"	0.353785366431023	1.29952665975887	1.2109181068786	0.806141170277919	0.940350845349221	0.0520324564708196	0.0740875000967115	0.259337100141816	0.045486689969703	1.29446452719991	0.045486689969703	0.294464527199905	0.217526730762241	0.263013420731944	0.294464527199905	0.113600833481624	0.294464527199905	0.294464527199905	0.294464527199905	0.115627681046266	0.263013420731944	0.0333393750435202	0.213850410172113	0.145736266660192	0.136912613734449	0.145736266660192	0.0687984702225281	0.213850410172113	0.146940208525144	0.0681141435119213
"Oropsylla_silantiewi"	1.81110473219604	0.810794057058878	0.953759815981191	0.457128115389254	0.484740268648609	0.0324638253197079	0.186851290669475	0.369090271050806	0.23285632271092	0.181946759878812	1.23285632271092	0.181946759878812	0.142286192443926	0.375142515154845	0.181946759878812	0.286505312359862	0.181946759878812	0.181946759878812	0.181946759878812	0.0721418340437954	0.375142515154845	0.0840830808012638	0.136233948339886	0.0825849586909445	0.0965733809050002	0.0825849586909445	0.0429243912560582	0.136233948339886	0.370588393161126	0.053648989648942
"Callopsylla_caspia"	0.353785366431023	1.29952665975887	1.2109181068786	0.806141170277919	0.940350845349221	0.0520324564708196	0.0740875000967115	0.259337100141816	0.045486689969703	0.294464527199905	0.045486689969703	1.2944645271999	0.217526730762241	0.263013420731944	0.294464527199905	0.113600833481624	0.294464527199905	0.294464527199905	0.294464527199905	0.115627681046266	0.263013420731944	0.0333393750435202	0.213850410172113	0.145736266660192	0.136912613734449	0.145736266660192	0.0687984702225281	0.213850410172113	0.146940208525144	0.0681141435119213
"Pectinoctenus_nemorosa"	0.368890128558326	1.36564286068099	1.29703935942694	0.88846913186679	0.683607517740474	0.0546797190880674	0.07851338790157	0.248617458644285	0.0474287308146419	0.290035641016322	0.0474287308146419	0.290035641016322	1.23410411683756	0.281532847652198	0.290035641016322	0.120387194782407	0.290035641016322	0.290035641016322	0.290035641016322	0.121510486862372	0.281532847652198	0.0353310245557065	0.201188727829643	0.128230263861877	0.145257203650877	0.128230263861877	0.0722987396831113	0.201188727829643	0.155718219338114	0.0729584639677654
"Frontopsylla_elata"	0.729443779467755	1.22693065977546	1.2112194735655	0.780633877747406	0.633890705467508	0.0491257456459775	0.105597863593546	0.278735661745915	0.0937856287887113	0.263013420731944	0.0937856287887113	0.263013420731944	0.211149635739148	1.30493526452786	0.263013420731944	0.161916724176771	0.263013420731944	0.263013420731944	0.263013420731944	0.109168323657728	0.30493526452786	0.0475190386170958	0.184950032957204	0.116818937569144	0.133086247964408	0.116818937569144	0.064955152576348	0.184950032957204	0.209435762793867	0.0681310953880595
"Leptopsylla_nana"	0.353785366431023	1.29952665975887	1.2109181068786	0.806141170277919	0.940350845349221	0.0520324564708196	0.0740875000967115	0.259337100141816	0.045486689969703	0.294464527199905	0.045486689969703	0.294464527199905	0.217526730762241	0.263013420731944	1.29446452719991	0.113600833481624	0.294464527199905	0.294464527199905	0.294464527199905	0.115627681046266	0.263013420731944	0.0333393750435202	0.213850410172113	0.145736266660192	0.136912613734449	0.145736266660192	0.0687984702225281	0.213850410172113	0.146940208525144	0.0681141435119213
"Ceratophyllus_sinicus"	1.11418732584391	0.907772890489917	1.45529019380999	0.506621539811563	0.569810691873348	0.0363468137072088	0.146812649727224	0.319792169162023	0.143252656179931	0.227201666963248	0.143252656179931	0.227201666963248	0.180580792173611	0.323833448353542	0.227201666963249	1.22511272958174	0.227201666963249	0.227201666963249	0.227201666963249	0.0807706971271306	0.323833448353542	0.0660656923772506	0.176539512982092	0.0946794395802803	0.129918638192455	0.0946794395802803	0.0480585647906426	0.176539512982092	0.291178421958994	0.0818600734018119
"Amphipsylla_montana"	0.353785366431023	1.29952665975887	1.2109181068786	0.806141170277919	0.940350845349221	0.0520324564708196	0.0740875000967115	0.259337100141816	0.045486689969703	0.294464527199905	0.045486689969703	0.294464527199905	0.217526730762241	0.263013420731944	0.294464527199905	0.113600833481624	1.2944645271999	0.294464527199905	0.294464527199905	0.115627681046266	0.263013420731944	0.0333393750435202	0.213850410172113	0.145736266660192	0.136912613734449	0.145736266660192	0.0687984702225281	0.213850410172113	0.146940208525144	0.0681141435119213
"Neopsylla_pleskei"	0.353785366431023	1.29952665975887	1.2109181068786	0.806141170277919	0.940350845349221	0.0520324564708196	0.0740875000967115	0.259337100141816	0.045486689969703	0.294464527199905	0.045486689969703	0.294464527199905	0.217526730762241	0.263013420731944	0.294464527199905	0.113600833481624	0.294464527199905	1.2944645271999	0.294464527199905	0.115627681046266	0.263013420731944	0.0333393750435202	0.213850410172113	0.145736266660192	0.136912613734449	0.145736266660192	0.0687984702225281	0.213850410172113	0.146940208525145	0.0681141435119213
"Amphipsylla_anceps"	0.353785366431023	1.29952665975886	1.2109181068786	0.806141170277919	0.940350845349221	0.0520324564708196	0.0740875000967115	0.259337100141816	0.045486689969703	0.294464527199905	0.045486689969703	0.294464527199905	0.217526730762241	0.263013420731944	0.294464527199905	0.113600833481624	0.294464527199905	0.294464527199905	1.2944645271999	0.115627681046266	0.263013420731944	0.0333393750435202	0.213850410172113	0.145736266660192	0.136912613734449	0.145736266660192	0.0687984702225281	0.213850410172113	0.146940208525145	0.0681141435119213
"Ceratophyllus_sciurorum"	0.280551576836982	1.71989671061459	0.794662757426362	0.46512594920494	0.5987621664319	0.825166403143738	0.0526765416046504	0.220813684193935	0.0360709170218977	0.231255362092532	0.0360709170218977	0.231255362092532	0.182265730293558	0.218336647315456	0.231255362092532	0.0807706971271306	0.231255362092532	0.231255362092532	0.231255362092532	1.83370311809719	0.218336647315456	0.0237044437220927	0.184742767172038	0.140042987066805	0.135753135373064	0.140042987066805	0.0910533552678311	0.184742767172038	0.104475140849223	0.0446997801052329
"Frontopsylla_ambigua"	0.729443779467755	1.22693065977546	1.2112194735655	0.780633877747406	0.633890705467508	0.0491257456459775	0.105597863593546	0.278735661745915	0.0937856287887113	0.263013420731944	0.0937856287887113	0.263013420731944	0.211149635739148	0.30493526452786	0.263013420731944	0.161916724176771	0.263013420731944	0.263013420731944	0.263013420731944	0.109168323657728	1.30493526452786	0.0475190386170958	0.184950032957204	0.116818937569144	0.133086247964408	0.116818937569144	0.064955152576348	0.184950032957204	0.209435762793867	0.0681310953880595
"Nosopsyllus_simla"	0.653979517343163	0.532823218331039	0.854192070279778	0.297364816845917	0.334454101751748	0.0213339993498834	2.04269438136163	0.187704099290753	0.0840830808012638	0.133357500174081	0.0840830808012638	0.133357500174081	0.105993073667119	0.190076154468383	0.133357500174081	0.132131384754501	0.133357500174081	0.133357500174081	0.133357500174081	0.0474088874441853	0.190076154468383	1.91921247161273	0.103621018489489	0.0555727145362515	0.0762565919825278	0.0555727145362515	0.0282082880292903	0.103621018489489	1.05134385636724	0.0480483039532375
"Frontopsylla_ornata"	0.353199125325632	1.38420228884827	1.28500786740325	0.556257376433019	1.02599630710917	0.0554228301516113	0.076756309992214	0.274919458699478	0.0454113161132955	0.285133880229484	0.0454113161132955	0.285133880229484	0.201188727829643	0.246600043942938	0.285133880229484	0.117693008654728	0.285133880229484	0.285133880229484	0.285133880229484	0.123161844781358	0.246600043942938	0.0345403394964963	1.22950814258618	0.157226450044749	0.145562990186341	0.157226450044749	0.0732812976449082	0.229508142586182	0.152233348151225	0.0722816925414327
"Amphipsylla_primaris"	0.321163728242562	1.57392757131192	0.949101515285477	0.556328582532592	1.21155390311471	0.0630193441800622	0.061747460595835	0.277132154412596	0.0412924793454722	0.291472533320383	0.0412924793454722	0.291472533320383	0.192345395792816	0.233637875138288	0.291472533320383	0.0946794395802803	0.291472533320383	0.291472533320383	0.291472533320383	0.140042987066805	0.233637875138288	0.0277863572681257	0.235839675067124	1.18245271483232	0.136712537539557	0.182452714832316	0.0833255773047488	0.235839675067124	0.122465796848406	0.053386960234808
"Frontopsylla_protera"	0.37556314796389	1.52571440477616	1.45123462648808	0.554807421893875	0.683704046576024	0.0610889109178788	0.084729546647253	0.266631175732012	0.0482866904525001	0.273825227468899	0.0482866904525001	0.273825227468899	0.217885805476315	0.266172495928815	0.273825227468899	0.129918638192455	0.273825227468899	0.273825227468899	0.273825227468899	0.135753135373064	0.266172495928815	0.0381282959912639	0.218344485279511	0.136712537539557	1.16240506328693	0.136712537539557	0.080773115546973	0.218344485279511	0.168046934183719	0.0816319477399545
"Neopsylla_meridiana"	0.321163728242562	1.57392757131192	0.949101515285477	0.556328582532592	1.21155390311471	0.0630193441800622	0.061747460595835	0.277132154412596	0.0412924793454722	0.291472533320383	0.0412924793454722	0.291472533320383	0.192345395792816	0.233637875138288	0.291472533320383	0.0946794395802803	0.291472533320383	0.291472533320383	0.291472533320383	0.140042987066805	0.233637875138288	0.0277863572681257	0.235839675067124	0.182452714832316	0.136712537539557	1.18245271483232	0.0833255773047488	0.235839675067124	0.122465796848406	0.0533869602348081
"Callopsylla_lagomys"	0.333856376436008	2.04667708563136	0.945648681337371	0.553499879553879	0.712526978053961	0.081948019741048	0.0626850845095339	0.262768284190783	0.0429243912560582	0.275193880890112	0.0429243912560582	0.275193880890112	0.216896219049334	0.259820610305392	0.275193880890112	0.0961171295812853	0.275193880890112	0.275193880890112	0.275193880890112	0.182106710535662	0.259820610305392	0.0282082880292903	0.219843892934725	0.166651154609498	0.161546231093946	0.166651154609498	1.10835349276872	0.219843892934725	0.124325417610576	0.0531927383252271
"Rhadinopsylla_altifrons"	0.353199125325632	1.38420228884827	1.28500786740325	0.556257376433018	1.02599630710917	0.0554228301516113	0.076756309992214	0.274919458699478	0.0454113161132955	0.285133880229484	0.0454113161132955	0.285133880229484	0.201188727829643	0.246600043942938	0.285133880229484	0.117693008654728	0.285133880229484	0.285133880229484	0.285133880229484	0.123161844781358	0.246600043942938	0.0345403394964963	0.229508142586182	0.157226450044749	0.145562990186341	0.157226450044749	0.0732812976449082	1.22950814258618	0.152233348151225	0.0722816925414327
"Paraneopsylla_ioffi"	0.960784723010325	0.782789666436958	1.25492415263325	0.436869298823014	0.491358495166148	0.031342542254767	0.778773226938693	0.275762812538266	0.123529464387042	0.195920278033526	0.123529464387042	0.195920278033526	0.155718219338114	0.279247683725156	0.195920278033526	0.194118947972662	0.195920278033526	0.195920278033526	0.195920278033526	0.0696500938994822	0.279247683725156	0.350447952122412	0.152233348151224	0.081643864565604	0.112031289455812	0.081643864565604	0.0414418058701919	0.152233348151224	1.54456690009507	0.0705894835856205
"Leptopsylla_taschenbergi"	0.417269919491771	1.00475172392096	1.95682057163879	0.556114964233871	0.654881115098088	0.0402298020947096	0.106774008784972	0.27049406727324	0.053648989648942	0.272456574047685	0.053648989648942	0.272456574047685	0.218875391903296	0.272524381552238	0.272456574047685	0.163720146803624	0.272456574047685	0.272456574047685	0.272456574047685	0.0893995602104658	0.272524381552238	0.0480483039532375	0.216845077624298	0.106773920469616	0.163263895479909	0.106773920469616	0.0531927383252271	0.216845077624298	0.211768450756861	1.11007115715468
