"Clethrionomys_rutilus"	"Spermophilus_undulatus"	"Microtus_gregalis"	"Tamias_sibiricus"	"Microtus_oeconomus"	"Myopus_schisticolor"	"Sorex_araneus"	"Sciurus_vulgaris"	"Citellophilus_tesquorum"	"Megabothris_advenarius"	"Catallagia_ioffi"	"Amphipsylla_primaris"	"Catallagia_dacenkoi"	"Frontopsylla_luculenta"	"Amalaraeus_penicilliger"	"Megabothris_calcarifer"	"Ceratophyllus_indages"	"Corrodopsylla_birulai"	"Megabothris_rectangulatus"	"Oropsylla_alaskensis"	"Ceratophyllus_paradoxus"	"Amphipsylla_marikovskii"	"Neopsylla_mana"	"Rhadinopsylla_dahurica"	"Rhadinopsylla_pseudodahurica"
"Clethrionomys_rutilus"	2.5526481184258	0.399279854983664	0.752297245127086	0.457476730409881	0.576159467021583	0.2098773279698	0.208953012050585	0.106466138748441	0.134556277512235	0.347779152944129	0.430124964417907	0.347779152944129	0.271166590400504	0.333225606787951	0.347779152944129	0.253403171603813	0.35488712916147	0.488068679386518	0.501995338314967	0.134556277512235	0.176721792814094	0.176721792814094	0.0846334400767972	0.176721792814094	0.176721792814094
"Spermophilus_undulatus"	1.03812762295753	1.85302787942029	0.63393691599768	0.438937710182943	0.42673081468018	0.211939232643076	0.59845258389762	0.0620051349575298	0.513080793464938	0.207197899148826	0.286206686981755	0.207197899148826	0.167243028586444	0.476733295242451	0.207197899148826	0.214336313084696	0.206683783191766	0.759332609884311	0.619751705277407	0.513080793464938	0.0718703738970595	0.0718703738970595	0.071317903049739	0.0718703738970595	0.0718703738970595
"Microtus_gregalis"	1.22248302333151	0.39621057249855	2.05661820909011	0.482921790260361	0.732189347924988	0.127350337992508	0.174880766108536	0.0705038475302721	0.1237821328823	0.425831390788183	0.512757313035048	0.425831390788183	0.141941092173426	0.387320891649174	0.425831390788183	0.428123872958251	0.235012825100907	0.352649147302591	0.584075216084787	0.1237821328823	0.0846334400767971	0.0846334400767972	0.231369548522638	0.0846334400767972	0.0846334400767972
"Tamias_sibiricus"	1.18943949906569	0.438937710182943	0.772674864416578	1.65093513162061	0.619957377928328	0.185714686072328	0.249533912368655	0.155964713081708	0.153868961543526	0.262265340409893	0.559433664101603	0.262265340409893	0.165917420206326	0.248280521553573	0.262265340409893	0.477087852627825	0.519882376939026	0.616954705441563	0.638442451934533	0.153868961543526	0.0823458114737786	0.0823458114737786	0.0869259222468651	0.0823458114737786	0.0823458114737786
"Microtus_oeconomus"	1.2483455118801	0.355609012233483	0.976252463899984	0.516631148273606	1.79932831859691	0.127895644590446	0.165362565094176	0.0737332301681452	0.11361839173028	0.466151570031522	0.559145176720771	0.466151570031522	0.143976960118938	0.260261944444013	0.466151570031522	0.472721256667533	0.245777433893817	0.350588958538467	0.623154798922797	0.11361839173028	0.0864239200532375	0.0864239200532375	0.109828402188748	0.0864239200532375	0.0864239200532375
"Myopus_schisticolor"	1.3642026318037	0.529848081607689	0.509401351970032	0.46428671518082	0.383686933771339	1.55274915842366	0.385825594725242	0.0731574272543662	0.211120333106956	0.20930548974874	0.292877098481287	0.20930548974874	0.793181918877055	0.247125104372423	0.20930548974874	0.198432300894877	0.243858090847887	1.08787386071656	0.388249753170671	0.211120333106956	0.09444479758641	0.09444479758641	0.0573076520966286	0.09444479758641	0.09444479758641
"Sorex_araneus"	0.9054630522192	0.9974209731627	0.466348709622763	0.415889853947758	0.330725130188352	0.257217063150161	1.83356732724354	0.056525785202372	0.729605973342347	0.164758902975989	0.239619076686585	0.164758902975989	0.178433582032748	0.294685908617022	0.164758902975989	0.17693317307141	0.188419284007907	0.982899729085691	0.419154851855871	0.729605973342347	0.0626859036151753	0.0626859036151754	0.0524642298325609	0.0626859036151754	0.0626859036151754
"Sciurus_vulgaris"	1.38405980372973	0.310025674787649	0.564030780242177	0.779823565408539	0.442399381008871	0.146314854508732	0.169577355607116	1.46692647944403	0.106677828143912	0.225632894802172	0.366001136575709	0.225632894802172	0.161661209402526	0.215077609112619	0.225632894802172	0.270181611702113	1.55642159814676	0.408707279319975	0.421805758037486	0.106677828143912	0.0958195248735968	0.0958195248735968	0.063453462777245	0.0958195248735968	0.0958195248735968
"Citellophilus_tesquorum"	0.874615803829527	1.28270198366235	0.4951285315292	0.384672403858815	0.340855175190839	0.211120333106956	1.09440896001352	0.0533389140719558	1.55920904506328	0.167380560956167	0.236621593650753	0.167380560956167	0.155554474778636	0.347138641736763	0.167380560956167	0.176071268770248	0.177796380239853	0.784004552536501	0.467507950709975	0.559209045063278	0.0605503248805057	0.0605503248805057	0.055701959797035	0.0605503248805057	0.0605503248805057
"Megabothris_advenarius"	1.50704299609122	0.345329831914709	1.13555037543516	0.437108900683155	0.932303140063043	0.139536993165826	0.164758902975989	0.0752109649340575	0.111587040637444	1.37192863412915	0.450608236252118	0.37192863412915	0.167125392807861	0.294242532864341	0.37192863412915	0.346274490368879	0.250703216446858	0.357392035568273	0.512767605996765	0.111587040637444	0.104333745883239	0.104333745883239	0.127749417236455	0.104333745883239	0.104333745883239
"Catallagia_ioffi"	1.3979061343582	0.357758358727194	1.0255146260701	0.699292080127004	0.838717765081156	0.146438549240644	0.179714307514939	0.0915002841439274	0.118310796825377	0.337956177189089	1.46382875161195	0.337956177189089	0.162675464152319	0.27654501699781	0.337956177189089	0.36705063461792	0.305000947146425	0.406858835400556	0.528225256182844	0.118310796825377	0.0967781169940291	0.0967781169940291	0.115370395432886	0.0967781169940292	0.0967781169940292
"Amphipsylla_primaris"	1.50704299609122	0.345329831914709	1.13555037543516	0.437108900683155	0.932303140063043	0.139536993165826	0.164758902975989	0.0752109649340575	0.111587040637444	0.37192863412915	0.450608236252118	1.37192863412915	0.167125392807861	0.294242532864341	0.37192863412915	0.346274490368879	0.250703216446858	0.357392035568273	0.512767605996765	0.111587040637444	0.104333745883239	0.104333745883239	0.127749417236455	0.104333745883239	0.104333745883239
"Catallagia_dacenkoi"	1.76258283760328	0.418107571466109	0.567764368693703	0.414793550515816	0.431930880356815	0.793181918877055	0.267650373049122	0.0808306047012632	0.155554474778636	0.250688089211791	0.325350928304638	0.250688089211791	1.4789568291749	0.261157820022168	0.250688089211791	0.203325962624411	0.269435349004211	0.709174143046385	0.400610291168537	0.155554474778636	0.122024965680227	0.122024965680227	0.0638734914780416	0.122024965680227	0.122024965680227
"Frontopsylla_luculenta"	1.44397762941445	0.794555492070751	1.03285571106446	0.413800869255956	0.520523888888025	0.164750069581615	0.294685908617022	0.0716925363708729	0.231425761157842	0.294242532864341	0.368726689330413	0.294242532864341	0.174105213348112	1.35918393810387	0.294242532864341	0.268759007294028	0.238975121236243	0.480015130972026	0.511746677903148	0.231425761157842	0.0999676820363852	0.0999676820363852	0.116196267494752	0.0999676820363852	0.0999676820363852
"Amalaraeus_penicilliger"	1.50704299609122	0.345329831914709	1.13555037543516	0.437108900683155	0.932303140063043	0.139536993165826	0.164758902975989	0.0752109649340575	0.111587040637444	0.37192863412915	0.450608236252118	0.37192863412915	0.167125392807861	0.294242532864341	1.37192863412915	0.346274490368879	0.250703216446858	0.357392035568273	0.512767605996765	0.111587040637444	0.104333745883239	0.104333745883239	0.127749417236455	0.104333745883239	0.104333745883239
"Megabothris_calcarifer"	1.09808041028319	0.357227188474493	1.141663661222	0.795146421046374	0.945442513335067	0.132288200596585	0.17693317307141	0.0900605372340375	0.117380845846832	0.346274490368879	0.489400846157227	0.346274490368879	0.135550641749607	0.268759007294028	0.346274490368879	1.41337989467608	0.300201790780125	0.396057843384786	0.553701740082635	0.117380845846832	0.076020951481144	0.076020951481144	0.128437161887475	0.076020951481144	0.076020951481144
"Ceratophyllus_indages"	1.53784422636637	0.344472971986277	0.626700866935752	0.86647062823171	0.491554867787635	0.162572060565258	0.188419284007907	0.518807199382253	0.118530920159902	0.250703216446858	0.406667929528566	0.250703216446858	0.179623566002807	0.238975121236243	0.250703216446858	0.300201790780125	1.72935733127418	0.454119199244417	0.468673064486096	0.118530920159902	0.106466138748441	0.106466138748441	0.0705038475302722	0.106466138748441	0.106466138748441
"Corrodopsylla_birulai"	1.26897856640495	0.759332609884311	0.564238635684145	0.616954705441563	0.420706750246161	0.435149544286624	0.589739837451415	0.081741455863995	0.3136018210146	0.214435221340964	0.325487068320445	0.214435221340964	0.283669657218554	0.288009078583216	0.214435221340964	0.237634706030872	0.27247151954665	1.70832332521264	0.462166938099621	0.3136018210146	0.0878523622895732	0.0878523622895732	0.0634768465144663	0.0878523622895732	0.0878523622895732
"Megabothris_rectangulatus"	1.30518787961891	0.619751705277407	0.934520345735659	0.638442451934533	0.747785758707357	0.155299901268268	0.251492911113523	0.0843611516074972	0.18700318028399	0.307660563598059	0.422580204946275	0.307660563598059	0.160244116467415	0.307048006741889	0.307660563598059	0.332221044049581	0.281203838691657	0.462166938099621	1.53413551189621	0.18700318028399	0.090359160896694	0.090359160896694	0.105133538895262	0.090359160896694	0.090359160896694
"Oropsylla_alaskensis"	0.874615803829527	1.28270198366235	0.4951285315292	0.384672403858815	0.340855175190839	0.211120333106956	1.09440896001352	0.0533389140719558	0.559209045063278	0.167380560956167	0.236621593650753	0.167380560956167	0.155554474778636	0.347138641736763	0.167380560956167	0.176071268770248	0.177796380239853	0.784004552536501	0.467507950709975	1.55920904506328	0.0605503248805057	0.0605503248805057	0.055701959797035	0.0605503248805057	0.0605503248805057
"Ceratophyllus_paradoxus"	2.29738330658322	0.359351869485297	0.677067520614377	0.411729057368893	0.518543520319425	0.18888959517282	0.188057710845526	0.0958195248735968	0.121100649761011	0.313001237649716	0.387112467976117	0.313001237649716	0.244049931360454	0.299903046109156	0.313001237649716	0.228062854443432	0.319398416245323	0.439261811447866	0.45179580448347	0.121100649761011	1.15904961353268	0.159049613532685	0.0761700960691175	0.159049613532685	0.159049613532685
"Amphipsylla_marikovskii"	2.29738330658322	0.359351869485297	0.677067520614377	0.411729057368893	0.518543520319425	0.18888959517282	0.188057710845526	0.0958195248735968	0.121100649761011	0.313001237649716	0.387112467976117	0.313001237649716	0.244049931360454	0.299903046109156	0.313001237649716	0.228062854443432	0.319398416245323	0.439261811447866	0.45179580448347	0.121100649761011	0.159049613532685	1.15904961353268	0.0761700960691175	0.159049613532685	0.159049613532685
"Neopsylla_mana"	1.10023472099836	0.356589515248695	1.8509563881811	0.434629611234325	0.658970413132489	0.114615304193257	0.157392689497683	0.0634534627772449	0.11140391959407	0.383248251709365	0.461481581731543	0.383248251709365	0.127746982956083	0.348588802484257	0.383248251709365	0.385311485662426	0.211511542590816	0.317384232572332	0.525667694476308	0.11140391959407	0.0761700960691175	0.0761700960691175	1.20823259367037	0.0761700960691175	0.0761700960691175
"Rhadinopsylla_dahurica"	2.29738330658322	0.359351869485297	0.677067520614377	0.411729057368893	0.518543520319425	0.18888959517282	0.188057710845526	0.0958195248735968	0.121100649761011	0.313001237649716	0.387112467976117	0.313001237649716	0.244049931360454	0.299903046109156	0.313001237649716	0.228062854443432	0.319398416245323	0.439261811447866	0.45179580448347	0.121100649761011	0.159049613532685	0.159049613532685	0.0761700960691175	1.15904961353268	0.159049613532685
"Rhadinopsylla_pseudodahurica"	2.29738330658322	0.359351869485297	0.677067520614377	0.411729057368893	0.518543520319425	0.18888959517282	0.188057710845526	0.0958195248735968	0.121100649761011	0.313001237649716	0.387112467976117	0.313001237649716	0.244049931360454	0.299903046109156	0.313001237649716	0.228062854443432	0.319398416245323	0.439261811447866	0.45179580448347	0.121100649761011	0.159049613532685	0.159049613532685	0.0761700960691175	0.159049613532685	1.15904961353268
