"Potentilla_vahliana"	"Dryas_integrifolia"	"Astragalus_alpinus"	"Taraxacum_sp1_M_PL_024"	"Caltha_palustris"	"Cerastium_alpinum"	"Arnica_alpina"	"Papaver_radicatum"	"Geum_rossii"	"Oxytropis_arctica"	"Petasites_frigidus"	"Spilogona_sanctipauli"	"Bombus_polaris"	"Spilogona_almquistii"	"Colias_hecla"	"Eupogonomyia_probilofensis"	"Boloria_improba"	"Pogonomyiodes_segnis"	"Spilogona_latilamina"	"Boreellus_atriceps"	"Spilogona_dorsata"	"Spilogona_projecta"	"Spilogona_aesturium"	"Spilogona_melanosoma"	"Anarta_richardsoni"	"Colias_nastes"	"Protocalliphora_sp1_M_PL_024"	"Rhamphomyia_sp1_M_PL_024"	"Spilogona_hurdiana"
"Potentilla_vahliana"	2.41757132555856	0.681744696988748	0	0.568587799640687	0.661391198870331	0.201758142364441	0.365631518975081	0.251838532691818	0.114634679647172	0	0	0.765895676592675	0	0.891603063922449	0	0.453708292796693	0.102261704548312	0.457346176815487	0.241757132555856	0.34410293649118	0.360807548352516	0.193052868612311	0.102345803935324	0.360807548352516	0	0	0.241757132555856	0.102345803935324	0.11905041579666
"Dryas_integrifolia"	1.02261704548312	2.06308427470559	0	0.504058107019003	0.511734231838828	0.338502148879995	0.414740780610782	0.285221774759125	0.123199531440398	0	0	0.871315167927793	0	0.958218577869759	0	0.536146579937385	0.309462641205838	0.540074144395757	0.102261704548312	0.192992163811733	0.194373866279301	0.461788608201836	0.0907304592634206	0.194373866279301	0	0	0.102261704548312	0.0907304592634206	0.092112161730989
"Astragalus_alpinus"	0	0	4.28983417447729	0	0	0	0	0	0	0	0.973323720259553	0	2.16294160057679	0	1.28695025234319	0	0	0	0	0	0	0	0	0	0	1.28695025234319	0	0	0
"Taraxacum_sp1_M_PL_024"	1.02345803935324	0.604869728422804	0	2.19786515302377	0.523351150621358	0.217900322250887	0.351205531030626	0.215780616082459	0.128727353951704	0	0	0.886312002176955	0	1.00121275295769	0	0.298437922507932	0.0907304592634206	0.290177540435851	0.102345803935324	0.497961531479602	0.196549011047168	0.18878560427632	0.395615727544279	0.196549011047168	0	0	0.102345803935324	0.395615727544278	0.0942032071118445
"Caltha_palustris"	1.1905041579666	0.614081078206593	0	0.523351150621358	2.01918139308906	0.215966126140233	0.352934088757699	0.220101165261983	0.12703873469332	0	0	0.871883418785939	0	0.988079047614714	0	0.317042804154958	0.092112161730989	0.310208101895541	0.11905041579666	0.213253622908504	0.482503066552691	0.189296918494094	0.0942032071118445	0.482503066552691	0	0	0.11905041579666	0.0942032071118445	0.363452650756031
"Cerastium_alpinum"	0.907911640639985	1.01550644663999	0	0.544750805627218	0.539915315350582	1.5779654997511	0.391434994326807	0.192283287785073	0.0933899046160893	0	0	1.26587200602204	0	0.726365924791805	0	0.360547629358038	0.152325966995998	0.329644610563279	0.0907911640639985	0.188846309076898	0.187975920827103	0.862410441883994	0.0980551450128992	0.187975920827103	0	0	0.0907911640639985	0.0980551450128992	0.0971847567631049
"Arnica_alpina"	1.09689455692524	0.829481561221564	0	0.585342551717711	0.588223481262831	0.260956662884538	1.50456271447597	0.250900736306551	0.146795629942439	0	0	1.01415288845309	0	1.14174378844119	0	0.685480504218549	0.124422234183235	0.347017021213707	0.109689455692524	0.215051115001712	0.215569682319834	0.241852732481277	0.105361659309188	0.215569682319834	0	0	0.109689455692524	0.105361659309188	0.10588022662731
"Papaver_radicatum"	1.13327339711318	0.855665324277374	0	0.539451540206147	0.550252913154957	0.192283287785073	0.376351104459826	1.44149247680759	0.174387850932691	0	0	0.637256750799154	0	1.35634995169871	0	0.354582469690872	0.128349798641606	0.890348752916342	0.113327339711318	0.210428616948425	0.21237286407921	0.214877278144889	0.0971012772371065	0.21237286407921	0	0	0.113327339711318	0.0971012772371065	0.0990455243678922
"Geum_rossii"	1.03171211682455	0.739197188642385	0	0.643636769758518	0.635193673466602	0.186779809232179	0.440386889827316	0.348775701865382	1.23747574511991	0	0	0.660407250862009	0	1.84703357315487	0	0.346166856927007	0.110879578296358	0.370999855818235	0.103171211682455	0.219025830238988	0.217506072906443	0.194930492450838	0.115854618556533	0.217506072906443	0	0	0.103171211682455	0.115854618556533	0.114334861223988
"Oxytropis_arctica"	0	0	0	0	0	0	0	0	0	5.26315789473684	0	0	0	0	0	0	0	0	0	0	0	0	0	0	4.73684210526316	0	0	0	0
"Petasites_frigidus"	0	0	2.91997116077866	0	0	0	0	0	0	0	2.34318673395818	0	2.98485940879596	0	0.875991348233598	0	0	0	0	0	0	0	0	0	0	0.875991348233598	0	0	0
"Spilogona_sanctipauli"	1.14884351488901	0.871315167927793	0	0.738593335147462	0.726569515654949	0.42195733534068	0.507076444226544	0.212418916933051	0.110067875143668	0	0	1.85131467399377	0	0.856083473339642	0	0.397704559946033	0.130697275189169	0.341170139297943	0.114884351488901	0.247831151815444	0.245666864306792	0.320578076092475	0.132946800326543	0.245666864306792	0	0	0.114884351488901	0.132946800326543	0.130782512817891
"Bombus_polaris"	0	0	3.24441240086518	0	0	0	0	0	0	0	1.49242970439798	0	3.31651045421774	0	0.973323720259553	0	0	0	0	0	0	0	0	0	0	0.973323720259553	0	0	0
"Spilogona_almquistii"	1.14634679647172	0.82133020960265	0	0.715151966398353	0.705770748296224	0.207533121369087	0.489318766474795	0.387528557628203	0.263861939022125	0	0	0.733785834291122	0	2.05225952572764	0	0.384629841030008	0.123199531440398	0.412222062020261	0.114634679647172	0.243362033598876	0.241673414340492	0.216589436056487	0.128727353951704	0.241673414340492	0	0	0.114634679647172	0.128727353951704	0.12703873469332
"Colias_hecla"	0	0	3.86085075702956	0	0	0	0	0	0	0	0.875991348233598	0	1.94664744051911	0	2.15825522710887	0	0	0	0	0	0	0	0	0	0	1.15825522710887	0	0	0
"Eupogonomyia_probilofensis"	1.36112487839008	1.07229315987477	0	0.49739653751322	0.528404673591597	0.240365086238692	0.685480504218549	0.236388313127248	0.115388952309002	0	0	0.795409119892067	0	0.897469629070019	0	1.50260061308579	0.160843973981216	0.403331202727485	0.136112487839008	0.225643864591388	0.231225329085495	0.269008262788627	0.0895313767523797	0.231225329085495	0	0	0.136112487839008	0.0895313767523796	0.0951128412464875
"Boloria_improba"	0.92035534093481	1.85677584723503	0	0.453652296317103	0.460560808654945	0.304651933991996	0.373266702549704	0.256699597283212	0.110879578296358	0	0	0.784183651135014	0	0.862396720082783	0	0.482531921943647	1.27851637708525	0.486066729956181	0.092035534093481	0.17369294743056	0.174936479651371	0.415609747381653	0.0816574133370786	0.174936479651371	0	0	0.0920355340934809	0.0816574133370786	0.0829009455578901
"Pogonomyiodes_segnis"	1.37203853044646	1.08014828879151	0	0.483629234059751	0.517013503159235	0.219763073708853	0.347017021213707	0.593565835277561	0.123666618606078	0	0	0.682340278595886	0	0.961851478047275	0	0.403331202727485	0.162022243318727	1.56633072223828	0.137203853044646	0.224257115175401	0.230266283613308	0.260915626487711	0.0870532621307552	0.230266283613308	0	0	0.137203853044646	0.0870532621307552	0.0930624305686623
"Spilogona_latilamina"	2.17581419300271	0.613570227289873	0	0.511729019676618	0.595252078983298	0.181582328127997	0.329068367077573	0.226654679422636	0.103171211682455	0	0	0.689306108933407	0	0.802442757530204	0	0.408337463517024	0.0920355340934809	0.411611559133938	1.21758141930027	0.309692642842062	0.324726793517265	0.17374758175108	0.0921112235417913	0.324726793517264	0	0	0.217581419300271	0.0921112235417913	0.107145374216994
"Boreellus_atriceps"	1.54846321421031	0.578976491435199	0	1.24490382869901	0.53313405727126	0.188846309076898	0.322576672502568	0.210428616948425	0.109512915119494	0	0	0.743493455446333	0	0.851767117596065	0	0.338465796887081	0.0868464737152798	0.336385672763102	0.154846321421031	1.37892901058685	0.250810451729858	0.171827312799884	0.224082689165821	0.250810451729858	0	0	0.154846321421031	0.224082689165821	0.0959641303088269
"Spilogona_dorsata"	1.62363396758632	0.583121598837904	0	0.49137252761792	1.20625766638173	0.187975920827103	0.323354523479751	0.21237286407921	0.108753036453222	0	0	0.737000592920376	0	0.845856950191724	0	0.346837993628243	0.0874682398256855	0.345399425419963	0.162363396758632	0.250810451729858	1.37948977670734	0.172057404197882	0.0884470549712257	0.379489776707343	0	0	0.162363396758632	0.0884470549712257	0.217126379948711
"Spilogona_projecta"	0.868737908755398	1.38536582460551	0	0.471964010690799	0.473242296235235	0.862410441883995	0.362779098721915	0.214877278144889	0.0974652462254191	0	0	0.961734228277424	0	0.758063026197704	0	0.403512394182941	0.207804873690826	0.391373439731566	0.0868737908755398	0.171827312799884	0.172057404197882	1.59588957253862	0.0849535219243439	0.172057404197882	0	0	0.0868737908755398	0.0849535219243439	0.0851836133223423
"Spilogona_aesturium"	0.921112235417913	0.544382755580524	0	1.97807863772139	0.471016035559222	0.196110290025798	0.316084977927564	0.194202554474213	0.115854618556533	0	0	0.797680801959259	0	0.901091477661926	0	0.268594130257139	0.0816574133370786	0.261159786392266	0.0921112235417913	0.448165378331642	0.176894109942451	0.169907043848688	1.35605415478985	0.176894109942451	0	0	0.0921112235417913	0.356054154789851	0.08478288640066
"Spilogona_melanosoma"	1.62363396758632	0.583121598837904	0	0.49137252761792	1.20625766638173	0.187975920827103	0.323354523479751	0.21237286407921	0.108753036453222	0	0	0.737000592920376	0	0.845856950191723	0	0.346837993628243	0.0874682398256855	0.345399425419963	0.162363396758632	0.250810451729858	0.379489776707343	0.172057404197882	0.0884470549712257	1.37948977670734	0	0	0.162363396758632	0.0884470549712257	0.217126379948711
"Anarta_richardsoni"	0	0	0	0	0	0	0	0	0	4.73684210526316	0	0	0	0	0	0	0	0	0	0	0	0	0	0	5.26315789473684	0	0	0	0
"Colias_nastes"	0	0	3.86085075702956	0	0	0	0	0	0	0	0.875991348233598	0	1.94664744051911	0	1.15825522710887	0	0	0	0	0	0	0	0	0	0	2.15825522710887	0	0	0
"Protocalliphora_sp1_M_PL_024"	2.17581419300271	0.613570227289873	0	0.511729019676618	0.595252078983298	0.181582328127997	0.329068367077573	0.226654679422636	0.103171211682455	0	0	0.689306108933407	0	0.802442757530204	0	0.408337463517024	0.092035534093481	0.411611559133938	0.217581419300271	0.309692642842062	0.324726793517264	0.17374758175108	0.0921112235417913	0.324726793517264	0	0	1.21758141930027	0.0921112235417913	0.107145374216994
"Rhamphomyia_sp1_M_PL_024"	0.921112235417913	0.544382755580524	0	1.97807863772139	0.471016035559222	0.196110290025798	0.316084977927564	0.194202554474213	0.115854618556533	0	0	0.797680801959259	0	0.901091477661925	0	0.268594130257139	0.0816574133370786	0.261159786392266	0.0921112235417913	0.448165378331642	0.176894109942451	0.169907043848688	0.356054154789851	0.176894109942451	0	0	0.0921112235417913	1.35605415478985	0.0847828864006601
"Spilogona_hurdiana"	1.07145374216994	0.552672970385934	0	0.471016035559222	1.81726325378015	0.19436951352621	0.317640679881929	0.198091048735784	0.114334861223988	0	0	0.784695076907345	0	0.889271142853243	0	0.285338523739463	0.0829009455578901	0.279187291705987	0.107145374216994	0.191928260617654	0.434252759897422	0.170367226644684	0.0847828864006601	0.434252759897422	0	0	0.107145374216994	0.08478288640066	1.32710738568043
