"Azorina_vidalii"	"Crithmum_maritimum"	"Daucus_carota"	"Leucanthemum_vulgare"	"Lotus_corniculatus"	"Freesia_sp1_M_PL_036"	"Reseada_luteola"	"Silene_vulgaris"	"Solidago_sempervirens"	"Beta_maritima"	"Unidentified_sp1_M_PL_036"	"Unidentified_sp2_M_PL_036"	"Unidentified_sp3_M_PL_036"	"Apis_mellifera"	"Bombus_sp1_M_PL_036"	"Unidentified_sp4_M_PL_036"	"Lucilia_sp1_M_PL_036"	"Calliphora_sp1_M_PL_036"	"Moth_sp1_M_PL_036"	"Unidentified_sp5_M_PL_036"	"Unidentified_sp6_M_PL_036"	"Unidentified_sp7_M_PL_036"
"Azorina_vidalii"	2.38202277942107	0.44903795173095	0.342903588943477	0.344036317566231	0.511561906979533	0.346394083379778	0.286918393823222	0.258705318008892	0.204622807098266	0.136954747785424	0.811670468156454	0.575093073777246	0.608687767935217	0.55055941199918	0.577323472299631	0.577323472299631	0.203904615822507	0.267977562684871	0.0920802631942196	0.103210895269869	0.101033539139464	0.267977562684871
"Crithmum_maritimum"	0.898075903461899	2.13156928466946	0.603013496010604	0.418883950652589	0.207353275537332	0.134169469973148	0.179347770548037	0.309240938480997	0.178426831905636	0.203076973497143	0.707759766559023	0.88720586218905	0.902564326653969	0.24394601854728	0.22361578328858	0.22361578328858	0.66050713785381	0.101033539139464	0.0802920743575363	0.125665185195777	0.479603089050628	0.101033539139464
"Daucus_carota"	0.914409570515937	0.804017994680805	1.69647690629126	0.528829728740428	0.226480385157797	0.140396048408533	0.258072437630737	0.288703646229623	0.289055631733568	0.11671554534815	1.14658733920982	0.951367115995732	0.51873575710289	0.286947789164214	0.233993414014222	0.233993414014222	0.689847120690561	0.102871076683043	0.130075034280105	0.158648918622128	0.180904048803181	0.102871076683043
"Leucanthemum_vulgare"	0.917430180176616	0.558511934203451	0.528829728740428	1.91902518085256	0.230017590361582	0.141547538941105	0.272631108940551	0.284905653826972	0.309514382386678	0.100744596306898	1.22774038346716	0.963232553343543	0.447753761363991	0.294900171401592	0.235912564901841	0.235912564901841	0.284314103817905	0.103210895269869	0.139281472074005	0.575707554255769	0.125665185195777	0.103210895269869
"Lotus_corniculatus"	1.36416508527875	0.276471034049776	0.226480385157797	0.230017590361582	1.83743109725244	0.579203754468159	0.346799795580794	0.171150170089916	0.148861265204216	0.0825777172934073	0.59048301864339	0.352623947410873	0.367012076859588	0.86075780928095	0.965339590780264	0.965339590780264	0.130150098208539	0.15346857209386	0.0669875693418972	0.0690052771084747	0.0622059826611996	0.15346857209386
"Freesia_sp1_M_PL_036"	1.38557633351911	0.268338939946296	0.2105940726128	0.212321308411657	0.868805631702238	1.712207419478	0.234388919368609	0.158987646283121	0.13074068427626	0.0811969391387458	0.518604714295833	0.343128213316154	0.360875285061093	0.521994040747445	1.18701236579667	1.18701236579667	0.123554483271757	0.1558773375209	0.0588333079243172	0.0636963925234971	0.0603762614879166	0.1558773375209
"Reseada_luteola"	1.14767357529289	0.358695541096075	0.387108656446105	0.408946663410827	0.52019969337119	0.234388919368609	1.48339865505955	0.294126799691956	0.332080472364656	0.096538918634985	1.3172525403798	0.448636369924146	0.429061860599933	0.952702580008606	0.390648198947681	0.390648198947681	0.196839093680449	0.12911327722045	0.149436212564095	0.122683999023248	0.0807064967466169	0.12911327722045
"Silene_vulgaris"	1.03482127203557	0.618481876961993	0.433055469344434	0.427358480740457	0.256725255134874	0.158987646283121	0.294126799691956	1.45296220921316	0.330065866958324	0.256573018372958	1.30926127226802	0.513700000445917	1.14032452610203	0.325792029505844	0.264979410471868	0.264979410471868	0.269075063119779	0.116417393104001	0.148529640131246	0.128207544222137	0.139158422316448	0.116417393104001
"Solidago_sempervirens"	0.818491228393063	0.356853663811272	0.433583447600352	0.464271573580017	0.223291897806324	0.13074068427626	0.332080472364656	0.330065866958324	2.08324245182284	0.0905366081237308	1.59686172556395	0.441728843905866	0.402384924994359	0.308504045100212	0.217901140460434	0.217901140460434	0.210367108637642	0.0920802631942196	0.93745910332028	0.139281472074005	0.0802920743575362	0.0920802631942196
"Beta_maritima"	1.09563798228339	0.812307893988572	0.35014663604445	0.302233788920694	0.247733151880222	0.162393878277492	0.19307783726997	0.513146036745915	0.181073216247462	1.40540747307868	0.718257091114931	0.501742676643854	1.80181099146078	0.284464245342435	0.270656463795819	0.270656463795819	0.287813266960764	0.123259273006881	0.0814829473113578	0.0906701366762083	0.182769276147429	0.123259273006881
"Unidentified_sp1_M_PL_036"	1.08222729087527	0.471839844372682	0.573293669604909	0.613870191733578	0.295241509321695	0.172868238098611	0.439084180126601	0.436420424089339	0.53228724185465	0.119709515185822	2.11140605935678	0.584063693608868	0.532042289714764	0.407910904076947	0.288113730164352	0.288113730164352	0.278152065865326	0.121750570223468	0.239529258834593	0.184161057520074	0.106163964983853	0.121750570223468
"Unidentified_sp2_M_PL_036"	1.15018614755449	0.88720586218905	0.713525336996799	0.722424415007657	0.264467960558155	0.171564106658077	0.224318184962073	0.256850000222959	0.220864421952933	0.125435669160963	0.876095540413302	1.75980218619375	0.557491862937615	0.30967951300026	0.285940177763462	0.285940177763462	0.413678920091576	0.12939594159988	0.09938898987882	0.216727324502297	0.199621318992536	0.12939594159988
"Unidentified_sp3_M_PL_036"	1.21737553587043	0.902564326653969	0.389051817827167	0.335815321022993	0.275259057644691	0.180437642530546	0.214530930299967	0.570162263051017	0.20119246249718	0.450452747865195	0.798063434572146	0.557491862937615	2.0020122127342	0.316071383713816	0.300729404217577	0.300729404217577	0.319792518845293	0.136954747785424	0.0905366081237308	0.100744596306898	0.203076973497143	0.136954747785424
"Apis_mellifera"	1.46815843199781	0.32526135806304	0.286947789164214	0.294900171401592	0.86075780928095	0.347996027164964	0.63513505333907	0.217194686337229	0.205669363400141	0.0948214151141449	0.815821808153894	0.41290601733368	0.421428511618422	1.70920594038662	0.579993378608273	0.579993378608273	0.159268142313448	0.165167823599754	0.0925512135300637	0.0884700514204776	0.0731838055641841	0.165167823599754
"Bombus_sp1_M_PL_036"	1.53952925946568	0.298154377718106	0.233993414014222	0.235912564901841	0.965339590780264	0.791341577197782	0.260432132631787	0.176652940314579	0.145267426973623	0.0902188212652731	0.576227460328703	0.381253570351282	0.400972538956769	0.579993378608273	1.81890262866297	0.818902628662971	0.137282759190841	0.173197041689889	0.0653703421381302	0.0707737694705523	0.067084734986574	0.173197041689889
"Unidentified_sp4_M_PL_036"	1.53952925946568	0.298154377718106	0.233993414014222	0.235912564901841	0.965339590780264	0.791341577197782	0.260432132631787	0.176652940314579	0.145267426973623	0.0902188212652731	0.576227460328703	0.381253570351282	0.400972538956769	0.579993378608273	0.818902628662971	1.81890262866297	0.137282759190841	0.173197041689889	0.0653703421381302	0.0707737694705523	0.067084734986574	0.173197041689889
"Lucilia_sp1_M_PL_036"	0.815618463290027	1.32101427570762	1.03477068103584	0.426471155726858	0.195225147312808	0.123554483271757	0.196839093680448	0.269075063119779	0.210367108637642	0.143906633480382	0.834456197595979	0.827357840183152	0.639585037690587	0.238902213470172	0.205924138786261	0.205924138786261	1.60765941634497	0.091757077120128	0.0946651988869388	0.127941346718057	0.297228212034214	0.091757077120128
"Calliphora_sp1_M_PL_036"	2.14382050147896	0.404134156557855	0.308613230049129	0.309632685809608	0.460405716281579	0.311754675041801	0.2582265544409	0.232834786208003	0.184160526388439	0.123259273006881	0.730503421340808	0.517583766399522	0.547818991141695	0.495503470799262	0.519591125069668	0.519591125069668	0.183514154240256	1.24117980641638	0.0828722368747976	0.0928898057428823	0.0909301852255173	0.241179806416384
"Moth_sp1_M_PL_036"	0.736642105553757	0.321168297430145	0.390225102840316	0.417844416222016	0.200962708025692	0.117666615848634	0.298872425128191	0.297059280262491	1.87491820664056	0.0814829473113578	1.43717555300756	0.39755595951528	0.362146432494923	0.277653640590191	0.196111026414391	0.196111026414391	0.189330397773878	0.0828722368747976	1.84371319298825	0.125353324866605	0.0722628669217826	0.0828722368747976
"Unidentified_sp5_M_PL_036"	0.825687162158954	0.502660740783106	0.475946755866385	1.72712266276731	0.207015831325424	0.127392785046994	0.245367998046496	0.256415088444274	0.27856294414801	0.0906701366762083	1.10496634512044	0.866909298009189	0.402978385227592	0.265410154261433	0.212321308411657	0.212321308411657	0.255882693436114	0.0928898057428823	0.125353324866605	1.51813679883019	0.113098666676199	0.0928898057428823
"Unidentified_sp6_M_PL_036"	0.808268313115709	1.91841235620251	0.542712146409543	0.37699555558733	0.186617947983599	0.120752522975833	0.161412993493234	0.278316844632897	0.160584148715073	0.182769276147429	0.636983789903121	0.798485275970145	0.812307893988572	0.219551416692552	0.201254204959722	0.201254204959722	0.594456424068429	0.0909301852255173	0.0722628669217826	0.113098666676199	1.43164278014557	0.0909301852255173
"Unidentified_sp7_M_PL_036"	2.14382050147896	0.404134156557855	0.308613230049129	0.309632685809608	0.460405716281579	0.311754675041801	0.2582265544409	0.232834786208003	0.184160526388439	0.123259273006882	0.730503421340808	0.517583766399522	0.547818991141696	0.495503470799262	0.519591125069668	0.519591125069668	0.183514154240256	0.241179806416384	0.0828722368747977	0.0928898057428823	0.0909301852255173	1.24117980641638
