"Nephrosperma_vanhoutteanum"	"Phoenicophorium_borsigianum"	"Erythroxylum_sechellarum"	"Syzygium_wrightii"	"Dillenia_ferruginea"	"Chrysobalanus_icaco"	"Mimusops_sechellarum"	"Roscheria_melanochaetes"	"Dracaena_reflexa"	"Paragenipa_wrightii"	"Northea_hornei"	"Apis_mellifera"	"Lasioglossum_mahense"	"Nectarinia_dussumieri"	"Phelsuma_sp1_M_PL_120"	"Unidentified_sp2_M_PL_120"	"Unidentified_sp4_M_PL_120"	"Neophyllomyza_approximatonervis"	"Xylocopa_caffra"	"Dichaetomyia_fasciculifera"	"Ornidia_obesa"	"Lygistorrhina_sp1_M_PL_120"	"Eagris_sabadius"	"Hemipyrellia_germana"	"Unidentified_sp3_M_PL_120"	"Cratopus_aurostriatus"	"Megachile_seychellensis"	"Rhynchium_brunneum"	"Scaptodrosophila_sp1_M_PL_120"	"Unidentified_sp1_M_PL_120"
"Nephrosperma_vanhoutteanum"	1.92507206393198	0.525002537823892	0.327820925228718	0.492912698883409	0.258464706296514	0.215712502555591	0.180057262059032	0.630825526779813	0.372928693388833	0.217037918294931	0.117323059494128	0.741522379968884	0.886354300451575	0.20911400854968	0.65179477496738	0.383384638606769	0.0787503806735838	0.206502437033622	0.0633744898564383	0.400639417606447	0.128088240623116	0.0787503806735838	0.0633744898564383	0.140913901745392	0.0946238290169719	0.0787503806735838	0.288760809589797	0.0737597081764616	0.0737597081764616	0.0946238290169719
"Phoenicophorium_borsigianum"	0.525002537823892	2.22494120447625	0.326980165536684	0.497504735296973	0.258193527209837	0.221832088918683	0.194729681541243	0.436834272823418	0.221670537277734	0.226182325663092	0.129286818169039	0.759559818891026	0.861293399947132	0.218142877907347	0.718260100939107	0.144275521597097	0.333741180671437	0.132026302106833	0.0639648945381823	0.145251541856904	0.130514521213787	0.333741180671437	0.0639648945381823	0.141422952701133	0.0655251409235128	0.333741180671437	0.0787503806735838	0.073570537245754	0.073570537245754	0.0655251409235128
"Erythroxylum_sechellarum"	0.491731387843077	0.490470248305026	2.07043676524931	0.560384612207292	0.305586275013599	0.244083156895242	0.119655770613876	0.501488089640309	0.246545698764704	0.172855967786255	0.0599199224181496	0.925352010762947	1.0038759588276	0.199119493985754	0.332888457878609	0.148982921622508	0.073570537245754	0.149186923075457	0.0720494501409376	0.147723417805873	0.14527439720951	0.073570537245754	0.0720494501409376	0.163725332645017	0.0752232134460463	0.0735705372457539	0.0737597081764616	0.465848272181095	0.465848272181095	0.0752232134460463
"Syzygium_wrightii"	0.422496599042922	0.426432630254549	0.320219778404167	2.23130868643076	0.369512038820448	0.447407255505925	0.219107587821945	0.413199080582269	0.198549365633877	0.151728225389007	0.0631966468509771	0.79332703031905	0.786947364782489	0.519703136569893	0.351092482505429	0.125354351943779	0.0639648945381823	0.121544671777504	0.28688254539824	0.122939299546601	0.421104722050017	0.0639648945381823	0.28688254539824	0.397736157044374	0.0619798620873404	0.0639648945381823	0.0633744898564383	0.0720494501409376	0.0720494501409376	0.0619798620873404
"Dillenia_ferruginea"	0.516929412593028	0.516387054419674	0.407448366684798	0.862194757247711	1.49400682476094	0.293687033483844	0.143938075964899	0.524426697872737	0.257106457087366	0.182214695419589	0.0648185192022512	0.972499126356466	1.04352156637634	0.263731855875492	0.360102884456951	0.156203416569865	0.0774580581629511	0.15579594180712	0.110853611646134	0.154671349015164	0.198959721691288	0.0774580581629511	0.110853611646134	0.559055659074417	0.0786640046809106	0.0774580581629511	0.0775394118889542	0.0916758825040796	0.0916758825040796	0.0786640046809106
"Chrysobalanus_icaco"	0.431425005111182	0.443664177837366	0.325444209193656	1.04395026284716	0.293687033483844	1.63455499994635	0.297939288247066	0.413163109785903	0.170900429684312	0.138088497257002	0.0703408813430075	0.979157577659575	0.602201030346615	0.758661356346861	0.390782674127819	0.126688217234563	0.0665496266756049	0.113244595373179	0.134222176651777	0.115983879671971	0.624588676635681	0.0665496266756049	0.134222176651777	0.222328286696931	0.0619744664678854	0.0665496266756049	0.0647137507666774	0.0732249470685725	0.0732249470685725	0.0619744664678854
"Mimusops_sechellarum"	0.540171786177097	0.58418904462373	0.239311541227752	0.766876557376807	0.215907113947348	0.446908932370599	1.47399241941032	0.340505486725477	0.175917051882906	0.274175846474204	0.205202114520607	0.571018272820449	0.613099839587533	0.895967682965697	1.1400117473367	0.132101590935386	0.0876283566935595	0.103850938573693	0.0985984145198752	0.133800883491436	0.232671094231055	0.0876283566935595	0.0985984145198752	0.16337054870408	0.0510758230088215	0.0876283566935594	0.0810257679265646	0.0538450967762442	0.0538450967762442	0.0510758230088215
"Roscheria_melanochaetes"	0.630825526779813	0.436834272823418	0.334325393093539	0.482065594012647	0.262213348936369	0.206581554892951	0.113501828908492	2.17674048930962	0.397453771784667	0.161623330756048	0.0609927834392781	0.76450159001911	0.894493753926846	0.175030151564047	0.338848796884878	0.421134902413415	0.0655251409235128	0.445747204931843	0.0619798620873403	0.213859960552372	0.123954328555226	0.0655251409235128	0.0619798620873403	0.140643866768251	0.326511073396443	0.0655251409235127	0.0946238290169719	0.0752232134460463	0.0752232134460463	0.326511073396443
"Dracaena_reflexa"	0.745857386777666	0.443341074555468	0.328727598352938	0.463281853145714	0.257106457087366	0.170900429684312	0.117278034588604	0.794907543569334	1.68171625034269	0.191846248292246	0.0681950183405054	0.559546486086448	1.09912204401547	0.163610054160328	0.378861213002808	0.23111473955205	0.0665011611833202	0.623751006638207	0.0595648096901632	0.616393483119457	0.110834938595457	0.0665011611833202	0.0595648096901632	0.136696746816373	0.1192361315354	0.0665011611833202	0.11187860801665	0.0739637096294111	0.0739637096294111	0.1192361315354
"Paragenipa_wrightii"	0.651113754884792	0.678546976989275	0.345711935572509	0.531048788861525	0.273322043129384	0.207132745885503	0.274175846474204	0.484869992268145	0.287769372438369	1.33142958859016	0.198036849642975	0.562378932254665	1.1857132350861	0.253796656104096	1.10020472023875	0.170397562072941	0.101782046548391	0.159061310571732	0.0682777014250532	0.183997874964229	0.130417525190704	0.101782046548391	0.0682777014250532	0.150274314363868	0.0727304988402218	0.101782046548391	0.0976670632327188	0.0777851855038146	0.0777851855038146	0.0727304988402218
"Northea_hornei"	0.70393835696477	0.775720909014235	0.239679689672598	0.44237652795684	0.194455557606754	0.211022644029022	0.410404229041214	0.365956700635669	0.204585055021516	0.396073699285951	1.31894452550827	0.509290767825148	0.685592655801574	0.304865678443132	1.77191403060152	0.160484258640066	0.116358136352135	0.116269021601805	0.0568769821658794	0.16696627005117	0.120183775374586	0.116358136352135	0.0568769821658794	0.115213649447905	0.0548935050953503	0.116358136352135	0.105590753544716	0.0539279301763347	0.0539279301763347	0.0548935050953503
"Apis_mellifera"	0.635590611401901	0.651051273335165	0.528772577578827	0.79332703031905	0.416785339867057	0.419638961854103	0.1631480779487	0.655287077159237	0.239805636894192	0.160679694929904	0.0727558239750211	1.76318965436848	0.781545519598962	0.301307513245595	0.404199022083451	0.193631653284171	0.0976576910002747	0.170234752642143	0.101999189612449	0.167280282778543	0.22789087816868	0.0976576910002747	0.101999189612449	0.227034791572566	0.0982930615738856	0.0976576910002747	0.0953385917102851	0.118973829955236	0.118973829955236	0.0982930615738856
"Lasioglossum_mahense"	0.664765725338682	0.645970049960349	0.5019379794138	0.688578944184678	0.391320587391127	0.225825386379981	0.153274959896883	0.670870315445135	0.412170766505802	0.296428308771524	0.0856990819751967	0.683852329649092	1.87314868263402	0.225252926405622	0.476106010973315	0.200345406117572	0.0968955074940524	0.224281777268511	0.08853157853803	0.223366088752543	0.156279194452024	0.0968955074940524	0.08853157853803	0.205927754755368	0.10063054731677	0.0968955074940523	0.0997148588008022	0.112936045368105	0.112936045368105	0.10063054731677
"Nectarinia_dussumieri"	0.418228017099361	0.436285755814693	0.265492658647672	1.21264065199642	0.263731855875492	0.758661356346861	0.597311788643798	0.350060303128095	0.163610054160328	0.169197770736064	0.101621892814377	0.703050864239722	0.600674470414991	1.65229965276474	0.564566071190986	0.115243248034118	0.065442863372204	0.101592061717313	0.155910940970968	0.111817218813003	0.383509347875026	0.065442863372204	0.155910940970968	0.235030497733615	0.0525090454692142	0.065442863372204	0.0627342025649041	0.0597358481957263	0.0597358481957263	0.0525090454692142
"Phelsuma_sp1_M_PL_120"	0.782153729960856	0.861912121126928	0.266310766302887	0.4915294755076	0.216061730674171	0.234469604476692	0.456004698934682	0.406618556261854	0.227316727801684	0.440081888095501	0.354382806120304	0.565878630916831	0.761769617557304	0.338739642714592	1.96879336733502	0.178315842933406	0.129286818169039	0.129187801779783	0.0631966468509771	0.185518077834634	0.133537528193985	0.129286818169039	0.0631966468509771	0.128015166053228	0.0609927834392781	0.129286818169039	0.117323059494128	0.0599199224181496	0.0599199224181496	0.0609927834392781
"Unidentified_sp2_M_PL_120"	1.15015391582031	0.43282656479129	0.297965843245016	0.438740231803225	0.234305124854797	0.190032325851844	0.132101590935386	1.26340470724024	0.346672109328075	0.170397562072941	0.0802421293200329	0.677710786494597	0.80138162447029	0.172864872051177	0.445789607333516	1.36203379345908	0.0649239847186935	0.293512338884459	0.0564094583747004	0.276524720171469	0.113419156130254	0.0649239847186935	0.0564094583747004	0.12670099583114	0.189510706086037	0.0649239847186935	0.172523087373046	0.0670423147301286	0.0670423147301286	0.189510706086037
"Unidentified_sp4_M_PL_120"	0.472502284041503	2.00244708402862	0.294282148983016	0.447754261767276	0.232374174488853	0.199648880026815	0.175256713387119	0.393150845541077	0.199503483549961	0.203564093096782	0.116358136352135	0.683603837001923	0.775164059952419	0.196328590116612	0.646434090845196	0.129847969437387	1.30036706260429	0.11882367189615	0.0575684050843641	0.130726387671214	0.117463069092409	0.300367062604293	0.0575684050843641	0.12728065743102	0.0589726268311615	0.300367062604293	0.0708753426062255	0.0662134835211786	0.0662134835211786	0.0589726268311615
"Neophyllomyza_approximatonervis"	0.619507311100866	0.396078906320499	0.298373846150915	0.425406351221262	0.233693912710681	0.169866893059768	0.103850938573693	1.33724161479553	0.93562650995731	0.159061310571732	0.0581345108009026	0.595821634247501	0.897127109074043	0.152388092575969	0.322969504449459	0.293512338884459	0.0594118359480748	1.48127419520652	0.0546951022998766	0.373614049652323	0.105655170217807	0.0594118359480749	0.0546951022998766	0.124803276113081	0.200586242219329	0.0594118359480748	0.0929260966651299	0.0671341153839558	0.0671341153839559	0.200586242219329
"Xylocopa_caffra"	0.38024693913863	0.383789367229094	0.28819780056375	2.00817781778768	0.332560834938403	0.402666529955333	0.19719682903975	0.371879172524042	0.17869442907049	0.136555402850106	0.0568769821658794	0.713994327287145	0.70825262830424	0.467732822912903	0.315983234254886	0.112818916749401	0.0575684050843641	0.109390204599753	1.25819429085842	0.110645369591941	0.378994249845016	0.0575684050843641	0.258194290858416	0.357962541339937	0.0557818758786063	0.0575684050843641	0.0570370408707945	0.0648445051268438	0.0648445051268438	0.0557818758786063
"Dichaetomyia_fasciculifera"	1.20191825281934	0.435754625570712	0.295446835611745	0.430287548413105	0.232007023522746	0.173975819507956	0.133800883491436	0.641579881657116	0.924590224679185	0.183997874964229	0.0834831350255852	0.585480989724899	0.893464355010171	0.167725828219504	0.463795194586584	0.276524720171469	0.0653631938356068	0.373614049652323	0.0553226847959707	1.45766480532666	0.107515430648358	0.0653631938356068	0.0553226847959707	0.124924791852794	0.0962369822485674	0.0653631938356068	0.180287737922901	0.0664755380126427	0.0664755380126427	0.0962369822485674
"Ornidia_obesa"	0.384264721869347	0.391543563641362	0.29054879441902	1.47386652717506	0.298439582536931	0.936883014953522	0.232671094231055	0.371862985665677	0.166252407893185	0.130417525190704	0.0600918876872931	0.797618073590381	0.625116777808097	0.575264021812539	0.333843820484962	0.113419156130254	0.0587315345462043	0.105655170217807	0.189497124922508	0.107515430648358	1.47056202940856	0.0587315345462043	0.189497124922508	0.279028999683587	0.0557794478498516	0.0587315345462042	0.0576397082804021	0.0653734787442795	0.0653734787442795	0.0557794478498516
"Lygistorrhina_sp1_M_PL_120"	0.472502284041503	2.00244708402862	0.294282148983016	0.447754261767276	0.232374174488853	0.199648880026815	0.175256713387119	0.393150845541076	0.199503483549961	0.203564093096782	0.116358136352135	0.683603837001923	0.775164059952419	0.196328590116612	0.646434090845196	0.129847969437387	0.300367062604293	0.11882367189615	0.0575684050843641	0.130726387671214	0.117463069092408	1.30036706260429	0.0575684050843641	0.12728065743102	0.0589726268311615	0.300367062604293	0.0708753426062254	0.0662134835211785	0.0662134835211785	0.0589726268311615
"Eagris_sabadius"	0.38024693913863	0.383789367229094	0.28819780056375	2.00817781778768	0.332560834938403	0.402666529955332	0.19719682903975	0.371879172524042	0.178694429070489	0.136555402850106	0.0568769821658794	0.713994327287145	0.70825262830424	0.467732822912903	0.315983234254886	0.112818916749401	0.0575684050843641	0.109390204599753	0.258194290858416	0.110645369591941	0.378994249845016	0.0575684050843641	1.25819429085842	0.357962541339937	0.0557818758786063	0.0575684050843641	0.0570370408707945	0.0648445051268438	0.0648445051268438	0.0557818758786063
"Hemipyrellia_germana"	0.422741705236177	0.4242688581034	0.327450665290034	1.39207654965531	0.838583488611626	0.333492430045396	0.16337054870408	0.421931600304753	0.205045120224559	0.150274314363868	0.0576068247239528	0.794621770503982	0.823711019021472	0.352545746600423	0.320037915133071	0.12670099583114	0.0636403287155101	0.124803276113081	0.178981270669968	0.124924791852794	0.279028999683587	0.0636403287155101	0.178981270669968	1.43055631725346	0.0632897400457129	0.06364032871551	0.0634112557854266	0.0736763996902577	0.0736763996902577	0.0632897400457129
"Unidentified_sp3_M_PL_120"	0.567742974101832	0.393150845541076	0.300892853784185	0.433859034611383	0.235992014042732	0.185923399403656	0.102151646017643	1.95906644037866	0.3577083946062	0.145460997680444	0.0548935050953503	0.688051431017199	0.805044378534162	0.157527136407643	0.30496391719639	0.379021412172073	0.0589726268311615	0.401172484438659	0.0557818758786063	0.192473964497135	0.111558895699703	0.0589726268311615	0.0557818758786063	0.126579480091426	1.2938599660568	0.0589726268311615	0.0851614461152747	0.0677008921014417	0.0677008921014417	0.293859966056799
"Cratopus_aurostriatus"	0.472502284041503	2.00244708402862	0.294282148983016	0.447754261767276	0.232374174488853	0.199648880026815	0.175256713387119	0.393150845541077	0.199503483549961	0.203564093096782	0.116358136352135	0.683603837001923	0.775164059952419	0.196328590116612	0.646434090845196	0.129847969437387	0.300367062604293	0.11882367189615	0.0575684050843641	0.130726387671214	0.117463069092408	0.300367062604293	0.0575684050843641	0.12728065743102	0.0589726268311615	1.30036706260429	0.0708753426062254	0.0662134835211785	0.0662134835211785	0.0589726268311615
"Megachile_seychellensis"	1.73256485753878	0.472502284041503	0.295038832705846	0.443621428995068	0.232618235666863	0.194141252300032	0.162051535853129	0.567742974101831	0.33563582404995	0.195334126465438	0.105590753544716	0.667370141971996	0.797718870406418	0.188202607694712	0.586615297470642	0.345046174746092	0.0708753426062254	0.18585219333026	0.0570370408707945	0.360575475845802	0.115279416560804	0.0708753426062254	0.0570370408707945	0.126822511570853	0.0851614461152747	0.0708753426062254	1.25988472863082	0.0663837373588154	0.0663837373588154	0.0851614461152747
"Rhynchium_brunneum"	0.44255824905877	0.441423223474524	1.86339308872438	0.504346150986563	0.275027647512239	0.219674841205718	0.107690193552488	0.451339280676278	0.221891128888233	0.155570371007629	0.0539279301763347	0.832816809686652	0.90348836294484	0.179207544587179	0.299599612090748	0.134084629460257	0.0662134835211785	0.134268230767912	0.0648445051268438	0.132951076025285	0.130746957488559	0.0662134835211785	0.0648445051268438	0.147352799380515	0.0677008921014417	0.0662134835211785	0.0663837373588154	1.41926344496299	0.419263444962986	0.0677008921014417
"Scaptodrosophila_sp1_M_PL_120"	0.44255824905877	0.441423223474524	1.86339308872438	0.504346150986563	0.275027647512239	0.219674841205718	0.107690193552488	0.451339280676278	0.221891128888233	0.155570371007629	0.0539279301763347	0.832816809686652	0.90348836294484	0.179207544587179	0.299599612090748	0.134084629460257	0.0662134835211785	0.134268230767912	0.0648445051268438	0.132951076025285	0.130746957488559	0.0662134835211785	0.0648445051268438	0.147352799380515	0.0677008921014417	0.0662134835211785	0.0663837373588154	0.419263444962986	1.41926344496299	0.0677008921014417
"Unidentified_sp1_M_PL_120"	0.567742974101831	0.393150845541076	0.300892853784185	0.433859034611382	0.235992014042732	0.185923399403656	0.102151646017643	1.95906644037866	0.3577083946062	0.145460997680444	0.0548935050953503	0.688051431017199	0.805044378534162	0.157527136407643	0.30496391719639	0.379021412172073	0.0589726268311615	0.401172484438659	0.0557818758786063	0.192473964497135	0.111558895699703	0.0589726268311615	0.0557818758786063	0.126579480091426	0.293859966056799	0.0589726268311615	0.0851614461152747	0.0677008921014417	0.0677008921014417	1.2938599660568
