"Nephrosperma_vanhoutteanum"	"Memecylon_eleagni"	"Dillenia_suffruticosa"	"Chrysobalanus_icaco"	"Nepenthes_pervillei"	"Roscheria_melanochaetes"	"Cinnamomum_verum"	"Mimusops_sechellarum"	"Canthium_bibracteatum"	"Apis_mellifera"	"Lasioglossum_mahense"	"Unidentified_sp1_M_PL_126"	"Xylocopa_caffra"	"Lygistorrhina_sp1_M_PL_126"	"Unidentified_sp2_M_PL_126"	"Hemipyrellia_germana"	"Unidentified_sp3_M_PL_126"	"Unidentified_sp4_M_PL_126"	"Chalcidoma_disjunctum"	"Hemipyrellia_sp1_M_PL_126"	"Neavella_albipectus"	"Nectarinia_dussumieri"	"Parasarcophaga_hirticeps"	"Polistes_olivaceus"	"Unidentified_sp5_M_PL_126"
"Nephrosperma_vanhoutteanum"	2.26659592456857	0.535941146153136	0	0.333634708505357	0.333634708505357	0.636007945052157	0.257936077163805	0.745935418875998	0.153471965912464	1.02314643941643	0.792550235931083	0.746249322194531	0	0.631767892085142	0.407987266422343	0.100090412551607	0.114481430109388	0.114481430109388	0.160782343845941	0.116071234723712	0.114481430109388	0.100090412551607	0.100090412551607	0.100090412551607	0.114481430109388
"Memecylon_eleagni"	0.893235243588559	2.03957029648515	0	0.453230971154483	0.453230971154483	0.324962224897436	0.350397053329517	0.540044887396151	0.208486246731062	1.38990831154042	0.934666899010332	0.381289010546324	0	0.322795810064786	0.160782343845941	0.135969291346345	0.0584932004815384	0.0584932004815384	0.611871088945546	0.157678673998282	0.0584932004815384	0.135969291346345	0.135969291346345	0.135969291346345	0.0584932004815384
"Dillenia_suffruticosa"	0	0	5.26315789473684	0	0	0	0	0	0	0	0	0	4.73684210526316	0	0	0	0	0	0	0	0	0	0	0	0
"Chrysobalanus_icaco"	0.556057847508928	0.453230971154483	0	2.69494222387545	0.52102918039719	0.16910871998712	0.402812475601189	0.226303053229774	0.239673422982707	1.59782281988472	0.303950619866885	0.198420898118221	0	0.167981328520539	0.100090412551607	0.156308754119157	0.0304395695976817	0.0304395695976817	0.135969291346345	0.181265614020535	0.0304395695976817	0.808482667162636	0.156308754119157	0.808482667162636	0.0304395695976817
"Nepenthes_pervillei"	0.556057847508928	0.453230971154483	0	0.52102918039719	2.69494222387545	0.16910871998712	0.402812475601189	0.226303053229774	0.239673422982707	1.59782281988472	0.303950619866884	0.198420898118221	0	0.167981328520539	0.100090412551607	0.808482667162635	0.0304395695976817	0.0304395695976817	0.135969291346345	0.181265614020535	0.0304395695976817	0.156308754119157	0.808482667162635	0.156308754119157	0.0304395695976817
"Roscheria_melanochaetes"	0.636007945052157	0.194977334938461	0	0.101465231992272	0.101465231992272	3.61782378404084	0.0784437087671348	0.486300651237262	0.0466740067164452	0.311160044776301	0.318864825962105	0.911579906607918	0	0.260371625480567	0.114481430109388	0.0304395695976817	0.651208281127351	0.651208281127351	0.0584932004815384	0.0352996689452107	0.651208281127351	0.0304395695976817	0.0304395695976817	0.0304395695976817	0.651208281127351
"Cinnamomum_verum"	0.644840192909513	0.525595579994275	0	0.604218713401784	0.604218713401783	0.196109271917837	2.14779934145348	0.262435473493352	0.27794060816482	1.85293738776547	0.352480550770001	0.230101545716929	0	0.194801876771718	0.116071234723712	0.181265614020535	0.0352996689452107	0.0352996689452107	0.157678673998282	0.966509703654066	0.0352996689452107	0.181265614020535	0.181265614020535	0.181265614020535	0.0352996689452107
"Mimusops_sechellarum"	1.24322569812666	0.540044887396151	0	0.226303053229774	0.226303053229774	0.810501085395437	0.174956982328901	1.93772373054445	0.104099404485696	0.693996029904641	0.967111211044979	0.950987940197313	0	0.805097744826133	0.223780625662799	0.0678909159689323	0.145890195371179	0.145890195371179	0.162013466218845	0.0787306420480055	0.145890195371179	0.0678909159689324	0.0678909159689323	0.0678909159689323	0.145890195371179
"Canthium_bibracteatum"	0.767359829562321	0.625458740193187	0	0.719020268948123	0.719020268948122	0.233370033582226	0.555881216329641	0.312298213457089	1.33074932371614	2.20499549144091	0.419451855416301	0.273820839403145	0	0.231814233358344	0.138124769321218	0.215706080684437	0.0420066060448007	0.0420066060448007	0.187637622057956	0.250146547348338	0.0420066060448007	0.215706080684437	0.215706080684437	0.215706080684437	0.0420066060448007
"Apis_mellifera"	0.852622032847023	0.694954155770208	0	0.798911409942358	0.798911409942358	0.259300037313584	0.617645795921823	0.346998014952321	0.367499248573485	2.4499949904899	0.466057617129223	0.304245377114606	0	0.25757137039816	0.153471965912464	0.239673422982707	0.0466740067164452	0.0466740067164452	0.208486246731062	0.27794060816482	0.0466740067164452	0.239673422982708	0.239673422982707	0.239673422982708	0.0466740067164452
"Lasioglossum_mahense"	1.32091705988514	0.934666899010332	0	0.303950619866884	0.303950619866884	0.531441376603509	0.234987033846667	0.967111211044979	0.139817285138767	0.932115234258446	1.80829850379592	0.62355788188145	0	0.527898434092818	0.237765070779325	0.0911851859600653	0.0956594477886316	0.0956594477886316	0.2804000697031	0.105744165231	0.0956594477886316	0.0911851859600654	0.0911851859600653	0.0911851859600654	0.0956594477886316
"Unidentified_sp1_M_PL_126"	1.24374887032422	0.381289010546324	0	0.198420898118221	0.198420898118221	1.51929984434653	0.153401030477952	0.950987940197312	0.0912736131343817	0.608490754229211	0.62355788188145	1.78264515069993	0	0.509171178717553	0.223874796658359	0.0595262694354663	0.273473971982375	0.273473971982375	0.114386703163897	0.0690304637150786	0.273473971982375	0.0595262694354664	0.0595262694354663	0.0595262694354664	0.273473971982375
"Xylocopa_caffra"	0	0	4.73684210526316	0	0	0	0	0	0	0	0	0	5.26315789473684	0	0	0	0	0	0	0	0	0	0	0	0
"Lygistorrhina_sp1_M_PL_126"	1.57941973021285	0.484193715097179	0	0.251971992780809	0.251971992780809	0.650929063701417	0.194801876771718	1.2076466172392	0.115907116679172	0.772714111194481	0.791847651139228	0.76375676807633	0	1.64658953661007	0.284295551438314	0.0755915978342427	0.117167231466255	0.117167231466255	0.145258114529154	0.0876608445472731	0.117167231466255	0.0755915978342428	0.0755915978342428	0.0755915978342428	0.117167231466255
"Unidentified_sp2_M_PL_126"	2.03993633211171	0.482347031537822	0	0.300271237654821	0.300271237654821	0.572407150546941	0.232142469447425	0.671341876988398	0.138124769321218	0.920831795474786	0.713295212337975	0.671624389975078	0	0.568591102876628	1.36718853978011	0.0900813712964464	0.103033287098449	0.103033287098449	0.144704109461347	0.104464111251341	0.103033287098449	0.0900813712964464	0.0900813712964464	0.0900813712964464	0.103033287098449
"Hemipyrellia_germana"	0.500452062758035	0.407907874039035	0	0.468926262357471	2.42544800148791	0.152197847988408	0.36253122804107	0.203672747906797	0.215706080684437	1.43804053789624	0.273555557880196	0.178578808306399	0	0.151183195668485	0.0900813712964464	1.72763440044637	0.0273956126379135	0.0273956126379135	0.122372362211711	0.163139052618482	0.0273956126379135	0.140677878707241	0.727634400446372	0.140677878707241	0.0273956126379135
"Unidentified_sp3_M_PL_126"	0.572407150546941	0.175479601444615	0	0.091318708793045	0.091318708793045	3.25604140563676	0.0705993378904213	0.437670586113536	0.0420066060448007	0.280044040298671	0.286978343365895	0.820421915947127	0	0.23433446293251	0.103033287098449	0.0273956126379135	1.58608745301462	0.586087453014616	0.0526438804333846	0.0317697020506896	0.586087453014616	0.0273956126379135	0.0273956126379135	0.0273956126379135	0.586087453014616
"Unidentified_sp4_M_PL_126"	0.572407150546941	0.175479601444615	0	0.091318708793045	0.091318708793045	3.25604140563676	0.0705993378904213	0.437670586113536	0.0420066060448007	0.280044040298671	0.286978343365895	0.820421915947126	0	0.23433446293251	0.103033287098449	0.0273956126379135	0.586087453014616	1.58608745301462	0.0526438804333846	0.0317697020506896	0.586087453014616	0.0273956126379135	0.0273956126379135	0.0273956126379135	0.586087453014616
"Chalcidoma_disjunctum"	0.803911719229704	1.83561326683664	0	0.407907874039035	0.407907874039035	0.292466002407692	0.315357347996565	0.486040398656536	0.187637622057956	1.25091748038637	0.841200209109299	0.343160109491692	0	0.290516229058307	0.144704109461347	0.12237236221171	0.0526438804333846	0.0526438804333846	1.55068398005099	0.141910806598454	0.0526438804333846	0.122372362211711	0.12237236221171	0.122372362211711	0.0526438804333846
"Hemipyrellia_sp1_M_PL_126"	0.580356173618562	0.473036021994847	0	0.543796842061605	0.543796842061605	0.176498344726053	1.93301940730813	0.236191926144017	0.250146547348338	1.66764364898892	0.317232495693	0.207091391145236	0	0.175321689094546	0.104464111251341	0.163139052618482	0.0317697020506896	0.0317697020506896	0.141910806598454	1.86985873328866	0.0317697020506896	0.163139052618482	0.163139052618482	0.163139052618482	0.0317697020506896
"Neavella_albipectus"	0.572407150546941	0.175479601444615	0	0.091318708793045	0.091318708793045	3.25604140563676	0.0705993378904213	0.437670586113536	0.0420066060448007	0.280044040298671	0.286978343365895	0.820421915947126	0	0.23433446293251	0.103033287098449	0.0273956126379135	0.586087453014616	0.586087453014616	0.0526438804333846	0.0317697020506896	1.58608745301462	0.0273956126379135	0.0273956126379135	0.0273956126379135	0.586087453014616
"Nectarinia_dussumieri"	0.500452062758036	0.407907874039035	0	2.42544800148791	0.468926262357471	0.152197847988408	0.36253122804107	0.203672747906797	0.215706080684437	1.43804053789624	0.273555557880196	0.178578808306399	0	0.151183195668486	0.0900813712964464	0.140677878707241	0.0273956126379135	0.0273956126379135	0.122372362211711	0.163139052618482	0.0273956126379135	1.72763440044637	0.140677878707241	0.727634400446372	0.0273956126379135
"Parasarcophaga_hirticeps"	0.500452062758036	0.407907874039035	0	0.468926262357471	2.42544800148791	0.152197847988408	0.36253122804107	0.203672747906797	0.215706080684437	1.43804053789624	0.273555557880196	0.178578808306399	0	0.151183195668485	0.0900813712964464	0.727634400446372	0.0273956126379135	0.0273956126379135	0.122372362211711	0.163139052618482	0.0273956126379135	0.140677878707241	1.72763440044637	0.140677878707241	0.0273956126379135
"Polistes_olivaceus"	0.500452062758036	0.407907874039035	0	2.42544800148791	0.468926262357471	0.152197847988408	0.36253122804107	0.203672747906797	0.215706080684437	1.43804053789624	0.273555557880196	0.178578808306399	0	0.151183195668486	0.0900813712964464	0.140677878707241	0.0273956126379135	0.0273956126379135	0.122372362211711	0.163139052618482	0.0273956126379135	0.727634400446372	0.140677878707241	1.72763440044637	0.0273956126379135
"Unidentified_sp5_M_PL_126"	0.572407150546941	0.175479601444615	0	0.091318708793045	0.091318708793045	3.25604140563676	0.0705993378904213	0.437670586113536	0.0420066060448007	0.280044040298671	0.286978343365895	0.820421915947126	0	0.23433446293251	0.103033287098449	0.0273956126379135	0.586087453014616	0.586087453014616	0.0526438804333846	0.0317697020506896	0.586087453014616	0.0273956126379135	0.0273956126379135	0.0273956126379135	1.58608745301462
