"Geissomeria_schottiana"	"Justicia_scheidweileri"	"Ruellia_brevifolia"	"Passiflora_speciosa"	"Mendoncia_velloziana"	"Fridericia_speciosa"	"Corymborkis_flava"	"Heliconia_simulans"	"Mutisia_speciosa"	"Lantana_camara"	"Rubus_rosaefolius"	"Passiflora_kermesina"	"Hyptis_asperrima"	"Ruellia_subsessilis"	"Thalurania_glucopis"	"Phaethornis_squalidus"	"Phaethornis_ruber"	"Calliphlox_amethystina"	"Chlorostilbon_aureoventris"	"Phaethornis_pretrei"	"Amazilia_fimbriata"	"Amazilia_lactea"
"Geissomeria_schottiana"	1.95902974041533	0.418359333165838	0.478712446878256	0.124896509141059	0.402003868527094	0.247536852216471	0.189284707694477	0.418359333165838	0.130508348434991	0.25540485757605	0.25540485757605	0.130508348434991	0.122640343075412	0.130508348434991	0.72424211373239	1.24896509141059	1.45009276038879	0.129449210048877	0.214627328511391	0.496239087338236	0.352625353274759	0.120601160558128
"Justicia_scheidweileri"	0.697265555276396	1.47472159966355	0.393395745782865	0.138530983742033	0.460535090303442	0.27455950439115	0.209948195866898	0.474721599663545	0.145277826382757	0.28380881012479	0.28380881012479	0.145277826382757	0.136028520649117	0.145277826382757	0.848501286838911	1.38530983742033	1.61419807091953	0.143580685609448	0.238057373749552	0.243526523684611	0.125507799949751	0.138160527091032
"Ruellia_brevifolia"	0.797854078130427	0.393395745782865	1.55985030638421	0.141087249068669	0.34562807769068	0.279625857940479	0.213822298821973	0.393395745782865	0.143557085625106	0.284644334693775	0.284644334693775	0.143557085625106	0.13853860887181	0.143557085625106	0.4833396048404	1.41087249068669	1.59507872916785	0.146230131374458	0.242450165844346	0.611568825978739	0.143613734063477	0.103688423307204
"Passiflora_speciosa"	0.624482545705296	0.415592951226098	0.423261747206007	1.21380976245182	0.276415327088055	0.423757204540438	0.324035624904533	0.415592951226098	0.101728562679249	0.315538325131067	0.315538325131067	0.101728562679249	0.20994744208862	0.101728562679249	0.444687227089029	2.13809762451818	1.13031736310276	0.22160351030201	0.36741954150905	0.239385382388755	0.112406858226953	0.0829245981264165
"Mendoncia_velloziana"	0.670006447545156	0.460535090303442	0.34562807769068	0.092138442362685	1.87451595608323	0.182612469695439	0.139638795751672	0.460535090303442	0.152559322588595	0.24469776495128	0.24469776495128	0.152559322588595	0.0904740273327539	0.152559322588595	0.959277001565161	0.92138442362685	1.69510358431772	0.095497053208371	0.158334511296623	0.224289583865332	0.120601160558128	0.562354786824969
"Fridericia_speciosa"	0.412561420360785	0.27455950439115	0.279625857940479	0.141252401513479	0.182612469695439	1.87402751956633	0.472646843019171	0.27455950439115	0.0672064905558113	0.208458892069291	0.208458892069291	0.0672064905558113	0.732775118052848	0.0672064905558113	0.293780499208263	1.41252401513479	0.746738783953458	0.89195705899368	1.10464813835231	0.158148813047085	0.0742610556649413	0.0547837409086317
"Corymborkis_flava"	0.473211769236192	0.314922293800348	0.320733448232959	0.162017812452267	0.209458193627508	0.708970264528757	1.50250140727189	0.314922293800348	0.0770864669611114	0.239104279413378	0.239104279413378	0.0770864669611114	0.546952452076491	0.0770864669611114	0.336968952830975	1.62017812452267	0.856516299567904	0.458819682793048	1.1349453160654	0.181398152932402	0.0851781184625145	0.0628374580882524
"Heliconia_simulans"	0.697265555276396	0.474721599663545	0.393395745782865	0.138530983742033	0.460535090303442	0.27455950439115	0.209948195866898	1.47472159966355	0.145277826382757	0.28380881012479	0.28380881012479	0.145277826382757	0.136028520649117	0.145277826382757	0.848501286838911	1.38530983742033	1.61419807091953	0.143580685609448	0.238057373749552	0.243526523684611	0.125507799949751	0.138160527091032
"Mutisia_speciosa"	0.652541742174954	0.435833479148272	0.430671256875318	0.101728562679249	0.457677967765786	0.201619471667434	0.154172933922223	0.435833479148272	1.21794619340173	0.319674756080979	0.319674756080979	0.217946193401731	0.0998909089881852	0.217946193401731	0.516260991410191	1.01728562679249	2.42162437113034	0.105436750544913	0.174814570809914	0.246658890654087	0.117457513591492	0.137303390329736
"Lantana_camara"	0.638512143940125	0.425713215187185	0.426966502040663	0.157769162565533	0.36704664742692	0.312688338103936	0.239104279413378	0.425713215187185	0.15983737804049	1.31760654060602	0.317606540606023	0.15983737804049	0.154919175538402	0.15983737804049	0.48047410924961	1.57769162565533	1.77597086711655	0.163520130423462	0.271117056159482	0.243022136521421	0.114932185909223	0.110113994228076
"Rubus_rosaefolius"	0.638512143940125	0.425713215187185	0.426966502040663	0.157769162565533	0.36704664742692	0.312688338103936	0.239104279413378	0.425713215187185	0.15983737804049	0.317606540606023	1.31760654060602	0.15983737804049	0.154919175538402	0.15983737804049	0.48047410924961	1.57769162565533	1.77597086711655	0.163520130423462	0.271117056159482	0.243022136521421	0.114932185909223	0.110113994228076
"Passiflora_kermesina"	0.652541742174954	0.435833479148272	0.430671256875318	0.101728562679249	0.457677967765786	0.201619471667434	0.154172933922223	0.435833479148272	0.217946193401731	0.319674756080979	0.319674756080979	1.21794619340173	0.0998909089881852	0.217946193401731	0.516260991410191	1.01728562679249	2.42162437113034	0.105436750544913	0.174814570809914	0.246658890654087	0.117457513591492	0.137303390329736
"Hyptis_asperrima"	0.30660085768853	0.204042780973675	0.207807913307715	0.10497372104431	0.135711040999131	1.09916267707927	0.546952452076491	0.204042780973675	0.0499454544940926	0.154919175538402	0.154919175538402	0.0499454544940926	1.99418895603496	0.0499454544940926	0.21832713526788	1.0497372104431	0.554949494378806	1.22713383333951	1.47326243677394	0.11753052837625	0.0551881543839353	0.0407133122997393
"Ruellia_subsessilis"	0.652541742174954	0.435833479148272	0.430671256875318	0.101728562679249	0.457677967765786	0.201619471667434	0.154172933922223	0.435833479148272	0.217946193401731	0.319674756080979	0.319674756080979	0.217946193401731	0.0998909089881852	1.21794619340173	0.516260991410191	1.01728562679249	2.42162437113034	0.105436750544913	0.174814570809914	0.246658890654087	0.117457513591492	0.137303390329736
"Thalurania_glucopis"	0.905302642165487	0.636375965129183	0.3625047036303	0.111171806772257	0.719457751173871	0.220335374406197	0.168484476415488	0.636375965129183	0.129065247852548	0.240237054624805	0.240237054624805	0.129065247852548	0.10916356763394	0.129065247852548	1.76061738001946	1.11171806772257	1.43405830947275	0.115224217757132	0.191042232144102	0.271705886678878	0.162954475589788	0.215837325352161
"Phaethornis_squalidus"	0.693869495228107	0.461769945806776	0.470290830228896	0.237566402724243	0.30712814120895	0.470841338378264	0.360039583227259	0.461769945806776	0.113031736310276	0.350598139034519	0.350598139034519	0.113031736310276	0.233274935654022	0.113031736310276	0.49409691898781	2.37566402724243	1.25590818122529	0.246226122557789	0.408243935010056	0.265983758209728	0.124896509141059	0.092138442362685
"Phaethornis_ruber"	0.725046380194393	0.484259421275858	0.478523618750354	0.113031736310276	0.508531075295317	0.224021635186038	0.171303259913581	0.484259421275858	0.242162437113034	0.35519417342331	0.35519417342331	0.242162437113034	0.110989898875761	0.242162437113034	0.573623323789101	1.13031736310276	2.69069374570038	0.117151945049904	0.194238412011015	0.274065434060097	0.130508348434991	0.152559322588595
"Calliphlox_amethystina"	0.323623025122192	0.215371028414171	0.219345197061687	0.110801755151005	0.143245579812556	1.33793558849052	0.458819682793048	0.215371028414171	0.0527183752724567	0.163520130423462	0.163520130423462	0.0527183752724567	1.22713383333951	0.0527183752724567	0.230448435514264	1.10801755151005	0.585759725249519	1.95359090154994	1.16005975880681	0.124055703640501	0.0582521445219945	0.0429736739437669
"Chlorostilbon_aureoventris"	0.357712214185652	0.238057373749552	0.242450165844346	0.122473180503017	0.158334511296623	1.10464813835231	0.756630210710264	0.238057373749552	0.0582715236033046	0.180744704106321	0.180744704106321	0.0582715236033046	0.98217495784929	0.0582715236033046	0.254722976192135	1.22473180503017	0.647461373370051	0.773373172537873	2.11385676735749	0.137123248306721	0.0643881985534173	0.047500353388987
"Phaethornis_pretrei"	1.24059771834559	0.365289785526916	0.917353238968109	0.119692691194378	0.336434375797998	0.237223219570628	0.181398152932402	0.365289785526916	0.123329445327044	0.243022136521421	0.243022136521421	0.123329445327044	0.11753052837625	0.123329445327044	0.543411773357755	1.19692691194378	1.37032717030049	0.124055703640501	0.205684872460082	1.49851356099264	0.223307589302206	0.100930312739399
"Amazilia_fimbriata"	1.76312676637379	0.376523399849254	0.430841202190431	0.112406858226953	0.361803481674384	0.222783166994824	0.170356236925029	0.376523399849254	0.117457513591492	0.229864371818445	0.229864371818445	0.117457513591492	0.110376308767871	0.117457513591492	0.651817902359151	1.12406858226953	1.30508348434991	0.116504289043989	0.193164595660252	0.446615178604412	1.31736281794728	0.108541044502315
"Amazilia_lactea"	0.603005802790641	0.414481581273097	0.311065269921612	0.0829245981264165	1.68706436047491	0.164351222725895	0.125674916176505	0.414481581273097	0.137303390329736	0.220227988456152	0.220227988456152	0.137303390329736	0.0814266245994786	0.137303390329736	0.863349301408645	0.829245981264165	1.52559322588595	0.0859473478875339	0.142501060166961	0.201860625478799	0.108541044502315	1.50611930814247
